9.717836958641257183e-03
2.617999146316662973e-03
-1.254639584171712841e-03
2.617999146316662973e-03
6.490637930612663808e-03
5.199758329867520956e-03
-1.222711569515944063e-02
-7.709037348789138377e-03
1.359047584163342037e-02
7.781517537337023782e-03
-1.480887471738512318e-02
6.816797743471880722e-04
1.488135548126479080e-02
-6.091997994932540905e-04
-1.287255545295451498e-02
7.136077733226997566e-03
1.294503602406038567e-02
-5.127278260866674486e-03
-1.287255545295451498e-02
3.623998668089711828e-05
1.036327676873405323e-02
-5.127278260866674486e-03
-6.091997994932540905e-04
2.133575376920759936e-02
6.490637930612663808e-03
-6.418157807816626814e-03
-6.091997994932540905e-04
5.845198129492246153e-03
2.617999146316662973e-03
-6.418157807816626814e-03
-6.091997994932540905e-04
9.717836958641257183e-03
6.816797743471880722e-04
-1.287255545295451498e-02
-4.481838485151712348e-03
7.136077733226997566e-03
1.327119563509171485e-03
-6.418157807816626814e-03
2.617999146316662973e-03
-4.481838485151712348e-03
-1.997239269019956964e-02
-6.091997994932540905e-04
1.875399443606973193e-02
5.845198129492246153e-03
-1.351799520925744957e-02
-5.127278260866674486e-03
3.263438939962171048e-03
3.908878735101595225e-03
5.199758329867520956e-03
7.781517537337023782e-03
4.554318531736711861e-03
-5.772718035087720523e-03
-1.158167593587222655e-02
-2.545519149045105678e-03
2.617999146316662973e-03
-7.063597579049840647e-03
-9.645356649048864028e-03
6.490637930612663808e-03
3.263438939962171048e-03
-5.772718035087720523e-03
3.263438939962171048e-03
1.746311477848294658e-02
5.845198129492246153e-03
-5.772718035087720523e-03
-3.836398707944610464e-03
1.327119563509171485e-03
-1.545431446920808582e-02
-5.127278260866674486e-03
4.554318531736711861e-03
2.617999146316662973e-03
-5.127278260866674486e-03
-9.645356649048864028e-03
3.263438939962171048e-03
3.263438939962171048e-03
-8.354477117036296363e-03
6.816797743471880722e-04
5.845198129492246153e-03
1.327119563509171485e-03
-5.127278260866674486e-03
-2.545519149045105678e-03
1.552679530332490287e-02
2.617999146316662973e-03
-1.029079641281605006e-02
6.816797743471880722e-04
3.623998668089711828e-05
-7.063597579049840647e-03
-1.351799520925744957e-02
3.623998668089711828e-05
1.036327676873405323e-02
-1.254639584171712841e-03
5.199758329867520956e-03
5.845198129492246153e-03
-1.609975421954246144e-02
-2.061783243008719069e-02
-1.900079367356255489e-03
5.199758329867520956e-03
3.623998668089711828e-05
-4.481838485151712348e-03
3.623998668089711828e-05
-5.127278260866674486e-03
-9.645356649048864028e-03
-5.127278260866674486e-03
9.072397150044153591e-03
1.617223512688070741e-02
3.623998668089711828e-05
-1.029079641281605006e-02
-1.254639584171712841e-03
1.327119563509171485e-03
-7.063597579049840647e-03
1.972559354165070999e-03
1.423591566070037118e-02
1.327119563509171485e-03
-1.222711569515944063e-02
9.072397150044153591e-03
2.391751312629786241e-02
7.136077733226997566e-03
-1.158167593587222655e-02
2.617999146316662973e-03
-2.545519149045105678e-03
-1.416343496406646807e-02
-1.254639584171712841e-03
9.072397150044153591e-03
3.623998668089711828e-05
-8.354477117036296363e-03
2.617999146316662973e-03
7.136077733226997566e-03
-2.545519149045105678e-03
-2.545519149045105678e-03
5.199758329867520956e-03
4.554318531736711861e-03
-1.900079367356255489e-03
1.972559354165070999e-03
4.554318531736711861e-03
-8.354477117036296363e-03
-3.190958929241816122e-03
-6.091997994932540905e-04
-5.772718035087720523e-03
-5.772718035087720523e-03
-2.545519149045105678e-03
-7.709037348789138377e-03
3.623998668089711828e-05
1.100871658032254174e-02
-5.127278260866674486e-03
-6.418157807816626814e-03
5.199758329867520956e-03
6.816797743471880722e-04
-6.091997994932540905e-04
6.490637930612663808e-03
3.908878735101595225e-03
-4.481838485151712348e-03
-2.545519149045105678e-03
4.554318531736711861e-03
1.746311477848294658e-02
6.816797743471880722e-04
-5.772718035087720523e-03
3.263438939962171048e-03
-4.481838485151712348e-03
-8.354477117036296363e-03
6.490637930612663808e-03
1.229959620798481978e-02
-3.190958929241816122e-03
-1.287255545295451498e-02
-6.091997994932540905e-04
1.972559354165070999e-03
-8.999916883789538247e-03
-9.645356649048864028e-03
1.327119563509171485e-03
6.490637930612663808e-03
-6.418157807816626814e-03
-8.354477117036296363e-03
1.100871658032254174e-02
1.165415639340494636e-02
-2.545519149045105678e-03
-1.029079641281605006e-02
-1.254639584171712841e-03
-5.127278260866674486e-03
-1.739063371572946437e-02
-6.418157807816626814e-03
3.908878735101595225e-03
-3.836398707944610464e-03
1.972559354165070999e-03
1.488135548126479080e-02
1.359047584163342037e-02
-3.190958929241816122e-03
-5.127278260866674486e-03
5.199758329867520956e-03
-3.190958929241816122e-03
-1.222711569515944063e-02
-7.063597579049840647e-03
4.554318531736711861e-03
-2.545519149045105678e-03
-1.803607346158386804e-02
-1.222711569515944063e-02
-1.351799520925744957e-02
-2.771766947041243156e-02
-1.868151320594968468e-02
2.617999146316662973e-03
6.490637930612663808e-03
-7.063597579049840647e-03
-6.418157807816626814e-03
1.229959620798481978e-02
7.136077733226997566e-03
-3.836398707944610464e-03
3.908878735101595225e-03
1.810855460652938120e-02
7.781517537337023782e-03
-2.545519149045105678e-03
2.617999146316662973e-03
1.359047584163342037e-02
6.490637930612663808e-03
-1.158167593587222655e-02
-1.609975421954246144e-02
-2.545519149045105678e-03
1.327119563509171485e-03
-7.709037348789138377e-03
-1.900079367356255489e-03
1.100871658032254174e-02
-1.254639584171712841e-03
-7.709037348789138377e-03
1.229959620798481978e-02
1.100871658032254174e-02
-1.222711569515944063e-02
-4.481838485151712348e-03
3.908878735101595225e-03
-7.709037348789138377e-03
-1.416343496406646807e-02
-4.481838485151712348e-03
5.845198129492246153e-03
-3.836398707944610464e-03
-6.418157807816626814e-03
3.263438939962171048e-03
6.490637930612663808e-03
1.972559354165070999e-03
-1.900079367356255489e-03
3.623998668089711828e-05
-6.091997994932540905e-04
-5.772718035087720523e-03
-3.190958929241816122e-03
4.554318531736711861e-03
6.490637930612663808e-03
-7.063597579049840647e-03
-1.029079641281605006e-02
7.136077733226997566e-03
1.036327676873405323e-02
1.972559354165070999e-03
3.908878735101595225e-03
1.100871658032254174e-02
-7.709037348789138377e-03
-1.868151320594968468e-02
-1.900079367356255489e-03
9.072397150044153591e-03
-7.709037348789138377e-03
-8.354477117036296363e-03
6.490637930612663808e-03
-3.190958929241816122e-03
-1.093623617509109636e-02
-6.091997994932540905e-04
1.423591566070037118e-02
1.165415639340494636e-02
6.816797743471880722e-04
-3.836398707944610464e-03
-5.127278260866674486e-03
-3.190958929241816122e-03
-5.127278260866674486e-03
6.490637930612663808e-03
1.100871658032254174e-02
-7.709037348789138377e-03
-1.480887471738512318e-02
8.426957342944518814e-03
3.263438939962171048e-03
-8.354477117036296363e-03
-6.418157807816626814e-03
6.490637930612663808e-03
5.845198129492246153e-03
-1.674519396838292096e-02
-6.091997994932540905e-04
1.229959620798481978e-02
9.717836958641257183e-03
-1.900079367356255489e-03
-1.158167593587222655e-02
-6.418157807816626814e-03
3.623998668089711828e-05
-6.091997994932540905e-04
-1.900079367356255489e-03
5.845198129492246153e-03
2.617999146316662973e-03
-1.287255545295451498e-02
-4.481838485151712348e-03
1.100871658032254174e-02
6.816797743471880722e-04
-5.127278260866674486e-03
5.199758329867520956e-03
1.327119563509171485e-03
-1.351799520925744957e-02
2.617999146316662973e-03
2.391751312629786241e-02
6.490637930612663808e-03
-1.287255545295451498e-02
-5.772718035087720523e-03
-1.416343496406646807e-02
-4.514454144115731538e-02
-7.225300679467494547e-02
-7.999828212846971098e-02
-1.006523486406791790e-01
-1.309880060804218260e-01
-1.400241587288970635e-01
-1.451876743980520246e-01
-1.574510237337509722e-01
-1.671326149385166104e-01
-1.664871755351828853e-01
-1.574510237337509722e-01
-1.580964631577206347e-01
-1.645508573163390054e-01
-1.742324482779711303e-01
-1.748778876636301050e-01
-1.813322814392552829e-01
-1.955319472277441406e-01
-1.929501898645931135e-01
-1.974682652346739786e-01
-2.297402300713446976e-01
-2.491034072140845268e-01
-2.613667520566185232e-01
-2.865388792915339877e-01
-3.278469807186041862e-01
-3.407557611928844210e-01
-3.426920782139308841e-01
-3.685096372472784765e-01
-3.730277098397571933e-01
-3.349468100513490754e-01
-2.936387096488388693e-01
-2.813753661935756156e-01
-2.852480010257973930e-01
-2.846025618907397359e-01
-2.665302655166481571e-01
-2.652393871604079578e-01
-2.652393871604079578e-01
-2.413581365151227232e-01
-2.387763795686268509e-01
-2.607213128675383018e-01
-2.704029005503123528e-01
-2.658848263392599165e-01
-2.691120222116012428e-01
-2.710483397174776599e-01
-2.587849952915295404e-01
-2.336128656053375607e-01
-2.497488464294868038e-01
-2.626576304303949172e-01
-2.503942856434253628e-01
-2.549123601000360395e-01
-2.600758736769961388e-01
-2.484579679972203081e-01
-2.355491833525586998e-01
-2.420035757480878402e-01
-2.613667520566185232e-01
-2.574941169002133989e-01
-2.523306032764622842e-01
-2.516851640669131029e-01
-2.471670895591024930e-01
-2.394218188074486164e-01
-2.432944542096233675e-01
-2.555577993022737360e-01
-2.574941169002133989e-01
-2.465216503378471202e-01
-2.478125287788923714e-01
-2.587849952915295404e-01
-2.600758736769961388e-01
-2.497488464294868038e-01
-2.523306032764622842e-01
-2.549123601000360395e-01
-2.478125287788923714e-01
-2.368400618433792459e-01
-2.407126972806956644e-01
-2.529760424845513000e-01
-2.536214816911748215e-01
-2.426490149795856865e-01
-2.581395560966015523e-01
-2.671757046925780088e-01
-2.536214816911748215e-01
-2.581395560966015523e-01
-2.762118530022359408e-01
-2.749209746898060303e-01
-2.568486777023615275e-01
-2.587849952915295404e-01
-2.775027313088269665e-01
-2.813753661935756156e-01
-2.729846572102125890e-01
-2.755664138467501800e-01
-2.846025618907397359e-01
-2.749209746898060303e-01
-2.555577993022737360e-01
-2.613667520566185232e-01
-2.736300963715354584e-01
-2.613667520566185232e-01
-2.510397248559002037e-01
-2.671757046925780088e-01
-2.710483397174776599e-01
-2.645939479800958338e-01
-2.652393871604079578e-01
-2.794390487577675941e-01
-2.691120222116012428e-01
-2.658848263392599165e-01
-2.781481704599340077e-01
-2.929932705327367159e-01
-2.833116836162492547e-01
-2.652393871604079578e-01
-2.775027313088269665e-01
-2.878297575514405793e-01
-2.826662444768164306e-01
-2.820208053359252176e-01
-2.813753661935756156e-01
-2.775027313088269665e-01
-2.574941169002133989e-01
-2.639485087983235445e-01
-2.826662444768164306e-01
-2.865388792915339877e-01
-2.858934401593948849e-01
-3.007385398297870438e-01
-3.355922490728833196e-01
-3.601189308158296853e-01
-3.594734918494228992e-01
-3.568917359693024594e-01
-3.543099800659899046e-01
-3.355922490728833196e-01
-3.097746870779225503e-01
-3.213925902635264009e-01
-3.601189308158296853e-01
-3.781912212871674228e-01
-3.685096372472784765e-01
-3.627006866669670870e-01
-3.478555902062048233e-01
-3.194562730986536536e-01
-3.142927605949985548e-01
-3.259106635973427757e-01
-3.207471512100230626e-01
-3.110655652329334941e-01
-3.162290777947802667e-01
-3.304287368599414521e-01
-3.310741758916435629e-01
-3.117110043082575999e-01
-3.078383698344886454e-01
-3.265561026392163058e-01
-3.097746870779225503e-01
-2.897660749303607730e-01
-3.033202962155190363e-01
-3.149381996630484792e-01
-3.020294180255671534e-01
-2.852480010257973930e-01
-2.923478314151779500e-01
-2.962204660986742510e-01
-2.878297575514405793e-01
-2.891206358055118386e-01
-2.949295878766715617e-01
-2.833116836162492547e-01
-2.736300963715354584e-01
-2.800844879044959157e-01
-2.942841487634844100e-01
-2.826662444768164306e-01
-2.671757046925780088e-01
-2.897660749303607730e-01
-3.033202962155190363e-01
-2.871843184222164780e-01
-2.878297575514405793e-01
-2.917023922961590188e-01
-2.884751966792045152e-01
-2.813753661935756156e-01
-2.891206358055118386e-01
-3.078383698344886454e-01
-3.020294180255671534e-01
-2.839571227542236898e-01
-2.904115140537513184e-01
-3.052566134895275951e-01
-2.871843184222164780e-01
-2.794390487577675941e-01
-2.865388792915339877e-01
-2.865388792915339877e-01
-2.878297575514405793e-01
-2.884751966792045152e-01
-2.871843184222164780e-01
-2.878297575514405793e-01
-2.846025618907397359e-01
-2.865388792915339877e-01
-2.981567834207492496e-01
-2.871843184222164780e-01
-2.826662444768164306e-01
-2.988022225251931729e-01
-2.994476616281822601e-01
-2.852480010257973930e-01
-2.871843184222164780e-01
-2.988022225251931729e-01
-3.007385398297870438e-01
-2.878297575514405793e-01
-2.781481704599340077e-01
-2.742755355314017152e-01
-2.600758736769961388e-01
-2.368400618433792459e-01
-2.407126972806956644e-01
-2.497488464294868038e-01
-2.355491833525586998e-01
-2.207040802868220908e-01
-2.278039122845623154e-01
-2.303856693306727266e-01
-2.194132017227126141e-01
-2.142496874076051938e-01
-2.148951267021281808e-01
-2.129588088141556312e-01
-2.129588088141556312e-01
-2.123133695152290557e-01
-2.226403981219817751e-01
-2.245767159439466809e-01
-2.032772191761136327e-01
-2.019863405327448902e-01
-2.200586410055009878e-01
-2.284493515482886039e-01
-2.232858373974373478e-01
-2.213495195666741466e-01
-2.174768838655509740e-01
-1.961773865648570592e-01
-1.961773865648570592e-01
-2.052135371301524458e-01
-2.071498550709733877e-01
-1.981137045673779795e-01
-1.819777208087227649e-01
-2.045680978136079631e-01
-2.129588088141556312e-01
-1.903684324779213455e-01
-1.832685995432434822e-01
-1.748778876636301050e-01
-1.497057505310674941e-01
-1.277608086357773232e-01
-1.296971271069971010e-01
-1.413150376550440512e-01
-1.348606429652239314e-01
-1.290516876180696215e-01
-1.322788850479330591e-01
-1.309880060804218260e-01
-1.174337765645088183e-01
-1.109793813276365171e-01
-1.154974580089866976e-01
-1.096885022624984884e-01
-9.936146952814617350e-02
-9.613427172087618544e-02
-9.807059040968368890e-02
-9.484339258759355573e-02
-8.451635930780199146e-02
-9.097075515216346275e-02
-1.006523486406791790e-01
-9.742515084822933602e-02
-8.580723848854177049e-02
-9.355251344838144689e-02
-9.677971128529350153e-02
-7.999828212846971098e-02
-7.999828212846971098e-02
-9.226163430323630621e-02
-8.516179889891262178e-02
-7.677108409870569972e-02
-7.225300679467494547e-02
-7.870740292101707780e-02
-7.999828212846971098e-02
-6.515317088414462887e-02
-7.483476526303078913e-02
-7.935284252548591155e-02
-6.708948978666384733e-02
-7.160756717387428694e-02
-8.451635930780199146e-02
-8.387091971520632683e-02
-6.515317088414462887e-02
-6.321685196824944342e-02
-8.064372172997025245e-02
-7.483476526303078913e-02
-5.095349852349073672e-02
-5.934421409632228972e-02
-7.999828212846971098e-02
-7.418932564817026787e-02
-5.998965374535991657e-02
-6.450773124699793470e-02
-6.579861051980451236e-02
-5.740789514028676876e-02
-4.578998112292609335e-02
-5.353525718806118050e-02
-6.386229160836798258e-02
-5.805333479378660400e-02
-6.773492941786507515e-02
-6.838036904758126866e-02
-6.063509339291073275e-02
-5.934421409632228972e-02
-5.159893819186578412e-02
-6.128053303897651460e-02
-5.676245548530189922e-02
-4.772630015930090508e-02
-5.805333479378660400e-02
-5.676245548530189922e-02
-4.643542080320450793e-02
-5.030805885362887864e-02
-5.805333479378660400e-02
-5.547157617086817538e-02
-4.449910175789995037e-02
-5.095349852349073672e-02
-5.676245548530189922e-02
-5.353525718806118050e-02
-5.030805885362887864e-02
-4.901717950944117774e-02
-5.418069685048365614e-02
-6.386229160836798258e-02
-5.418069685048365614e-02
-5.159893819186578412e-02
-5.740789514028676876e-02
-4.127190331927899081e-02
-3.804470484343092096e-02
-4.772630015930090508e-02
-4.514454144115731538e-02
-3.998102393340907668e-02
-4.708086048199788820e-02
-6.128053303897651460e-02
-5.095349852349073672e-02
-4.320822238691945927e-02
-5.418069685048365614e-02
-5.224437785875224449e-02
-4.320822238691945927e-02
-3.352662691467678258e-02
-3.869014454157948535e-02
-4.062646362708832726e-02
-3.094486806546470348e-02
-3.675382544266447837e-02
-5.159893819186578412e-02
-4.837173983511533493e-02
-3.288118720461064015e-02
-3.610838574004660018e-02
-3.739926514379199318e-02
-3.029942834943533114e-02
-3.094486806546470348e-02
-4.514454144115731538e-02
-4.385366207315399834e-02
-2.965398863191737178e-02
-3.094486806546470348e-02
-3.933558423823946271e-02
-4.256278269919455681e-02
-3.610838574004660018e-02
-3.804470484343092096e-02
-4.772630015930090508e-02
-4.256278269919455681e-02
-2.449047083809041681e-02
-3.223574749305058162e-02
-4.514454144115731538e-02
-3.223574749305058162e-02
-3.352662691467678258e-02
-4.578998112292609335e-02
-3.610838574004660018e-02
-3.352662691467678258e-02
-3.675382544266447837e-02
-4.191734300998284368e-02
-4.127190331927899081e-02
-2.965398863191737178e-02
-2.707222974693124229e-02
-3.094486806546470348e-02
-2.900854891290549631e-02
-3.933558423823946271e-02
-4.578998112292609335e-02
-3.610838574004660018e-02
-2.319959137472160648e-02
-2.449047083809041681e-02
-3.288118720461064015e-02
-3.804470484343092096e-02
-3.352662691467678258e-02
-2.900854891290549631e-02
-3.352662691467678258e-02
-3.159030778000371242e-02
-2.190871190538778990e-02
-2.255415164080076806e-02
-3.288118720461064015e-02
-3.998102393340907668e-02
-3.352662691467678258e-02
-2.965398863191737178e-02
-2.384503110715030516e-02
-2.513591056753661235e-02
-2.900854891290549631e-02
-3.029942834943533114e-02
-3.417206662325433797e-02
-3.739926514379199318e-02
-3.094486806546470348e-02
-3.288118720461064015e-02
-3.610838574004660018e-02
-2.965398863191737178e-02
-2.771766947041243156e-02
-3.094486806546470348e-02
-3.223574749305058162e-02
-2.061783243008719069e-02
-2.061783243008719069e-02
-3.481750633034152997e-02
-3.094486806546470348e-02
-2.384503110715030516e-02
-2.965398863191737178e-02
-3.094486806546470348e-02
-2.642679002195613691e-02
-1.997239269019956964e-02
-2.513591056753661235e-02
-3.546294603593835859e-02
-2.707222974693124229e-02
-2.449047083809041681e-02
-3.094486806546470348e-02
-3.094486806546470348e-02
-2.126327216848267199e-02
-3.288118720461064015e-02
-4.062646362708832726e-02
-2.900854891290549631e-02
-2.707222974693124229e-02
-2.965398863191737178e-02
-2.836310919240503381e-02
-1.932695294881980885e-02
-2.642679002195613691e-02
-2.771766947041243156e-02
-2.319959137472160648e-02
-1.674519396838292096e-02
-2.578135029549244450e-02
-3.804470484343092096e-02
-2.578135029549244450e-02
-9.645356649048864028e-03
-1.932695294881980885e-02
-2.578135029549244450e-02
-1.674519396838292096e-02
-1.609975421954246144e-02
-2.836310919240503381e-02
-2.900854891290549631e-02
-2.126327216848267199e-02
-1.803607346158386804e-02
-2.965398863191737178e-02
-3.159030778000371242e-02
-1.932695294881980885e-02
-1.287255545295451498e-02
-2.319959137472160648e-02
-2.190871190538778990e-02
-1.997239269019956964e-02
-2.449047083809041681e-02
-2.642679002195613691e-02
-2.061783243008719069e-02
-1.868151320594968468e-02
-2.384503110715030516e-02
-2.126327216848267199e-02
-1.287255545295451498e-02
-1.287255545295451498e-02
-1.932695294881980885e-02
-2.190871190538778990e-02
-1.545431446920808582e-02
-1.739063371572946437e-02
-2.449047083809041681e-02
-2.126327216848267199e-02
-1.351799520925744957e-02
-1.997239269019956964e-02
-3.546294603593835859e-02
-3.869014454157948535e-02
-1.932695294881980885e-02
-2.255415164080076806e-02
-3.417206662325433797e-02
-2.384503110715030516e-02
-2.255415164080076806e-02
-2.836310919240503381e-02
-2.190871190538778990e-02
-8.999916883789538247e-03
-1.158167593587222655e-02
-1.997239269019956964e-02
-1.480887471738512318e-02
-9.645356649048864028e-03
-2.578135029549244450e-02
-3.288118720461064015e-02
-2.190871190538778990e-02
-1.093623617509109636e-02
-1.868151320594968468e-02
-2.255415164080076806e-02
-1.158167593587222655e-02
-1.351799520925744957e-02
-3.869014454157948535e-02
-3.029942834943533114e-02
-7.063597579049840647e-03
-1.093623617509109636e-02
-3.288118720461064015e-02
-2.836310919240503381e-02
-1.803607346158386804e-02
-2.513591056753661235e-02
-2.449047083809041681e-02
-1.029079641281605006e-02
-1.222711569515944063e-02
-2.449047083809041681e-02
-2.642679002195613691e-02
-1.609975421954246144e-02
-1.997239269019956964e-02
-2.965398863191737178e-02
-1.739063371572946437e-02
-4.481838485151712348e-03
-1.609975421954246144e-02
-3.029942834943533114e-02
-2.061783243008719069e-02
-1.932695294881980885e-02
-2.061783243008719069e-02
-1.932695294881980885e-02
-1.480887471738512318e-02
-1.287255545295451498e-02
-1.803607346158386804e-02
-1.545431446920808582e-02
-3.836398707944610464e-03
-2.545519149045105678e-03
-1.222711569515944063e-02
-1.932695294881980885e-02
-2.384503110715030516e-02
-2.190871190538778990e-02
-1.997239269019956964e-02
-8.999916883789538247e-03
-6.091997994932540905e-04
-1.480887471738512318e-02
-2.836310919240503381e-02
-1.997239269019956964e-02
-1.093623617509109636e-02
-1.674519396838292096e-02
-2.190871190538778990e-02
-1.158167593587222655e-02
-1.351799520925744957e-02
-2.900854891290549631e-02
-2.513591056753661235e-02
-1.480887471738512318e-02
-2.255415164080076806e-02
-2.255415164080076806e-02
-1.029079641281605006e-02
-8.354477117036296363e-03
-1.545431446920808582e-02
-1.674519396838292096e-02
-9.645356649048864028e-03
-7.709037348789138377e-03
-1.674519396838292096e-02
-1.997239269019956964e-02
-5.127278260866674486e-03
-7.709037348789138377e-03
-2.126327216848267199e-02
-2.319959137472160648e-02
-1.029079641281605006e-02
-1.480887471738512318e-02
-1.674519396838292096e-02
-6.418157807816626814e-03
-7.063597579049840647e-03
-2.061783243008719069e-02
-3.159030778000371242e-02
-2.319959137472160648e-02
-3.836398707944610464e-03
-8.354477117036296363e-03
-1.222711569515944063e-02
-5.127278260866674486e-03
-1.093623617509109636e-02
-2.642679002195613691e-02
-1.997239269019956964e-02
-1.029079641281605006e-02
-1.480887471738512318e-02
-2.449047083809041681e-02
-1.674519396838292096e-02
-8.999916883789538247e-03
-1.222711569515944063e-02
-1.868151320594968468e-02
-1.158167593587222655e-02
-6.418157807816626814e-03
-1.997239269019956964e-02
-2.061783243008719069e-02
-5.127278260866674486e-03
-5.772718035087720523e-03
-2.190871190538778990e-02
-1.997239269019956964e-02
-1.093623617509109636e-02
-1.287255545295451498e-02
-2.061783243008719069e-02
-2.190871190538778990e-02
-1.609975421954246144e-02
-1.480887471738512318e-02
-1.545431446920808582e-02
-9.645356649048864028e-03
-1.287255545295451498e-02
-1.997239269019956964e-02
-1.287255545295451498e-02
-6.091997994932540905e-04
-1.029079641281605006e-02
-2.771766947041243156e-02
-1.803607346158386804e-02
-7.063597579049840647e-03
