-1.071242368291436264e-02
-1.006698338855116504e-02
9.055018485053523136e-04
9.055018485053523136e-04
6.714464799237873649e-03
1.445974892555668134e-02
1.550942170272406884e-03
-5.548901285397533911e-03
6.714464799237873649e-03
6.069024465285011161e-03
-1.676259423327053355e-03
-1.006698338855116504e-02
-9.421543092665629615e-03
3.487263144707597462e-03
6.069024465285011161e-03
9.055018485053523136e-04
6.714464799237873649e-03
6.714464799237873649e-03
7.359905134714850305e-03
9.296226150290465284e-03
4.778143801949852332e-03
-6.194341590415319843e-03
-1.329418484515265675e-02
-4.903460978859186525e-03
7.359905134714850305e-03
6.069024465285011161e-03
-3.612580361213701963e-03
-6.839781893908991606e-03
-8.776102795259532741e-03
-9.421543092665629615e-03
6.069024465285011161e-03
9.296226150290465284e-03
-1.676259423327053355e-03
-1.200330426707729714e-02
-1.200330426707729714e-02
3.487263144707597462e-03
5.423584132856262841e-03
9.296226150290465284e-03
5.423584132856262841e-03
2.196382493560022908e-03
2.600615282641882686e-04
-9.421543092665629615e-03
-2.967140050108341143e-03
8.650785810241146123e-03
4.132703472567555991e-03
2.841822818373529458e-03
8.650785810241146123e-03
-5.548901285397533911e-03
-1.523050570085615618e-02
9.055018485053523136e-04
1.575062963461881793e-02
8.650785810241146123e-03
-2.967140050108341143e-03
-1.030819107654679101e-03
-1.030819107654679101e-03
-1.135786397575699880e-02
-4.258020670796724971e-03
1.381430857331089612e-02
1.187798752572710725e-02
2.196382493560022908e-03
2.196382493560022908e-03
1.187798752572710725e-02
2.196382493560022908e-03
-6.839781893908991606e-03
8.650785810241146123e-03
1.704151034978096391e-02
2.196382493560022908e-03
-3.612580361213701963e-03
2.841822818373529458e-03
-3.853787904564143219e-04
-3.612580361213701963e-03
6.069024465285011161e-03
2.026871216437520218e-02
-2.967140050108341143e-03
-1.393962513190771801e-02
1.550942170272406884e-03
2.196382493560022908e-03
9.055018485053523136e-04
-1.676259423327053355e-03
4.778143801949852332e-03
-1.030819107654679101e-03
-1.264874455687525767e-02
-3.853787904564143219e-04
1.381430857331089612e-02
1.058710683495966975e-02
-9.421543092665629615e-03
-6.839781893908991606e-03
4.132703472567555991e-03
-1.030819107654679101e-03
-5.548901285397533911e-03
4.778143801949852332e-03
1.187798752572710725e-02
-1.676259423327053355e-03
-1.393962513190771801e-02
-6.194341590415319843e-03
-2.967140050108341143e-03
-4.258020670796724971e-03
2.196382493560022908e-03
1.123254717958133142e-02
3.487263144707597462e-03
-1.006698338855116504e-02
-6.194341590415319843e-03
1.550942170272406884e-03
1.550942170272406884e-03
1.550942170272406884e-03
8.650785810241146123e-03
1.316886822259277778e-02
-1.006698338855116504e-02
-8.776102795259532741e-03
1.252342787339699726e-02
4.778143801949852332e-03
-1.071242368291436264e-02
-5.548901285397533911e-03
5.423584132856262841e-03
1.550942170272406884e-03
-1.393962513190771801e-02
-1.393962513190771801e-02
5.423584132856262841e-03
1.123254717958133142e-02
6.069024465285011161e-03
5.423584132856262841e-03
-1.030819107654679101e-03
-5.548901285397533911e-03
7.359905134714850305e-03
9.941666491862122257e-03
4.778143801949852332e-03
-7.485222195880325557e-03
-4.258020670796724971e-03
1.252342787339699726e-02
2.196382493560022908e-03
-4.903460978859186525e-03
-2.967140050108341143e-03
-1.676259423327053355e-03
2.600615282641882686e-04
-2.321699737478866155e-03
4.778143801949852332e-03
1.575062963461881793e-02
-8.776102795259532741e-03
-5.548901285397533911e-03
2.414135439223308310e-02
9.941666491862122257e-03
-1.006698338855116504e-02
-2.321699737478866155e-03
6.069024465285011161e-03
-3.853787904564143219e-04
4.132703472567555991e-03
8.650785810241146123e-03
6.714464799237873649e-03
-8.130662496331098055e-03
-1.264874455687525767e-02
9.055018485053523136e-04
4.132703472567555991e-03
-1.135786397575699880e-02
-1.135786397575699880e-02
6.069024465285011161e-03
-8.776102795259532741e-03
-1.135786397575699880e-02
8.650785810241146123e-03
6.714464799237873649e-03
-8.130662496331098055e-03
-1.135786397575699880e-02
4.132703472567555991e-03
1.123254717958133142e-02
-2.321699737478866155e-03
-4.903460978859186525e-03
3.487263144707597462e-03
9.055018485053523136e-04
-8.776102795259532741e-03
-1.135786397575699880e-02
-2.967140050108341143e-03
4.132703472567555991e-03
-4.903460978859186525e-03
-8.130662496331098055e-03
8.005345471715941130e-03
-1.030819107654679101e-03
-3.853787904564143219e-04
2.155959290089271008e-02
2.091415253187101086e-02
-2.321699737478866155e-03
-1.071242368291436264e-02
4.132703472567555991e-03
1.058710683495966975e-02
1.550942170272406884e-03
-7.485222195880325557e-03
1.550942170272406884e-03
6.069024465285011161e-03
-1.071242368291436264e-02
-4.903460978859186525e-03
8.005345471715941130e-03
-4.258020670796724971e-03
-5.548901285397533911e-03
1.058710683495966975e-02
9.941666491862122257e-03
-2.967140050108341143e-03
-2.967140050108341143e-03
9.055018485053523136e-04
1.058710683495966975e-02
2.600615282641882686e-04
6.069024465285011161e-03
2.841822818373529458e-03
8.650785810241146123e-03
-6.194341590415319843e-03
2.600615282641882686e-04
1.510518927932480437e-02
3.487263144707597462e-03
-2.967140050108341143e-03
1.550942170272406884e-03
-4.903460978859186525e-03
-1.071242368291436264e-02
-4.258020670796724971e-03
5.423584132856262841e-03
2.196382493560022908e-03
-9.421543092665629615e-03
-2.967140050108341143e-03
1.187798752572710725e-02
5.423584132856262841e-03
-6.194341590415319843e-03
-1.676259423327053355e-03
6.069024465285011161e-03
-7.485222195880325557e-03
-1.264874455687525767e-02
2.600615282641882686e-04
1.252342787339699726e-02
-3.853787904564143219e-04
-4.903460978859186525e-03
1.252342787339699726e-02
9.941666491862122257e-03
2.196382493560022908e-03
-2.321699737478866155e-03
3.487263144707597462e-03
2.196382493560022908e-03
-1.135786397575699880e-02
-1.329418484515265675e-02
-1.393962513190771801e-02
-6.839781893908991606e-03
-1.676259423327053355e-03
-1.030819107654679101e-03
-3.612580361213701963e-03
-1.006698338855116504e-02
1.550942170272406884e-03
1.704151034978096391e-02
1.252342787339699726e-02
-4.903460978859186525e-03
-5.548901285397533911e-03
3.487263144707597462e-03
-3.853787904564143219e-04
-1.676259423327053355e-03
8.005345471715941130e-03
8.005345471715941130e-03
-9.421543092665629615e-03
-4.903460978859186525e-03
1.381430857331089612e-02
1.252342787339699726e-02
6.714464799237873649e-03
2.600615282641882686e-04
-4.258020670796724971e-03
-6.194341590415319843e-03
-9.421543092665629615e-03
-3.853787904564143219e-04
8.650785810241146123e-03
-6.194341590415319843e-03
4.132703472567555991e-03
3.487263144707597462e-03
-2.321699737478866155e-03
6.069024465285011161e-03
-7.485222195880325557e-03
-1.676259423327053355e-03
4.132703472567555991e-03
-2.321699737478866155e-03
1.550942170272406884e-03
6.069024465285011161e-03
1.550942170272406884e-03
-6.839781893908991606e-03
-2.321699737478866155e-03
6.714464799237873649e-03
9.055018485053523136e-04
-8.776102795259532741e-03
-6.194341590415319843e-03
9.055018485053523136e-04
4.778143801949852332e-03
4.778143801949852332e-03
2.091415253187101086e-02
1.962327179840706037e-02
1.550942170272406884e-03
1.550942170272406884e-03
1.550942170272406884e-03
-1.135786397575699880e-02
-3.853787904564143219e-04
8.650785810241146123e-03
6.714464799237873649e-03
-3.853787904564143219e-04
-1.030819107654679101e-03
1.445974892555668134e-02
9.941666491862122257e-03
-4.258020670796724971e-03
-4.258020670796724971e-03
4.778143801949852332e-03
9.941666491862122257e-03
-6.194341590415319843e-03
-2.233034872133643489e-02
-3.136651229957365672e-02
-5.718412088333835186e-02
-8.235628691743457352e-02
-9.268332872714069026e-02
-9.655596930601717531e-02
-1.217281317437493016e-01
-1.275370919804750258e-01
-1.210826917099101507e-01
-1.327006120884224316e-01
-1.572273312853962324e-01
-1.591636511294964862e-01
-1.475457318619302072e-01
-1.520638116349886104e-01
-1.694906900696224739e-01
-1.720724497445758061e-01
-1.701361299906132274e-01
-1.843358078726460292e-01
-1.901447667969353716e-01
-1.901447667969353716e-01
-1.985354850287777140e-01
-2.082170826740252778e-01
-2.114442818142538982e-01
-1.991809248822775658e-01
-2.017626842812969556e-01
-2.101534021626516591e-01
-1.972446053172838276e-01
-1.888538870464770980e-01
-2.082170826740252778e-01
-2.114442818142538982e-01
-1.953082857388093174e-01
-1.811086084177748745e-01
-1.875630072900218437e-01
-2.069262030074554559e-01
-1.985354850287777140e-01
-1.843358078726460292e-01
-2.062807631719270063e-01
-2.178986799824933485e-01
-2.114442818142538982e-01
-1.998263647342781724e-01
-1.836903679846724202e-01
-1.817540483117490169e-01
-1.681998102231361258e-01
-1.565818913343584029e-01
-1.701361299906132274e-01
-1.707815699101029594e-01
-1.456094119366255768e-01
-1.443185319789019871e-01
-1.533546915566130764e-01
-1.565818913343584029e-01
-1.578727712349330403e-01
-1.552910114277707976e-01
-1.565818913343584029e-01
-1.398004520794540184e-01
-1.307642920592417823e-01
-1.320551720802018991e-01
-1.288279720165022013e-01
-1.307642920592417823e-01
-1.359278121069333878e-01
-1.475457318619302072e-01
-1.443185319789019871e-01
-1.301188520465004217e-01
-1.314097320704750160e-01
-1.333460520951383899e-01
-1.320551720802018991e-01
-1.307642920592417823e-01
-1.288279720165022013e-01
-1.339914921003462212e-01
-1.294734120322562632e-01
-1.281825319992417889e-01
-1.372186921037972240e-01
-1.352823721062428319e-01
-1.333460520951383899e-01
-1.314097320704750160e-01
-1.256007719151313040e-01
-1.243098918640352935e-01
-1.210826917099101507e-01
-1.398004520794540184e-01
-1.481911718340231943e-01
-1.320551720802018991e-01
-1.275370919804750258e-01
-1.327006120884224316e-01
-1.320551720802018991e-01
-1.172100514752045797e-01
-1.243098918640352935e-01
-1.527092515965531305e-01
-1.430276520151547714e-01
-1.398004520794540184e-01
-1.578727712349330403e-01
-1.643271706476330252e-01
-1.765905291179432623e-01
-1.836903679846724202e-01
-2.166078003608120639e-01
-2.540433069630907426e-01
-2.553341864115470372e-01
-2.579159452905699368e-01
-2.772791361234148155e-01
-2.947060067277984530e-01
-2.876061706864945222e-01
-2.837335327699630483e-01
-2.798608947998868501e-01
-2.572705055730519774e-01
-2.249985177948179427e-01
-2.095079623346052244e-01
-2.198349994037975819e-01
-2.036990038148367432e-01
-1.882084471689999816e-01
-1.920810864113775551e-01
-1.869175674095462369e-01
-1.694906900696224739e-01
-1.585182111829670504e-01
-1.617454109005862506e-01
-1.720724497445758061e-01
-1.656180505121422897e-01
-1.572273312853962324e-01
-1.630362907771143455e-01
-1.656180505121422897e-01
-1.565818913343584029e-01
-1.507729317073494002e-01
-1.572273312853962324e-01
-1.591636511294964862e-01
-1.533546915566130764e-01
-1.520638116349886104e-01
-1.520638116349886104e-01
-1.527092515965531305e-01
-1.462548519132322866e-01
-1.514183716719212924e-01
-1.617454109005862506e-01
-1.520638116349886104e-01
-1.449639719585160691e-01
-1.488366118046116071e-01
-1.488366118046116071e-01
-1.404458920696036728e-01
-1.372186921037972240e-01
-1.527092515965531305e-01
-1.617454109005862506e-01
-1.520638116349886104e-01
-1.552910114277707976e-01
-1.540001315151684480e-01
-1.559364513818159992e-01
-1.546455714722210217e-01
-1.514183716719212924e-01
-1.585182111829670504e-01
-1.443185319789019871e-01
-1.398004520794540184e-01
-1.598090910745231241e-01
-1.636817307131241961e-01
-1.546455714722210217e-01
-1.688452501471324751e-01
-1.811086084177748745e-01
-1.733633295730445667e-01
-1.559364513818159992e-01
-1.585182111829670504e-01
-1.656180505121422897e-01
-1.520638116349886104e-01
-1.649726105806390564e-01
-1.862721275275713850e-01
-1.836903679846724202e-01
-1.740087694850256383e-01
-1.643271706476330252e-01
-1.585182111829670504e-01
-1.514183716719212924e-01
-1.572273312853962324e-01
-1.610999709600680063e-01
-1.546455714722210217e-01
-1.475457318619302072e-01
-1.320551720802018991e-01
-1.320551720802018991e-01
-1.475457318619302072e-01
-1.501274917412747101e-01
-1.430276520151547714e-01
-1.559364513818159992e-01
-1.578727712349330403e-01
-1.417367720453910351e-01
-1.339914921003462212e-01
-1.501274917412747101e-01
-1.488366118046116071e-01
-1.339914921003462212e-01
-1.327006120884224316e-01
-1.436730919977797782e-01
-1.520638116349886104e-01
-1.514183716719212924e-01
-1.565818913343584029e-01
-1.733633295730445667e-01
-1.933719661468469297e-01
-2.166078003608120639e-01
-2.230621984093978938e-01
-2.269348371667874176e-01
-2.243530780011724346e-01
-2.120897216378097028e-01
-2.204804392079076081e-01
-2.327437952020012801e-01
-2.288711565253063185e-01
-2.101534021626516591e-01
-1.972446053172838276e-01
-1.920810864113775551e-01
-1.882084471689999816e-01
-1.882084471689999816e-01
-1.914356465413948882e-01
-1.830449280951977897e-01
-1.669089303706439154e-01
-1.707815699101029594e-01
-1.862721275275713850e-01
-1.707815699101029594e-01
-1.507729317073494002e-01
-1.598090910745231241e-01
-1.746542093955056885e-01
-1.662634904421445015e-01
-1.688452501471324751e-01
-1.643271706476330252e-01
-1.598090910745231241e-01
-1.643271706476330252e-01
-1.617454109005862506e-01
-1.649726105806390564e-01
-1.527092515965531305e-01
-1.378641320999687281e-01
-1.449639719585160691e-01
-1.565818913343584029e-01
-1.443185319789019871e-01
-1.469002918883344222e-01
-1.565818913343584029e-01
-1.494820517736954457e-01
-1.391550120877980135e-01
-1.443185319789019871e-01
-1.533546915566130764e-01
-1.488366118046116071e-01
-1.398004520794540184e-01
-1.398004520794540184e-01
-1.494820517736954457e-01
-1.469002918883344222e-01
-1.436730919977797782e-01
-1.507729317073494002e-01
-1.533546915566130764e-01
-1.501274917412747101e-01
-1.501274917412747101e-01
-1.591636511294964862e-01
-1.623908508396016970e-01
-1.649726105806390564e-01
-1.681998102231361258e-01
-1.681998102231361258e-01
-1.733633295730445667e-01
-1.578727712349330403e-01
-1.443185319789019871e-01
-1.552910114277707976e-01
-1.565818913343584029e-01
-1.436730919977797782e-01
-1.469002918883344222e-01
-1.643271706476330252e-01
-1.714270098280898935e-01
-1.630362907771143455e-01
-1.591636511294964862e-01
-1.694906900696224739e-01
-1.604545310180451878e-01
-1.475457318619302072e-01
-1.423822120310251904e-01
-1.346369321040477018e-01
-1.178554915180942686e-01
-1.088193307803901888e-01
-1.159191713849043737e-01
-1.217281317437493016e-01
-1.133374111862046618e-01
-1.197918116377074682e-01
-1.152737313374920802e-01
-1.004286098305051667e-01
-9.526508911910269717e-02
-9.139244852209316150e-02
-9.526508911910269717e-02
-8.881068809385794793e-02
-7.977452640451687671e-02
-8.364716716481801484e-02
-8.816524798301905719e-02
-8.041996653501470860e-02
-6.815660379675136937e-02
-7.396556516193619757e-02
-7.783820600394264488e-02
-7.267468486915973358e-02
-6.880204395449318611e-02
-7.590188558974908517e-02
-6.622028331443274851e-02
-5.266603955639759249e-02
-6.622028331443274851e-02
-7.009292426544000421e-02
-5.976588160824292117e-02
-5.202059936076963709e-02
-5.589324051179289654e-02
-7.009292426544000421e-02
-6.944748411072509953e-02
-4.943883856309483349e-02
-5.331147975050853915e-02
-6.428396281848414162e-02
-4.556619732107591858e-02
-3.975723535563169264e-02
-5.782956106683911912e-02
-5.847500124882287764e-02
-4.233899624433767883e-02
-4.427531689493413580e-02
-5.976588160824292117e-02
-5.976588160824292117e-02
-4.814795815515715560e-02
-4.943883856309483349e-02
-5.589324051179289654e-02
-4.492075710876441974e-02
-3.846635490217131803e-02
-5.653868069832412857e-02
-5.395691994310425343e-02
-3.459371350535178635e-02
-3.653003421059253242e-02
-4.879339835988361074e-02
-5.072971896496625277e-02
-4.104811580302047958e-02
-4.104811580302047958e-02
-5.395691994310425343e-02
-4.750251794891191537e-02
-3.007563180663019864e-02
-3.523915374194963590e-02
-4.814795815515715560e-02
-4.233899624433767883e-02
-3.072107205386132023e-02
-3.653003421059253242e-02
-4.169355602443935993e-02
-3.136651229957365672e-02
-2.620299029133654756e-02
-3.459371350535178635e-02
-4.362987667958684312e-02
-3.782091467316206490e-02
-3.782091467316206490e-02
-4.879339835988361074e-02
-5.202059936076963709e-02
-3.330283302759617925e-02
-2.620299029133654756e-02
-4.040267558008459048e-02
-4.427531689493413580e-02
-3.459371350535178635e-02
-3.265739278644019805e-02
-2.426666951317635323e-02
-3.653003421059253242e-02
-4.233899624433767883e-02
-3.072107205386132023e-02
-3.975723535563169264e-02
-3.330283302759617925e-02
-3.588459397703047671e-02
-3.588459397703047671e-02
-1.910314737119911399e-02
-2.233034872133643489e-02
-2.943019155788029195e-02
-3.717547444263757939e-02
-3.265739278644019805e-02
-2.555755003347037757e-02
-2.555755003347037757e-02
-3.007563180663019864e-02
-2.620299029133654756e-02
-2.168490845435044889e-02
-3.394827326723337535e-02
-4.040267558008459048e-02
-3.007563180663019864e-02
-2.103946818584212508e-02
-2.620299029133654756e-02
-3.330283302759617925e-02
-2.362122925075027524e-02
-2.233034872133643489e-02
-3.588459397703047671e-02
-3.394827326723337535e-02
-2.233034872133643489e-02
-1.523050570085615618e-02
-1.845770709661209708e-02
-3.072107205386132023e-02
-2.233034872133643489e-02
-1.845770709661209708e-02
-3.201195254376720811e-02
-2.878475130760982381e-02
-2.039402791581501617e-02
-3.072107205386132023e-02
-3.072107205386132023e-02
-2.039402791581501617e-02
-1.523050570085615618e-02
-3.007563180663019864e-02
-3.265739278644019805e-02
-2.620299029133654756e-02
-2.620299029133654756e-02
-3.072107205386132023e-02
-2.620299029133654756e-02
-1.006698338855116504e-02
-2.039402791581501617e-02
-3.523915374194963590e-02
-2.813931105582234693e-02
-1.135786397575699880e-02
-1.652138626372057217e-02
-3.653003421059253242e-02
-1.200330426707729714e-02
-1.458506541714221783e-02
-3.201195254376720811e-02
-2.878475130760982381e-02
-2.039402791581501617e-02
-2.749387080251253224e-02
-3.911179512966178606e-02
-2.878475130760982381e-02
-1.676259423327053355e-03
-1.071242368291436264e-02
-4.556619732107591858e-02
-2.943019155788029195e-02
-1.329418484515265675e-02
-2.749387080251253224e-02
-2.813931105582234693e-02
-1.716682654287104981e-02
-2.103946818584212508e-02
-2.813931105582234693e-02
-2.491210977408364613e-02
-1.652138626372057217e-02
-1.910314737119911399e-02
-3.330283302759617925e-02
-2.620299029133654756e-02
-1.135786397575699880e-02
-1.845770709661209708e-02
-2.426666951317635323e-02
-1.652138626372057217e-02
-1.071242368291436264e-02
-1.716682654287104981e-02
-1.716682654287104981e-02
-1.071242368291436264e-02
-1.781226682050096599e-02
-2.039402791581501617e-02
-2.362122925075027524e-02
-2.297578898680363579e-02
-1.135786397575699880e-02
-1.329418484515265675e-02
-2.491210977408364613e-02
-9.421543092665629615e-03
-3.612580361213701963e-03
-1.781226682050096599e-02
-2.103946818584212508e-02
-1.135786397575699880e-02
-8.776102795259532741e-03
-1.523050570085615618e-02
-1.393962513190771801e-02
-7.485222195880325557e-03
-2.620299029133654756e-02
-3.588459397703047671e-02
-2.426666951317635323e-02
-1.329418484515265675e-02
-1.781226682050096599e-02
-2.620299029133654756e-02
-1.910314737119911399e-02
-1.006698338855116504e-02
-2.103946818584212508e-02
-2.943019155788029195e-02
-1.910314737119911399e-02
-1.006698338855116504e-02
-8.776102795259532741e-03
-1.200330426707729714e-02
-9.421543092665629615e-03
-2.039402791581501617e-02
-3.136651229957365672e-02
-2.620299029133654756e-02
-1.329418484515265675e-02
-1.264874455687525767e-02
-2.168490845435044889e-02
-1.200330426707729714e-02
-7.485222195880325557e-03
-1.974858764426734581e-02
-2.943019155788029195e-02
-8.776102795259532741e-03
-2.967140050108341143e-03
-2.491210977408364613e-02
-1.329418484515265675e-02
-1.458506541714221783e-02
-1.587594598304953308e-02
-1.716682654287104981e-02
-1.652138626372057217e-02
-1.329418484515265675e-02
-1.264874455687525767e-02
-1.523050570085615618e-02
-1.523050570085615618e-02
-1.071242368291436264e-02
-1.781226682050096599e-02
-2.168490845435044889e-02
-1.329418484515265675e-02
-2.967140050108341143e-03
-1.329418484515265675e-02
-2.749387080251253224e-02
-1.716682654287104981e-02
-1.200330426707729714e-02
-2.555755003347037757e-02
-3.265739278644019805e-02
-1.458506541714221783e-02
-3.853787904564143219e-04
-1.652138626372057217e-02
-2.297578898680363579e-02
-6.839781893908991606e-03
-1.071242368291436264e-02
-2.684843054768570880e-02
-2.233034872133643489e-02
9.055018485053523136e-04
-5.548901285397533911e-03
-1.781226682050096599e-02
-8.776102795259532741e-03
-4.258020670796724971e-03
-1.329418484515265675e-02
-1.781226682050096599e-02
-1.006698338855116504e-02
-7.485222195880325557e-03
-1.458506541714221783e-02
-1.781226682050096599e-02
-5.548901285397533911e-03
-2.321699737478866155e-03
-2.168490845435044889e-02
-1.264874455687525767e-02
-1.030819107654679101e-03
-1.200330426707729714e-02
-2.749387080251253224e-02
-2.878475130760982381e-02
-1.974858764426734581e-02
-1.393962513190771801e-02
-2.168490845435044889e-02
-1.264874455687525767e-02
9.055018485053523136e-04
-9.421543092665629615e-03
-2.233034872133643489e-02
-1.458506541714221783e-02
-4.258020670796724971e-03
-2.233034872133643489e-02
-3.201195254376720811e-02
-8.776102795259532741e-03
2.841822818373529458e-03
-2.103946818584212508e-02
-2.555755003347037757e-02
4.132703472567555991e-03
-2.321699737478866155e-03
-1.845770709661209708e-02
-1.200330426707729714e-02
-2.967140050108341143e-03
-2.103946818584212508e-02
-3.136651229957365672e-02
-1.458506541714221783e-02
5.423584132856262841e-03
-1.200330426707729714e-02
-2.620299029133654756e-02
-8.130662496331098055e-03
-6.194341590415319843e-03
-1.781226682050096599e-02
-2.103946818584212508e-02
-1.006698338855116504e-02
-5.548901285397533911e-03
-7.485222195880325557e-03
-7.485222195880325557e-03
-7.485222195880325557e-03
-1.006698338855116504e-02
-2.168490845435044889e-02
-1.458506541714221783e-02
9.055018485053523136e-04
2.600615282641882686e-04
-1.200330426707729714e-02
-1.135786397575699880e-02
-1.652138626372057217e-02
-1.716682654287104981e-02
-1.652138626372057217e-02
-1.458506541714221783e-02
-4.903460978859186525e-03
-1.135786397575699880e-02
-1.716682654287104981e-02
-7.485222195880325557e-03
-1.006698338855116504e-02
-2.684843054768570880e-02
-2.426666951317635323e-02
-2.321699737478866155e-03
9.055018485053523136e-04
-1.458506541714221783e-02
-1.329418484515265675e-02
-4.903460978859186525e-03
-1.458506541714221783e-02
-2.491210977408364613e-02
-9.421543092665629615e-03
2.196382493560022908e-03
-2.321699737478866155e-03
-1.071242368291436264e-02
-1.006698338855116504e-02
-5.548901285397533911e-03
-1.458506541714221783e-02
-2.039402791581501617e-02
-1.458506541714221783e-02
-9.421543092665629615e-03
-1.910314737119911399e-02
-2.103946818584212508e-02
-6.194341590415319843e-03
-1.264874455687525767e-02
-2.362122925075027524e-02
-1.974858764426734581e-02
2.196382493560022908e-03
