4.392300320535724723e-03
-7.712231386935997079e-04
1.810538578689957490e-03
-1.257827116418752667e-04
-9.807388956959428583e-03
-1.109826976369454599e-02
-6.580186913389240999e-03
-7.712231386935997079e-04
1.407390707042921463e-02
1.536478799642893023e-02
1.084670478221561041e-02
-3.352984831618499584e-03
-1.432547175380705085e-02
-2.707544410680995384e-03
4.392300320535724723e-03
-7.712231386935997079e-04
-4.643865668912283695e-03
-3.352984831618499584e-03
7.619502532254074367e-03
-2.062103988212271588e-03
-7.871067735399250864e-03
2.455979011857678529e-03
5.196577169392924134e-04
-7.225627325157191194e-03
-1.257827116418752667e-04
1.213758569291023548e-02
2.455979011857678529e-03
-9.161948551300369559e-03
9.555823877640534647e-03
1.923743081116313647e-02
6.328621642978760065e-03
-1.238915056432254858e-02
5.196577169392924134e-04
8.264942979186784555e-03
-3.352984831618499584e-03
-1.432547175380705085e-02
-5.289306085265010893e-03
-1.257827116418752667e-04
-7.871067735399250864e-03
-4.643865668912283695e-03
2.455979011857678529e-03
1.810538578689957490e-03
-7.871067735399250864e-03
5.196577169392924134e-04
9.555823877640534647e-03
3.746859882781450324e-03
-7.712231386935997079e-04
-4.643865668912283695e-03
2.455979011857678529e-03
-2.062103988212271588e-03
-1.257827116418752667e-04
7.619502532254074367e-03
-7.712231386935997079e-04
-5.289306085265010893e-03
1.165098147049903332e-03
8.264942979186784555e-03
6.974062086852583775e-03
-5.934746500090071208e-03
-5.289306085265010893e-03
1.810538578689957490e-03
-5.289306085265010893e-03
-1.416663564217657267e-03
1.278302615055260105e-02
1.536478799642893023e-02
-2.062103988212271588e-03
-7.225627325157191194e-03
5.037740759821218717e-03
3.746859882781450324e-03
-9.807388956959428583e-03
-9.161948551300369559e-03
9.555823877640534647e-03
6.328621642978760065e-03
-5.289306085265010893e-03
6.328621642978760065e-03
1.407390707042921463e-02
1.810538578689957490e-03
-1.416663564217657267e-03
9.555823877640534647e-03
5.683181200634379593e-03
-8.516508144113643652e-03
-7.225627325157191194e-03
1.665566892854997150e-02
8.910383427648937982e-03
-1.109826976369454599e-02
1.810538578689957490e-03
7.619502532254074367e-03
-3.352984831618499584e-03
-9.161948551300369559e-03
3.746859882781450324e-03
1.601022846172384106e-02
7.619502532254074367e-03
-5.289306085265010893e-03
-5.934746500090071208e-03
5.196577169392924134e-04
-2.062103988212271588e-03
-7.225627325157191194e-03
6.974062086852583775e-03
-2.707544410680995384e-03
-1.045282936109082073e-02
5.683181200634379593e-03
2.455979011857678529e-03
-8.516508144113643652e-03
-2.062103988212271588e-03
1.730110939690732152e-02
1.213758569291023548e-02
-1.303459096234327319e-02
-3.352984831618499584e-03
8.910383427648937982e-03
5.683181200634379593e-03
-1.416663564217657267e-03
5.196577169392924134e-04
6.328621642978760065e-03
-4.643865668912283695e-03
-8.516508144113643652e-03
9.555823877640534647e-03
9.555823877640534647e-03
-7.225627325157191194e-03
-5.934746500090071208e-03
2.455979011857678529e-03
6.974062086852583775e-03
5.196577169392924134e-04
1.165098147049903332e-03
1.342846660972796258e-02
5.196577169392924134e-04
-1.819811409155036586e-02
-7.225627325157191194e-03
2.455979011857678529e-03
-2.707544410680995384e-03
-1.368003135883810728e-02
3.101419446554842807e-03
1.536478799642893023e-02
-7.225627325157191194e-03
-7.225627325157191194e-03
1.407390707042921463e-02
5.037740759821218717e-03
-7.225627325157191194e-03
-3.352984831618499584e-03
9.555823877640534647e-03
8.910383427648937982e-03
-6.580186913389240999e-03
-1.257827116418752667e-04
1.213758569291023548e-02
1.165098147049903332e-03
-7.871067735399250864e-03
-5.289306085265010893e-03
5.196577169392924134e-04
-2.062103988212271588e-03
-4.643865668912283695e-03
1.165098147049903332e-03
1.165098147049903332e-03
-2.707544410680995384e-03
1.810538578689957490e-03
6.974062086852583775e-03
3.101419446554842807e-03
-7.225627325157191194e-03
-1.174371016477238072e-02
1.020126432916512726e-02
6.328621642978760065e-03
-1.416663564217657267e-03
8.910383427648937982e-03
1.084670478221561041e-02
1.601022846172384106e-02
-7.712231386935997079e-04
-7.871067735399250864e-03
5.037740759821218717e-03
3.746859882781450324e-03
-2.707544410680995384e-03
6.974062086852583775e-03
8.264942979186784555e-03
-2.062103988212271588e-03
5.196577169392924134e-04
3.101419446554842807e-03
-7.225627325157191194e-03
-7.225627325157191194e-03
2.455979011857678529e-03
6.328621642978760065e-03
3.746859882781450324e-03
-1.416663564217657267e-03
4.392300320535724723e-03
1.165098147049903332e-03
-9.161948551300369559e-03
-2.062103988212271588e-03
5.683181200634379593e-03
-2.707544410680995384e-03
-1.561635253916193733e-02
-6.580186913389240999e-03
1.084670478221561041e-02
-1.416663564217657267e-03
-5.289306085265010893e-03
1.084670478221561041e-02
1.020126432916512726e-02
-1.174371016477238072e-02
-1.174371016477238072e-02
8.910383427648937982e-03
1.278302615055260105e-02
5.196577169392924134e-04
-2.707544410680995384e-03
6.328621642978760065e-03
8.264942979186784555e-03
-1.045282936109082073e-02
-1.238915056432254858e-02
6.328621642978760065e-03
6.974062086852583775e-03
-7.871067735399250864e-03
-4.643865668912283695e-03
1.020126432916512726e-02
-2.062103988212271588e-03
-1.819811409155036586e-02
-1.303459096234327319e-02
-6.580186913389240999e-03
-6.580186913389240999e-03
-6.580186913389240999e-03
7.619502532254074367e-03
1.084670478221561041e-02
-2.707544410680995384e-03
-1.368003135883810728e-02
-3.352984831618499584e-03
6.328621642978760065e-03
-1.432547175380705085e-02
-1.238915056432254858e-02
6.328621642978760065e-03
1.407390707042921463e-02
-1.257827116418752667e-04
-1.174371016477238072e-02
6.328621642978760065e-03
1.665566892854997150e-02
-1.303459096234327319e-02
-6.580186913389240999e-03
1.020126432916512726e-02
2.455979011857678529e-03
-5.934746500090071208e-03
-1.416663564217657267e-03
6.974062086852583775e-03
3.746859882781450324e-03
-6.580186913389240999e-03
-3.352984831618499584e-03
3.746859882781450324e-03
-7.712231386935997079e-04
3.101419446554842807e-03
1.149214523679908950e-02
1.810538578689957490e-03
-8.516508144113643652e-03
-7.712231386935997079e-04
1.020126432916512726e-02
6.328621642978760065e-03
1.810538578689957490e-03
7.619502532254074367e-03
4.392300320535724723e-03
-5.934746500090071208e-03
-6.580186913389240999e-03
6.974062086852583775e-03
1.601022846172384106e-02
3.746859882781450324e-03
-5.934746500090071208e-03
-3.352984831618499584e-03
1.810538578689957490e-03
-5.289306085265010893e-03
-5.934746500090071208e-03
5.037740759821218717e-03
-7.712231386935997079e-04
-1.109826976369454599e-02
-1.109826976369454599e-02
1.810538578689957490e-03
-3.998425251030113259e-03
-4.643865668912283695e-03
7.619502532254074367e-03
6.974062086852583775e-03
-2.707544410680995384e-03
-5.289306085265010893e-03
6.328621642978760065e-03
-1.257827116418752667e-04
-1.303459096234327319e-02
-3.998425251030113259e-03
1.213758569291023548e-02
1.020126432916512726e-02
5.683181200634379593e-03
2.455979011857678529e-03
6.974062086852583775e-03
-1.257827116418752667e-04
-1.819811409155036586e-02
5.196577169392924134e-04
1.149214523679908950e-02
-7.712231386935997079e-04
2.455979011857678529e-03
1.084670478221561041e-02
1.601022846172384106e-02
-1.109826976369454599e-02
-1.109826976369454599e-02
1.794654986679589115e-02
5.683181200634379593e-03
-1.368003135883810728e-02
-2.062103988212271588e-03
1.730110939690732152e-02
-1.416663564217657267e-03
-1.819811409155036586e-02
-6.580186913389240999e-03
1.665566892854997150e-02
1.213758569291023548e-02
-1.416663564217657267e-03
-9.161948551300369559e-03
-3.239780219326604538e-02
-6.918789975338057729e-02
-9.823271012734657859e-02
-1.014599110903233736e-01
-1.079143129025847969e-01
-1.240503167705195864e-01
-1.266320773015916501e-01
-1.388954394937176318e-01
-1.518042412118205675e-01
-1.569677617299394257e-01
-1.556768816094677987e-01
-1.537405614174360835e-01
-1.550314415469671303e-01
-1.537405614174360835e-01
-1.337319186372472046e-01
-1.104960735850610831e-01
-1.079143129025847969e-01
-1.175959153369028343e-01
-1.124323940810096900e-01
-9.887815032297453399e-02
-1.053325521958665689e-01
-1.111415137518907414e-01
-1.053325521958665689e-01
-1.079143129025847969e-01
-1.195322357828807469e-01
-1.053325521958665689e-01
-8.790566679101630143e-02
-1.008144709007599005e-01
-1.234048766339679304e-01
-1.169504751852183944e-01
-1.027507914649010701e-01
-1.201776759285131391e-01
-1.298592779313949563e-01
-1.208231160726320752e-01
-1.111415137518907414e-01
-1.182413554870773709e-01
-1.388954394937176318e-01
-1.259866371710938182e-01
-1.188867956357366751e-01
-1.317955982911254154e-01
-1.311501581727263499e-01
-1.285683976840115150e-01
-1.259866371710938182e-01
-1.292138378084590755e-01
-1.317955982911254154e-01
-1.117869539172087201e-01
-1.085597530754753848e-01
-1.305047180528173811e-01
-1.143687145633283109e-01
-1.221139963563260267e-01
-1.382499993919505954e-01
-1.272775174305778023e-01
-1.259866371710938182e-01
-1.272775174305778023e-01
-1.259866371710938182e-01
-1.214685562152357790e-01
-1.169504751852183944e-01
-1.266320773015916501e-01
-1.234048766339679304e-01
-1.143687145633283109e-01
-1.059779923748198627e-01
-1.137232744040694854e-01
-1.266320773015916501e-01
-1.169504751852183944e-01
-1.079143129025847969e-01
-1.246957569055560100e-01
-1.259866371710938182e-01
-1.156595948773020410e-01
-1.104960735850610831e-01
-1.208231160726320752e-01
-1.208231160726320752e-01
-1.137232744040694854e-01
-1.156595948773020410e-01
-1.227594364959045947e-01
-1.240503167705195864e-01
-1.195322357828807469e-01
-1.234048766339679304e-01
-1.259866371710938182e-01
-1.201776759285131391e-01
-1.201776759285131391e-01
-1.292138378084590755e-01
-1.175959153369028343e-01
-1.150141547210701276e-01
-1.324410384080110248e-01
-1.440589602534654290e-01
-1.421226399798936058e-01
-1.317955982911254154e-01
-1.305047180528173811e-01
-1.356682389697603242e-01
-1.272775174305778023e-01
-1.195322357828807469e-01
-1.259866371710938182e-01
-1.292138378084590755e-01
-1.253411970390825303e-01
-1.201776759285131391e-01
-1.363136790775758556e-01
-1.492224809165296762e-01
-1.363136790775758556e-01
-1.253411970390825303e-01
-1.382499993919505954e-01
-1.466407205970821082e-01
-1.317955982911254154e-01
-1.330864785233849545e-01
-1.447044003416362301e-01
-1.324410384080110248e-01
-1.240503167705195864e-01
-1.272775174305778023e-01
-1.363136790775758556e-01
-1.408317597899557683e-01
-1.092051932468525166e-01
-1.098506334167144161e-01
-1.279229575580504985e-01
-1.240503167705195864e-01
-1.092051932468525166e-01
-1.175959153369028343e-01
-1.298592779313949563e-01
-1.169504751852183944e-01
-1.130778342432972039e-01
-1.240503167705195864e-01
-1.246957569055560100e-01
-1.182413554870773709e-01
-1.156595948773020410e-01
-1.188867956357366751e-01
-1.227594364959045947e-01
-1.092051932468525166e-01
-1.079143129025847969e-01
-1.253411970390825303e-01
-1.311501581727263499e-01
-1.253411970390825303e-01
-1.330864785233849545e-01
-1.401863196927219946e-01
-1.253411970390825303e-01
-1.169504751852183944e-01
-1.292138378084590755e-01
-1.330864785233849545e-01
-1.182413554870773709e-01
-1.163050350320169457e-01
-1.272775174305778023e-01
-1.246957569055560100e-01
-1.124323940810096900e-01
-1.117869539172087201e-01
-1.246957569055560100e-01
-1.195322357828807469e-01
-1.053325521958665689e-01
-1.117869539172087201e-01
-1.279229575580504985e-01
-1.292138378084590755e-01
-1.214685562152357790e-01
-1.124323940810096900e-01
-1.143687145633283109e-01
-1.240503167705195864e-01
-1.253411970390825303e-01
-1.311501581727263499e-01
-1.382499993919505954e-01
-1.305047180528173811e-01
-1.266320773015916501e-01
-1.376045592886701030e-01
-1.369591191838779309e-01
-1.221139963563260267e-01
-1.259866371710938182e-01
-1.382499993919505954e-01
-1.343773587495959987e-01
-1.240503167705195864e-01
-1.369591191838779309e-01
-1.563223216704585639e-01
-1.472861606792097433e-01
-1.369591191838779309e-01
-1.388954394937176318e-01
-1.285683976840115150e-01
-1.305047180528173811e-01
-1.330864785233849545e-01
-1.479316007598256988e-01
-1.485770408389335273e-01
-1.305047180528173811e-01
-1.388954394937176318e-01
-1.505133610671958166e-01
-1.363136790775758556e-01
-1.259866371710938182e-01
-1.363136790775758556e-01
-1.472861606792097433e-01
-1.388954394937176318e-01
-1.227594364959045947e-01
-1.298592779313949563e-01
-1.479316007598256988e-01
-1.466407205970821082e-01
-1.337319186372472046e-01
-1.350227988604348894e-01
-1.421226399798936058e-01
-1.324410384080110248e-01
-1.305047180528173811e-01
-1.479316007598256988e-01
-1.485770408389335273e-01
-1.388954394937176318e-01
-1.395408795939747648e-01
-1.408317597899557683e-01
-1.485770408389335273e-01
-1.421226399798936058e-01
-1.459952805134427933e-01
-1.563223216704585639e-01
-1.505133610671958166e-01
-1.369591191838779309e-01
-1.414771998856796387e-01
-1.537405614174360835e-01
-1.414771998856796387e-01
-1.292138378084590755e-01
-1.388954394937176318e-01
-1.505133610671958166e-01
-1.253411970390825303e-01
-1.169504751852183944e-01
-1.447044003416362301e-01
-1.543860014829547822e-01
-1.401863196927219946e-01
-1.311501581727263499e-01
-1.479316007598256988e-01
-1.369591191838779309e-01
-1.163050350320169457e-01
-1.246957569055560100e-01
-1.408317597899557683e-01
-1.343773587495959987e-01
-1.234048766339679304e-01
-1.350227988604348894e-01
-1.459952805134427933e-01
-1.376045592886701030e-01
-1.382499993919505954e-01
-1.660039224042844097e-01
-1.950487225711885486e-01
-2.066666417846221293e-01
-2.337751180565987852e-01
-2.770195866369533633e-01
-2.821831048247478435e-01
-2.641107907490702900e-01
-2.725015081442023757e-01
-2.938010203979111168e-01
-2.950918998761942191e-01
-2.718560683535464761e-01
-2.731469479333643591e-01
-2.712106285613948842e-01
-2.453930356488545073e-01
-2.337751180565987852e-01
-2.395840769134238712e-01
-2.434567160838607691e-01
-2.266752792888766521e-01
-2.163482407571901689e-01
-2.221571999785414420e-01
-2.131210411372208569e-01
-1.950487225711885486e-01
-1.944032826006001358e-01
-2.008576822387979632e-01
-2.047303219495439919e-01
-1.963396025078516516e-01
-1.937578426285071487e-01
-1.911760827250930106e-01
-1.814944828728197734e-01
-1.789127228549993731e-01
-1.905306427454789286e-01
-2.008576822387979632e-01
-1.931124026549113637e-01
-1.776218428370519575e-01
-1.873034428248274708e-01
-2.015031221943477391e-01
-1.918215227032025183e-01
-1.802036028669231627e-01
-1.873034428248274708e-01
-1.853671228543749550e-01
-1.608404020551486013e-01
-1.576132017879139369e-01
-1.802036028669231627e-01
-1.847216828612143757e-01
-1.666493624411398145e-01
-1.789127228549993731e-01
-1.956941625402723872e-01
-1.931124026549113637e-01
-1.731037627267770773e-01
-1.737492027470519673e-01
-1.789127228549993731e-01
-1.724583227049958367e-01
-1.718128826817082455e-01
-1.750400827830791428e-01
-1.705220026306122350e-01
-1.634221622417815212e-01
-1.614858421040690217e-01
-1.724583227049958367e-01
-1.731037627267770773e-01
-1.698765626028002629e-01
-1.698765626028002629e-01
-1.743946427658187304e-01
-1.737492027470519673e-01
-1.672948024764870922e-01
-1.692311225734837166e-01
-1.782672828467788406e-01
-1.737492027470519673e-01
-1.621312821514813152e-01
-1.724583227049958367e-01
-1.860125628460309599e-01
-1.711674426569125274e-01
-1.731037627267770773e-01
-1.866580028361806143e-01
-1.860125628460309599e-01
-1.795581628617153314e-01
-1.724583227049958367e-01
-1.756855227988332047e-01
-1.808490428706246433e-01
-1.776218428370519575e-01
-1.698765626028002629e-01
-1.750400827830791428e-01
-1.698765626028002629e-01
-1.589040818993332493e-01
-1.640676022846712101e-01
-1.840762428665456696e-01
-1.789127228549993731e-01
-1.530951213504074815e-01
-1.563223216704585639e-01
-1.647130423260492194e-01
-1.614858421040690217e-01
-1.589040818993332493e-01
-1.711674426569125274e-01
-1.750400827830791428e-01
-1.530951213504074815e-01
-1.466407205970821082e-01
-1.608404020551486013e-01
-1.621312821514813152e-01
-1.459952805134427933e-01
-1.363136790775758556e-01
-1.589040818993332493e-01
-1.756855227988332047e-01
-1.763309628130773632e-01
-1.860125628460309599e-01
-1.789127228549993731e-01
-1.731037627267770773e-01
-1.679402425103262431e-01
-1.763309628130773632e-01
-1.944032826006001358e-01
-1.924669626798092281e-01
-1.827853628726945345e-01
-1.840762428665456696e-01
-1.847216828612143757e-01
-1.737492027470519673e-01
-1.692311225734837166e-01
-1.834308028703741655e-01
-1.879488828119679766e-01
-1.698765626028002629e-01
-1.685856825426590433e-01
-1.892397627817317129e-01
-2.157028008361994154e-01
-2.337751180565987852e-01
-2.382931971779544966e-01
-2.402295167789088026e-01
-2.215117600710652113e-01
-1.963396025078516516e-01
-1.924669626798092281e-01
-1.976304824384982339e-01
-2.002122422817453895e-01
-1.969850424739263417e-01
-1.989213623631300720e-01
-2.066666417846221293e-01
-2.034394420519731739e-01
-2.027940021009353444e-01
-1.976304824384982339e-01
-1.847216828612143757e-01
-1.802036028669231627e-01
-1.782672828467788406e-01
-1.918215227032025183e-01
-1.931124026549113637e-01
-1.814944828728197734e-01
-1.827853628726945345e-01
-1.898852027643567197e-01
-1.905306427454789286e-01
-1.776218428370519575e-01
-1.827853628726945345e-01
-2.002122422817453895e-01
-1.911760827250930106e-01
-1.743946427658187304e-01
-1.814944828728197734e-01
-1.976304824384982339e-01
-1.937578426285071487e-01
-1.918215227032025183e-01
-2.105392814142099667e-01
-2.131210411372208569e-01
-2.015031221943477391e-01
-1.969850424739263417e-01
-2.015031221943477391e-01
-1.989213623631300720e-01
-1.853671228543749550e-01
-1.853671228543749550e-01
-2.079575216671631921e-01
-2.189300004261376387e-01
-2.215117600710652113e-01
-2.189300004261376387e-01
-2.163482407571901689e-01
-2.111847213472159979e-01
-2.053757618960734277e-01
-2.015031221943477391e-01
-1.892397627817317129e-01
-1.705220026306122350e-01
-1.621312821514813152e-01
-1.666493624411398145e-01
-1.647130423260492194e-01
-1.466407205970821082e-01
-1.337319186372472046e-01
-1.388954394937176318e-01
-1.421226399798936058e-01
-1.311501581727263499e-01
-1.298592779313949563e-01
-1.453498404282953516e-01
-1.343773587495959987e-01
-1.143687145633283109e-01
-1.175959153369028343e-01
-1.298592779313949563e-01
-1.175959153369028343e-01
-1.014599110903233736e-01
-1.124323940810096900e-01
-1.208231160726320752e-01
-1.111415137518907414e-01
-1.027507914649010701e-01
-1.046871120153998191e-01
-1.008144709007599005e-01
-8.403302543973900640e-02
-8.016038403381031685e-02
-9.758726993020339080e-02
-9.048742766151107730e-02
-8.919654722929770685e-02
-8.726022656959742108e-02
-8.403302543973900640e-02
-8.919654722929770685e-02
-8.338758520921452089e-02
-8.274214497716947392e-02
-8.855110701091462033e-02
-7.951494379417312075e-02
-6.789701922092739039e-02
-7.176966080004731907e-02
-7.886950355301713955e-02
-7.499686207418676531e-02
-6.402437758707790749e-02
-7.047878027975329474e-02
-7.757862306615059822e-02
-7.628774257320714014e-02
-6.466981786318903858e-02
-6.273349703029751367e-02
-6.596069841084428731e-02
-5.692453444949130414e-02
-5.369733296245726706e-02
-6.337893730944799131e-02
-7.176966080004731907e-02
-6.854245948791337639e-02
-6.854245948791337639e-02
-7.757862306615059822e-02
-6.983334001732721674e-02
-4.982469112779064346e-02
-4.724292987423162060e-02
-6.402437758707790749e-02
-5.821541503365423864e-02
-4.788837018990399486e-02
-6.015173589848465951e-02
-6.466981786318903858e-02
-5.369733296245726706e-02
-3.627044427471481924e-02
-4.530660891807158919e-02
-5.563365385924257112e-02
-5.111557174543612803e-02
-4.982469112779064346e-02
-5.563365385924257112e-02
-5.047013143737366647e-02
-4.014308630129193034e-02
-4.078852663372067866e-02
-5.563365385924257112e-02
-5.498821356183647424e-02
-4.595204923831275323e-02
-4.401572827301691859e-02
-5.369733296245726706e-02
-5.305189266048593311e-02
-4.401572827301691859e-02
-4.788837018990399486e-02
-5.627909415512810654e-02
-4.788837018990399486e-02
-3.562500393161727175e-02
-4.853381050405580766e-02
-6.337893730944799131e-02
-4.853381050405580766e-02
-3.885220563186209120e-02
-4.143396696462708917e-02
-3.820676529486100037e-02
-3.562500393161727175e-02
-3.885220563186209120e-02
-4.595204923831275323e-02
-5.498821356183647424e-02
-4.982469112779064346e-02
-4.143396696462708917e-02
-4.853381050405580766e-02
-4.595204923831275323e-02
-4.078852663372067866e-02
-4.272484762186934404e-02
-5.240645235699226134e-02
-4.595204923831275323e-02
-2.981604077513999584e-02
-3.368868289317994424e-02
-4.530660891807158919e-02
-3.885220563186209120e-02
-2.852516005692784518e-02
-3.562500393161727175e-02
-4.853381050405580766e-02
-4.207940729400938551e-02
-2.787971969553382223e-02
-2.981604077513999584e-02
-4.401572827301691859e-02
-3.627044427471481924e-02
-3.497956358699561008e-02
-4.466116859630453462e-02
-3.046148113195812357e-02
-1.884355447583274668e-02
-2.594339860220173932e-02
-3.497956358699561008e-02
-3.239780219326604538e-02
-1.948899485858746061e-02
-3.110692148725213713e-02
-4.530660891807158919e-02
-3.691588461628647622e-02
-2.917060041679597759e-02
-3.304324254398416372e-02
-3.949764596733906785e-02
-3.110692148725213713e-02
-2.594339860220173932e-02
-3.820676529486100037e-02
-4.143396696462708917e-02
-2.594339860220173932e-02
-2.271619674946734335e-02
-3.820676529486100037e-02
-4.014308630129193034e-02
-2.852516005692784518e-02
-2.917060041679597759e-02
-4.272484762186934404e-02
-3.885220563186209120e-02
-2.142531599769270656e-02
-2.077987561951744055e-02
-3.304324254398416372e-02
-3.304324254398416372e-02
-3.433412324084983425e-02
-4.207940729400938551e-02
-4.337028794820341204e-02
-3.046148113195812357e-02
-2.013443523981450767e-02
-3.304324254398416372e-02
-3.110692148725213713e-02
-2.142531599769270656e-02
-2.400707749513841804e-02
-3.756132495633579538e-02
-5.047013143737366647e-02
-3.691588461628647622e-02
-4.078852663372067866e-02
-3.756132495633579538e-02
-2.852516005692784518e-02
-1.561635253916193733e-02
-1.819811409155036586e-02
-3.175236184102026016e-02
-3.433412324084983425e-02
-2.077987561951744055e-02
-1.948899485858746061e-02
-3.885220563186209120e-02
-3.562500393161727175e-02
-1.497091214724832753e-02
-2.852516005692784518e-02
-4.466116859630453462e-02
-3.627044427471481924e-02
-2.594339860220173932e-02
-2.594339860220173932e-02
-3.433412324084983425e-02
-3.368868289317994424e-02
-2.271619674946734335e-02
-2.787971969553382223e-02
-3.368868289317994424e-02
-2.529795823470593064e-02
-2.917060041679597759e-02
-3.691588461628647622e-02
-2.852516005692784518e-02
-1.045282936109082073e-02
-1.884355447583274668e-02
-2.658883896816988113e-02
-2.077987561951744055e-02
-1.497091214724832753e-02
-2.400707749513841804e-02
-3.627044427471481924e-02
-2.529795823470593064e-02
-1.626179292954965661e-02
-2.981604077513999584e-02
-3.110692148725213713e-02
-1.819811409155036586e-02
-2.142531599769270656e-02
-2.400707749513841804e-02
-2.658883896816988113e-02
-2.207075637434385840e-02
-1.690723331840970900e-02
-2.723427933261390876e-02
-2.465251786568423142e-02
-2.013443523981450767e-02
-1.884355447583274668e-02
-1.626179292954965661e-02
-1.497091214724832753e-02
-7.871067735399250864e-03
-1.432547175380705085e-02
-2.077987561951744055e-02
-1.109826976369454599e-02
-7.225627325157191194e-03
-1.819811409155036586e-02
-2.852516005692784518e-02
-1.690723331840970900e-02
-1.432547175380705085e-02
-3.110692148725213713e-02
-3.046148113195812357e-02
-1.045282936109082073e-02
-1.368003135883810728e-02
-2.852516005692784518e-02
-2.336163712306493778e-02
-1.884355447583274668e-02
-1.626179292954965661e-02
-2.917060041679597759e-02
-3.175236184102026016e-02
-8.516508144113643652e-03
-5.934746500090071208e-03
-2.658883896816988113e-02
-1.432547175380705085e-02
-1.368003135883810728e-02
-4.078852663372067866e-02
-3.949764596733906785e-02
-2.465251786568423142e-02
-1.238915056432254858e-02
-2.852516005692784518e-02
-3.562500393161727175e-02
-1.238915056432254858e-02
-1.045282936109082073e-02
-2.594339860220173932e-02
-2.013443523981450767e-02
-3.998425251030113259e-03
-8.516508144113643652e-03
-2.529795823470593064e-02
-3.046148113195812357e-02
-1.884355447583274668e-02
-1.497091214724832753e-02
-1.561635253916193733e-02
-1.368003135883810728e-02
-3.998425251030113259e-03
-1.432547175380705085e-02
-3.110692148725213713e-02
-2.465251786568423142e-02
-9.807388956959428583e-03
-1.174371016477238072e-02
-1.755267370574387087e-02
-1.432547175380705085e-02
-4.643865668912283695e-03
-2.207075637434385840e-02
-3.304324254398416372e-02
-1.109826976369454599e-02
5.196577169392924134e-04
-2.077987561951744055e-02
-3.239780219326604538e-02
-1.755267370574387087e-02
-7.225627325157191194e-03
-1.690723331840970900e-02
-2.917060041679597759e-02
-2.271619674946734335e-02
-3.998425251030113259e-03
-1.368003135883810728e-02
-2.077987561951744055e-02
-1.561635253916193733e-02
-1.432547175380705085e-02
-2.271619674946734335e-02
-2.400707749513841804e-02
-1.045282936109082073e-02
-1.884355447583274668e-02
-2.852516005692784518e-02
-1.303459096234327319e-02
-4.643865668912283695e-03
-7.225627325157191194e-03
-2.723427933261390876e-02
-2.400707749513841804e-02
-1.690723331840970900e-02
-2.207075637434385840e-02
-1.626179292954965661e-02
-3.352984831618499584e-03
-1.045282936109082073e-02
-1.884355447583274668e-02
-2.142531599769270656e-02
-2.077987561951744055e-02
-2.013443523981450767e-02
-2.787971969553382223e-02
-2.207075637434385840e-02
-1.238915056432254858e-02
-1.561635253916193733e-02
-2.723427933261390876e-02
-2.465251786568423142e-02
-1.174371016477238072e-02
-1.755267370574387087e-02
-2.336163712306493778e-02
-1.368003135883810728e-02
-1.109826976369454599e-02
-2.400707749513841804e-02
-2.723427933261390876e-02
-9.161948551300369559e-03
5.196577169392924134e-04
-1.045282936109082073e-02
-2.013443523981450767e-02
-2.529795823470593064e-02
-1.109826976369454599e-02
-9.161948551300369559e-03
-9.161948551300369559e-03
5.196577169392924134e-04
-1.238915056432254858e-02
-2.917060041679597759e-02
-2.271619674946734335e-02
-1.819811409155036586e-02
-1.432547175380705085e-02
-1.561635253916193733e-02
-1.432547175380705085e-02
1.165098147049903332e-03
-1.561635253916193733e-02
-3.239780219326604538e-02
-2.013443523981450767e-02
-1.303459096234327319e-02
-1.948899485858746061e-02
-2.207075637434385840e-02
-1.238915056432254858e-02
-9.807388956959428583e-03
-2.336163712306493778e-02
-2.271619674946734335e-02
-6.580186913389240999e-03
-7.225627325157191194e-03
-1.755267370574387087e-02
-2.336163712306493778e-02
-1.174371016477238072e-02
-4.643865668912283695e-03
-9.807388956959428583e-03
-2.077987561951744055e-02
-8.516508144113643652e-03
-1.174371016477238072e-02
-3.175236184102026016e-02
-2.271619674946734335e-02
-8.516508144113643652e-03
-1.948899485858746061e-02
-3.175236184102026016e-02
-1.238915056432254858e-02
3.101419446554842807e-03
-1.238915056432254858e-02
-2.077987561951744055e-02
-1.174371016477238072e-02
-1.238915056432254858e-02
-2.787971969553382223e-02
-1.755267370574387087e-02
-2.707544410680995384e-03
-6.580186913389240999e-03
