-7.528900624368617400e-03
-7.528900624368617400e-03
4.734457275663572773e-03
-4.290619061375622323e-04
-1.914681813570240365e-02
-8.174340498849019809e-03
1.441605600044582047e-02
-1.074501797111437895e-03
-5.592580991935491852e-03
8.607096725041785135e-03
9.897976553510545727e-03
-7.528900624368617400e-03
-7.528900624368617400e-03
9.897976553510545727e-03
1.247973622846387798e-02
-6.238020870913629778e-03
-2.365381574559677347e-03
1.312517615095387669e-02
-4.947141111459885110e-03
-1.979225798321060381e-02
-1.011066011329120329e-02
4.734457275663572773e-03
7.961656813060713489e-03
-1.074501797111437895e-03
-3.010821461035817492e-03
-1.074501797111437895e-03
1.507257775786641218e-03
-9.465220243308536396e-03
3.443577471211156649e-03
1.893413552097200636e-02
5.379897180143089486e-03
-3.656261346010936109e-03
-1.074501797111437895e-03
2.152697672761050285e-03
-1.398329930171193780e-02
-1.527417901919747578e-02
7.316216902580663373e-03
9.252536638525654666e-03
-8.819780371828400689e-03
-1.398329930171193780e-02
2.798137571236480881e-03
4.734457275663572773e-03
-1.011066011329120329e-02
-4.947141111459885110e-03
6.025337086121851371e-03
2.152697672761050285e-03
-3.656261346010936109e-03
1.507257775786641218e-03
6.025337086121851371e-03
-6.238020870913629778e-03
-9.465220243308536396e-03
1.507257775786641218e-03
-1.074501797111437895e-03
-7.528900624368617400e-03
-3.010821461035817492e-03
2.798137571236480881e-03
2.798137571236480881e-03
2.798137571236480881e-03
3.443577471211156649e-03
5.379897180143089486e-03
-3.656261346010936109e-03
-1.398329930171193780e-02
-4.947141111459885110e-03
8.607096725041785135e-03
-1.074501797111437895e-03
-1.075609998177462501e-02
1.377061607495022599e-02
1.506149592744243648e-02
-9.465220243308536396e-03
-3.656261346010936109e-03
-1.011066011329120329e-02
-9.465220243308536396e-03
-1.204697971424550929e-02
-5.592580991935491852e-03
1.183429630747312444e-02
6.670776993598082072e-03
-3.010821461035817492e-03
-1.719941686586068386e-03
1.054341646999645832e-02
1.699781571744729547e-02
-1.719941686586068386e-03
-4.301701229485033195e-03
1.054341646999645832e-02
6.025337086121851371e-03
-8.819780371828400689e-03
-5.592580991935491852e-03
7.316216902580663373e-03
-1.719941686586068386e-03
-1.204697971424550929e-02
8.618178803114773245e-04
1.312517615095387669e-02
4.734457275663572773e-03
-1.011066011329120329e-02
-3.010821461035817492e-03
7.316216902580663373e-03
-2.365381574559677347e-03
-8.819780371828400689e-03
2.152697672761050285e-03
1.507257775786641218e-03
-9.465220243308536396e-03
-4.301701229485033195e-03
1.247973622846387798e-02
1.570693585594185038e-02
4.734457275663572773e-03
8.618178803114773245e-04
-3.010821461035817492e-03
-7.528900624368617400e-03
-5.592580991935491852e-03
8.607096725041785135e-03
1.054341646999645832e-02
-3.010821461035817492e-03
-6.883460748390746176e-03
6.670776993598082072e-03
1.183429630747312444e-02
-1.140153984876057791e-02
-1.785593843619182053e-02
5.379897180143089486e-03
2.152697672761050285e-03
-8.819780371828400689e-03
-1.719941686586068386e-03
6.670776993598082072e-03
2.152697672761050285e-03
-1.140153984876057791e-02
-6.238020870913629778e-03
7.961656813060713489e-03
6.670776993598082072e-03
-3.010821461035817492e-03
4.089017372688630303e-03
9.252536638525654666e-03
-1.140153984876057791e-02
-1.398329930171193780e-02
-7.528900624368617400e-03
2.163779863373349599e-04
-2.365381574559677347e-03
-6.238020870913629778e-03
-1.719941686586068386e-03
2.798137571236480881e-03
-4.301701229485033195e-03
-7.528900624368617400e-03
-1.074501797111437895e-03
9.897976553510545727e-03
2.163779863373349599e-04
4.089017372688630303e-03
1.764325565045332667e-02
4.734457275663572773e-03
-4.947141111459885110e-03
8.618178803114773245e-04
1.247973622846387798e-02
9.252536638525654666e-03
-4.301701229485033195e-03
2.152697672761050285e-03
2.152697672761050285e-03
-1.075609998177462501e-02
-1.333785944072296559e-02
8.618178803114773245e-04
7.316216902580663373e-03
-1.719941686586068386e-03
-5.592580991935491852e-03
1.183429630747312444e-02
9.252536638525654666e-03
-8.174340498849019809e-03
-6.238020870913629778e-03
6.670776993598082072e-03
9.897976553510545727e-03
-1.719941686586068386e-03
-4.290619061375622323e-04
1.054341646999645832e-02
8.607096725041785135e-03
8.618178803114773245e-04
4.089017372688630303e-03
1.247973622846387798e-02
7.961656813060713489e-03
-6.883460748390746176e-03
-1.719941686586068386e-03
9.897976553510545727e-03
-4.290619061375622323e-04
-1.333785944072296559e-02
-4.301701229485033195e-03
1.183429630747312444e-02
4.089017372688630303e-03
3.443577471211156649e-03
1.764325565045332667e-02
1.764325565045332667e-02
1.507257775786641218e-03
-5.592580991935491852e-03
4.089017372688630303e-03
1.054341646999645832e-02
-7.528900624368617400e-03
-8.819780371828400689e-03
2.163779863373349599e-04
4.734457275663572773e-03
-1.074501797111437895e-03
-6.238020870913629778e-03
9.897976553510545727e-03
-4.301701229485033195e-03
-1.075609998177462501e-02
-3.656261346010936109e-03
-2.365381574559677347e-03
2.152697672761050285e-03
-1.527417901919747578e-02
-6.238020870913629778e-03
1.118885638798339244e-02
2.152697672761050285e-03
-3.656261346010936109e-03
5.379897180143089486e-03
1.312517615095387669e-02
5.379897180143089486e-03
-1.719941686586068386e-03
6.025337086121851371e-03
5.379897180143089486e-03
-1.269241957823297184e-02
-8.819780371828400689e-03
4.734457275663572773e-03
4.734457275663572773e-03
-4.947141111459885110e-03
-2.365381574559677347e-03
5.379897180143089486e-03
-6.238020870913629778e-03
-1.719941686586068386e-03
1.247973622846387798e-02
1.118885638798339244e-02
-2.365381574559677347e-03
-1.333785944072296559e-02
-2.365381574559677347e-03
1.507257775786641218e-03
-1.333785944072296559e-02
-1.333785944072296559e-02
5.379897180143089486e-03
6.025337086121851371e-03
-1.011066011329120329e-02
-1.527417901919747578e-02
-6.238020870913629778e-03
2.163779863373349599e-04
-9.465220243308536396e-03
-4.947141111459885110e-03
7.316216902580663373e-03
8.618178803114773245e-04
-1.656505873069136214e-02
-8.174340498849019809e-03
4.089017372688630303e-03
5.379897180143089486e-03
3.443577471211156649e-03
6.025337086121851371e-03
4.089017372688630303e-03
-8.819780371828400689e-03
-1.914681813570240365e-02
-4.290619061375622323e-04
5.379897180143089486e-03
-1.011066011329120329e-02
2.163779863373349599e-04
4.089017372688630303e-03
4.089017372688630303e-03
-7.528900624368617400e-03
-7.528900624368617400e-03
1.247973622846387798e-02
6.670776993598082072e-03
-7.528900624368617400e-03
-6.883460748390746176e-03
8.618178803114773245e-04
2.163779863373349599e-04
7.316216902580663373e-03
2.163779863373349599e-04
2.152697672761050285e-03
5.379897180143089486e-03
-4.947141111459885110e-03
-3.010821461035817492e-03
4.734457275663572773e-03
-1.140153984876057791e-02
-2.689209620697852188e-02
-3.656261346010936109e-03
1.506149592744243648e-02
7.961656813060713489e-03
-3.656261346010936109e-03
1.183429630747312444e-02
1.441605600044582047e-02
2.163779863373349599e-04
-1.719941686586068386e-03
9.252536638525654666e-03
6.670776993598082072e-03
-9.465220243308536396e-03
-7.528900624368617400e-03
7.316216902580663373e-03
1.118885638798339244e-02
-6.238020870913629778e-03
-1.398329930171193780e-02
6.025337086121851371e-03
4.734457275663572773e-03
-4.947141111459885110e-03
3.443577471211156649e-03
1.570693585594185038e-02
8.618178803114773245e-04
-1.721049858419121392e-02
-9.465220243308536396e-03
5.379897180143089486e-03
3.443577471211156649e-03
-3.656261346010936109e-03
4.734457275663572773e-03
5.379897180143089486e-03
8.618178803114773245e-04
-1.333785944072296559e-02
-3.657369349300410022e-02
-6.497304359186806266e-02
-9.918134783110943431e-02
-1.237080539581132399e-01
-1.249989331685341654e-01
-1.282261311686117011e-01
-1.450075601711944273e-01
-1.559800324388564974e-01
-1.462984392837274328e-01
-1.398440436617764959e-01
-1.469438788377708249e-01
-1.611435486520349514e-01
-1.663070647705016114e-01
-1.714705807942991100e-01
-1.688888227942317855e-01
-1.675979437853261089e-01
-1.669525042786528246e-01
-1.785704151725209243e-01
-1.940609622863469497e-01
-1.959972806157868064e-01
-1.921246439436288256e-01
-2.082606297272793228e-01
-1.992244778020086926e-01
-1.766340967234700798e-01
-1.817976125580536007e-01
-1.947064017309685369e-01
-2.024516749513551872e-01
-1.895428861326706738e-01
-1.863156888357568874e-01
-1.985790383677148441e-01
-1.934155228402492099e-01
-1.759886572374966818e-01
-1.811521730839018574e-01
-2.005153566661714848e-01
-1.927700833926770940e-01
-1.753432177500453548e-01
-1.927700833926770940e-01
-2.063243114819055535e-01
-1.972881594947022421e-01
-1.908337650411002784e-01
-2.024516749513551872e-01
-2.166513419706337373e-01
-2.095515085501578056e-01
-2.069697508985051115e-01
-2.192330995338878097e-01
-2.269783720823035367e-01
-2.166513419706337373e-01
-2.076151903136285171e-01
-2.172967813636574874e-01
-2.166513419706337373e-01
-2.011607960960404284e-01
-2.108423873671423365e-01
-2.263329327113652312e-01
-2.224602964548232364e-01
-2.069697508985051115e-01
-2.063243114819055535e-01
-2.211694176908665099e-01
-2.160059025761391638e-01
-2.089060691394557523e-01
-2.237511752128913400e-01
-2.360145231209695993e-01
-2.224602964548232364e-01
-2.179422207552068613e-01
-2.398871591921576396e-01
-2.508596277732006996e-01
-2.373054018172453539e-01
-2.308510082770371952e-01
-2.405325985322086524e-01
-2.353690837706245986e-01
-2.302055689149256068e-01
-2.385962805076413673e-01
-2.424689165435474081e-01
-2.366599624698420001e-01
-2.360145231209695993e-01
-2.373054018172453539e-01
-2.644138530815087762e-01
-2.650592923657608679e-01
-2.353690837706245986e-01
-2.521505064018843001e-01
-2.676410494881089619e-01
-2.598957780506534476e-01
-2.508596277732006996e-01
-2.508596277732006996e-01
-2.469869918519052021e-01
-2.469869918519052021e-01
-2.456961131997221770e-01
-2.495687491386444634e-01
-2.515050670882761352e-01
-2.411780378707923944e-01
-2.437597952104262333e-01
-2.553777029478947469e-01
-2.540868243338945121e-01
-2.321418869968443488e-01
-2.314964476376761837e-01
-2.592503387546614135e-01
-2.682864887650300290e-01
-2.592503387546614135e-01
-2.540868243338945121e-01
-2.669956102097224004e-01
-2.631229745085992278e-01
-2.366599624698420001e-01
-2.095515085501578056e-01
-2.211694176908665099e-01
-2.166513419706337373e-01
-1.876065677589515701e-01
-1.908337650411002784e-01
-1.927700833926770940e-01
-1.759886572374966818e-01
-1.682433832905179116e-01
-1.746977782611178753e-01
-1.830884915019250769e-01
-1.811521730839018574e-01
-1.598526696076216780e-01
-1.682433832905179116e-01
-1.888974466762416426e-01
-1.688888227942317855e-01
-1.501710765857691143e-01
-1.482347579414149408e-01
-1.424258019283417553e-01
-1.398440436617764959e-01
-1.501710765857691143e-01
-1.572709115010333392e-01
-1.488801974910138881e-01
-1.379077249462845600e-01
-1.508165161309253932e-01
-1.701797017972239701e-01
-1.604981091305681673e-01
-1.450075601711944273e-01
-1.450075601711944273e-01
-1.527528347575071166e-01
-1.404894832306418095e-01
-1.237080539581132399e-01
-1.482347579414149408e-01
-1.604981091305681673e-01
-1.366168457952117166e-01
-1.256443727715179648e-01
-1.391986040914297007e-01
-1.566254719706847709e-01
-1.508165161309253932e-01
-1.320987687197341387e-01
-1.475893183903345118e-01
-1.553345929055467423e-01
-1.533982742967374691e-01
-1.572709115010333392e-01
-1.927700833926770940e-01
-2.205239783066783588e-01
-2.289146901862917360e-01
-2.611866566382339272e-01
-2.870042271581709770e-01
-2.870042271581709770e-01
-2.715136851276387375e-01
-2.708682458580486951e-01
-2.695773673144721272e-01
-2.398871591921576396e-01
-2.095515085501578056e-01
-2.089060691394557523e-01
-2.050334326442868615e-01
-1.908337650411002784e-01
-1.869611282980923050e-01
-1.985790383677148441e-01
-2.050334326442868615e-01
-1.837339309716448099e-01
-1.714705807942991100e-01
-1.876065677589515701e-01
-1.908337650411002784e-01
-1.766340967234700798e-01
-1.650161857497618456e-01
-1.701797017972239701e-01
-1.740523387707106906e-01
-1.656616252608724693e-01
-1.624344276905276274e-01
-1.682433832905179116e-01
-1.708251412965005045e-01
-1.663070647705016114e-01
-1.617889881720220302e-01
-1.624344276905276274e-01
-1.508165161309253932e-01
-1.443621206127048140e-01
-1.624344276905276274e-01
-1.766340967234700798e-01
-1.675979437853261089e-01
-1.611435486520349514e-01
-1.669525042786528246e-01
-1.721160202906197867e-01
-1.701797017972239701e-01
-1.727614597854625345e-01
-1.805067336082721852e-01
-1.753432177500453548e-01
-1.611435486520349514e-01
-1.688888227942317855e-01
-1.992244778020086926e-01
-2.043879932232641750e-01
-2.114878267734230377e-01
-2.373054018172453539e-01
-2.489233098191618865e-01
-2.469869918519052021e-01
-2.392417198506340270e-01
-2.334327657107699849e-01
-2.218148570735802849e-01
-1.934155228402492099e-01
-1.830884915019250769e-01
-1.759886572374966818e-01
-1.656616252608724693e-01
-1.437166810527319427e-01
-1.275806915715644863e-01
-1.404894832306418095e-01
-1.314533291315900243e-01
-1.198354162912185217e-01
-1.301624499508502453e-01
-1.256443727715179648e-01
-1.082175029696923474e-01
-1.017631064718766964e-01
-1.004722271544675749e-01
-1.101538218900461885e-01
-1.011176668139164292e-01
-9.014519240094820418e-02
-9.724502883491403793e-02
-1.024085461283501530e-01
-9.853590816719837164e-02
-9.789046850180049830e-02
-9.595414949667713245e-02
-9.659958916653899053e-02
-8.369079548647917477e-02
-6.690936281153092580e-02
-8.175447638309485399e-02
-9.982678749353190994e-02
-7.271832038997949610e-02
-7.917271755772503639e-02
-9.595414949667713245e-02
-9.401783047816358874e-02
-9.143607176597434716e-02
-8.627255427013658107e-02
-8.433623518462773916e-02
-7.659095870851295729e-02
-6.303672435877771818e-02
-6.561848333324782345e-02
-7.981815726630259178e-02
-8.433623518462773916e-02
-7.207288066500439072e-02
-7.271832038997949610e-02
-8.239991608571273218e-02
-6.884568201776986029e-02
-6.755480254843604371e-02
-7.594551899248358495e-02
-7.659095870851295729e-02
-6.755480254843604371e-02
-5.464600752683779206e-02
-5.916408585230570338e-02
-6.884568201776986029e-02
-6.110040511225633963e-02
-5.787320633820769444e-02
-5.851864609600276879e-02
-5.722776657892048036e-02
-5.529144729209711784e-02
-5.270968822209809446e-02
-6.303672435877771818e-02
-6.884568201776986029e-02
-4.496441086870106574e-02
-4.173721190794665858e-02
-6.432760384899793848e-02
-5.270968822209809446e-02
-3.270105461898786814e-02
-4.302809149673159084e-02
-5.787320633820769444e-02
-5.141880867813597433e-02
-4.238265170308608276e-02
-4.819160979209335949e-02
-3.980089251355600766e-02
-3.463737406272571207e-02
-5.012792912819996616e-02
-5.141880867813597433e-02
-4.754617001040450930e-02
-4.302809149673159084e-02
-3.657369349300410022e-02
-4.109177211131154195e-02
-4.819160979209335949e-02
-3.915545271243559000e-02
-4.109177211131154195e-02
-5.077336890391492830e-02
-4.560985065636735669e-02
-3.657369349300410022e-02
-3.399193424964330745e-02
-4.754617001040450930e-02
-4.302809149673159084e-02
-3.205561480141483344e-02
-3.786457310571123003e-02
-4.238265170308608276e-02
-4.044633231318073285e-02
-3.528281387431420058e-02
-3.399193424964330745e-02
-4.496441086870106574e-02
-2.947385551616754640e-02
-2.108313767373459768e-02
-3.851001290982125624e-02
-4.496441086870106574e-02
-2.947385551616754640e-02
-2.689209620697852188e-02
-4.302809149673159084e-02
-4.690073022721996665e-02
-3.270105461898786814e-02
-2.818297586456530723e-02
-3.528281387431420058e-02
-3.205561480141483344e-02
-2.043769782922133516e-02
-3.141017498234788263e-02
-4.173721190794665858e-02
-4.238265170308608276e-02
-2.108313767373459768e-02
-1.656505873069136214e-02
-3.786457310571123003e-02
-4.044633231318073285e-02
-3.205561480141483344e-02
-3.721913330010373500e-02
-3.980089251355600766e-02
-1.979225798321060381e-02
-1.398329930171193780e-02
-3.205561480141483344e-02
-4.173721190794665858e-02
-2.818297586456530723e-02
-3.205561480141483344e-02
-4.173721190794665858e-02
-3.011929533972335093e-02
-1.850137828669673468e-02
-1.269241957823297184e-02
-2.753753603651887261e-02
-4.883704957229006993e-02
-2.947385551616754640e-02
-2.560121654340363762e-02
-3.399193424964330745e-02
-1.979225798321060381e-02
-2.172857751675039140e-02
-1.914681813570240365e-02
-3.141017498234788263e-02
-4.044633231318073285e-02
-1.721049858419121392e-02
-2.431033687384065445e-02
-4.496441086870106574e-02
-3.076473516178346301e-02
-1.011066011329120329e-02
-2.043769782922133516e-02
-3.270105461898786814e-02
-2.431033687384065445e-02
-2.366489703681295964e-02
-3.980089251355600766e-02
-3.851001290982125624e-02
-1.914681813570240365e-02
-1.914681813570240365e-02
-3.657369349300410022e-02
-3.270105461898786814e-02
-1.979225798321060381e-02
-2.624665637593892598e-02
-2.689209620697852188e-02
-1.398329930171193780e-02
-2.108313767373459768e-02
-3.141017498234788263e-02
-3.528281387431420058e-02
-2.237401735826871629e-02
-8.174340498849019809e-03
-2.882841569111427305e-02
-3.270105461898786814e-02
-1.656505873069136214e-02
-2.237401735826871629e-02
-3.205561480141483344e-02
-3.463737406272571207e-02
-2.237401735826871629e-02
-2.043769782922133516e-02
-3.011929533972335093e-02
-2.301945719828957237e-02
-1.333785944072296559e-02
-2.495577670936910408e-02
-3.463737406272571207e-02
-2.431033687384065445e-02
-8.819780371828400689e-03
-2.366489703681295964e-02
-3.528281387431420058e-02
-2.753753603651887261e-02
-1.785593843619182053e-02
-1.333785944072296559e-02
-2.237401735826871629e-02
-1.785593843619182053e-02
-1.721049858419121392e-02
-2.882841569111427305e-02
-2.818297586456530723e-02
-1.721049858419121392e-02
-4.947141111459885110e-03
-2.301945719828957237e-02
-3.076473516178346301e-02
-1.527417901919747578e-02
-1.785593843619182053e-02
-2.753753603651887261e-02
-2.431033687384065445e-02
-1.140153984876057791e-02
-8.819780371828400689e-03
-3.463737406272571207e-02
-3.399193424964330745e-02
6.670776993598082072e-03
2.163779863373349599e-04
-2.560121654340363762e-02
-1.462873916120344120e-02
-8.819780371828400689e-03
-2.560121654340363762e-02
-3.205561480141483344e-02
-1.850137828669673468e-02
-1.269241957823297184e-02
-2.495577670936910408e-02
-2.108313767373459768e-02
-6.238020870913629778e-03
-1.075609998177462501e-02
-1.914681813570240365e-02
-1.333785944072296559e-02
-4.290619061375622323e-04
-1.074501797111437895e-03
-1.979225798321060381e-02
-2.818297586456530723e-02
-1.979225798321060381e-02
-1.914681813570240365e-02
-1.979225798321060381e-02
-5.592580991935491852e-03
-7.528900624368617400e-03
-2.560121654340363762e-02
-2.366489703681295964e-02
-8.819780371828400689e-03
-7.528900624368617400e-03
-3.270105461898786814e-02
-3.334649443506343403e-02
-1.398329930171193780e-02
-1.721049858419121392e-02
-2.624665637593892598e-02
-1.269241957823297184e-02
-2.365381574559677347e-03
-1.204697971424550929e-02
-2.237401735826871629e-02
-1.656505873069136214e-02
-3.656261346010936109e-03
-6.883460748390746176e-03
-2.237401735826871629e-02
-1.656505873069136214e-02
-1.333785944072296559e-02
-1.785593843619182053e-02
-1.333785944072296559e-02
-1.075609998177462501e-02
-1.656505873069136214e-02
-1.979225798321060381e-02
-1.591961887569404155e-02
-6.238020870913629778e-03
-6.883460748390746176e-03
-2.043769782922133516e-02
-2.043769782922133516e-02
-6.238020870913629778e-03
-1.398329930171193780e-02
-2.237401735826871629e-02
-1.075609998177462501e-02
-1.398329930171193780e-02
-1.785593843619182053e-02
-2.043769782922133516e-02
-1.527417901919747578e-02
-1.074501797111437895e-03
-1.140153984876057791e-02
-3.334649443506343403e-02
-1.850137828669673468e-02
-5.592580991935491852e-03
-1.333785944072296559e-02
-1.462873916120344120e-02
-3.010821461035817492e-03
-6.883460748390746176e-03
-3.463737406272571207e-02
-2.818297586456530723e-02
3.443577471211156649e-03
-1.074501797111437895e-03
-2.237401735826871629e-02
-2.172857751675039140e-02
-6.883460748390746176e-03
-6.883460748390746176e-03
-1.785593843619182053e-02
-1.462873916120344120e-02
-1.591961887569404155e-02
-2.689209620697852188e-02
-2.818297586456530723e-02
-1.914681813570240365e-02
-5.592580991935491852e-03
-1.721049858419121392e-02
-2.043769782922133516e-02
-4.947141111459885110e-03
-6.238020870913629778e-03
-2.237401735826871629e-02
-2.560121654340363762e-02
-1.527417901919747578e-02
-1.204697971424550929e-02
-1.914681813570240365e-02
-1.462873916120344120e-02
-1.011066011329120329e-02
-1.979225798321060381e-02
-2.237401735826871629e-02
-1.398329930171193780e-02
-1.204697971424550929e-02
-1.527417901919747578e-02
-1.850137828669673468e-02
-8.819780371828400689e-03
-2.365381574559677347e-03
-1.204697971424550929e-02
-8.174340498849019809e-03
2.152697672761050285e-03
-8.174340498849019809e-03
-3.076473516178346301e-02
-2.624665637593892598e-02
-3.010821461035817492e-03
-6.238020870913629778e-03
-1.785593843619182053e-02
-7.528900624368617400e-03
-1.719941686586068386e-03
-1.398329930171193780e-02
-2.172857751675039140e-02
-1.075609998177462501e-02
-3.656261346010936109e-03
-1.527417901919747578e-02
-1.656505873069136214e-02
-6.883460748390746176e-03
-6.238020870913629778e-03
-2.431033687384065445e-02
-1.914681813570240365e-02
1.507257775786641218e-03
2.152697672761050285e-03
-1.979225798321060381e-02
-1.785593843619182053e-02
-3.656261346010936109e-03
-8.819780371828400689e-03
-1.656505873069136214e-02
-8.174340498849019809e-03
2.163779863373349599e-04
-1.204697971424550929e-02
-2.301945719828957237e-02
-7.528900624368617400e-03
-6.883460748390746176e-03
-1.979225798321060381e-02
-2.108313767373459768e-02
-4.301701229485033195e-03
-4.947141111459885110e-03
-2.624665637593892598e-02
-3.011929533972335093e-02
-1.527417901919747578e-02
-1.914681813570240365e-02
-1.075609998177462501e-02
-1.719941686586068386e-03
-3.656261346010936109e-03
-1.656505873069136214e-02
-2.431033687384065445e-02
-1.204697971424550929e-02
-1.719941686586068386e-03
-1.398329930171193780e-02
-1.914681813570240365e-02
-1.075609998177462501e-02
-3.010821461035817492e-03
-4.301701229485033195e-03
-1.011066011329120329e-02
-1.333785944072296559e-02
-1.656505873069136214e-02
-2.882841569111427305e-02
