-7.045390185398403560e-03
8.445180008880726064e-03
-5.909860447790293847e-04
-7.690830591057462584e-03
-1.236426465716533585e-03
-3.172747719363044894e-03
6.508858686437690722e-03
6.998948016843087316e-04
2.636216082841258412e-03
7.154299125723184716e-03
-7.690830591057462584e-03
-1.220891338790508485e-02
3.281656512951869331e-03
9.736060898156040366e-03
-5.109068959255225195e-03
-7.690830591057462584e-03
-5.754509369497284865e-03
-5.109068959255225195e-03
-9.627151798870414723e-03
-5.909860447790293847e-04
9.736060898156040366e-03
-4.463628547487275000e-03
-7.690830591057462584e-03
4.572537377759644528e-03
6.508858686437690722e-03
-5.109068959255225195e-03
-6.399949778211677653e-03
1.167238224354250065e-02
1.167238224354250065e-02
-7.045390185398403560e-03
-1.027259219842058258e-02
1.345335227208366291e-03
4.572537377759644528e-03
-5.909860447790293847e-04
5.217977812456808806e-03
1.167238224354250065e-02
-5.909860447790293847e-04
-8.336270995188854727e-03
-5.109068959255225195e-03
3.281656512951869331e-03
1.345335227208366291e-03
-2.527307303010317696e-03
1.038150134508875055e-02
1.038150134508875055e-02
-7.045390185398403560e-03
-8.336270995188854727e-03
2.636216082841258412e-03
5.217977812456808806e-03
-7.045390185398403560e-03
3.281656512951869331e-03
1.425414405881220148e-02
1.990775654260090732e-03
-8.981711397792579987e-03
5.445437768969441095e-05
1.038150134508875055e-02
-4.463628547487275000e-03
-7.690830591057462584e-03
1.296326314811757641e-02
1.102694179355090398e-02
-4.463628547487275000e-03
5.445437768969441095e-05
9.090620452754549774e-03
-3.172747719363044894e-03
-1.349979417325997133e-02
-7.690830591057462584e-03
1.345335227208366291e-03
7.154299125723184716e-03
-1.672699610993078068e-02
-1.091803259644130719e-02
6.508858686437690722e-03
-8.981711397792579987e-03
-1.414523456364769061e-02
6.508858686437690722e-03
8.445180008880726064e-03
-5.909860447790293847e-04
5.445437768969441095e-05
3.281656512951869331e-03
-5.909860447790293847e-04
-1.236426465716533585e-03
3.281656512951869331e-03
2.636216082841258412e-03
-8.336270995188854727e-03
-6.399949778211677653e-03
5.445437768969441095e-05
6.998948016843087316e-04
-8.981711397792579987e-03
-5.754509369497284865e-03
7.154299125723184716e-03
-5.909860447790293847e-04
-1.349979417325997133e-02
5.217977812456808806e-03
5.217977812456808806e-03
-1.349979417325997133e-02
-4.463628547487275000e-03
1.360870360270105550e-02
1.619046543633118063e-02
5.445437768969441095e-05
-9.627151798870414723e-03
-2.527307303010317696e-03
-1.091803259644130719e-02
-1.737243649268549461e-02
-1.881866885128147260e-03
8.445180008880726064e-03
-1.236426465716533585e-03
-8.336270995188854727e-03
1.990775654260090732e-03
7.154299125723184716e-03
-1.881866885128147260e-03
-1.414523456364769061e-02
3.927096944591923489e-03
3.927096944591923489e-03
-1.414523456364769061e-02
-1.737243649268549461e-02
-4.463628547487275000e-03
3.927096944591923489e-03
-5.109068959255225195e-03
-3.172747719363044894e-03
1.167238224354250065e-02
5.217977812456808806e-03
-7.045390185398403560e-03
2.636216082841258412e-03
1.619046543633118063e-02
7.799739566536345592e-03
-7.690830591057462584e-03
5.445437768969441095e-05
3.927096944591923489e-03
2.636216082841258412e-03
7.799739566536345592e-03
1.231782269506709326e-02
-5.109068959255225195e-03
-4.463628547487275000e-03
-1.349979417325997133e-02
-5.909860447790293847e-04
7.799739566536345592e-03
-5.909860447790293847e-04
1.990775654260090732e-03
7.799739566536345592e-03
8.445180008880726064e-03
5.863418248683416323e-03
1.748134636233089623e-02
1.877222729445193750e-02
-2.527307303010317696e-03
-7.690830591057462584e-03
7.799739566536345592e-03
4.572537377759644528e-03
-8.336270995188854727e-03
5.863418248683416323e-03
1.812678682762580706e-02
6.998948016843087316e-04
-9.627151798870414723e-03
-5.909860447790293847e-04
1.231782269506709326e-02
3.281656512951869331e-03
-1.091803259644130719e-02
4.572537377759644528e-03
1.167238224354250065e-02
-8.336270995188854727e-03
-7.690830591057462584e-03
4.572537377759644528e-03
1.345335227208366291e-03
-3.818188134188105209e-03
5.445437768969441095e-05
2.636216082841258412e-03
3.281656512951869331e-03
2.636216082841258412e-03
-1.881866885128147260e-03
6.508858686437690722e-03
-5.909860447790293847e-04
-7.690830591057462584e-03
9.090620452754549774e-03
1.167238224354250065e-02
-5.109068959255225195e-03
-5.754509369497284865e-03
-5.909860447790293847e-04
2.636216082841258412e-03
-7.045390185398403560e-03
-1.414523456364769061e-02
-6.399949778211677653e-03
-3.172747719363044894e-03
-7.690830591057462584e-03
-5.909860447790293847e-04
5.217977812456808806e-03
-4.463628547487275000e-03
-9.627151798870414723e-03
9.090620452754549774e-03
1.489958451645456705e-02
-3.818188134188105209e-03
-5.109068959255225195e-03
9.090620452754549774e-03
6.508858686437690722e-03
-7.690830591057462584e-03
-3.172747719363044894e-03
9.090620452754549774e-03
7.799739566536345592e-03
-6.399949778211677653e-03
-3.818188134188105209e-03
3.927096944591923489e-03
-3.172747719363044894e-03
-6.399949778211677653e-03
1.296326314811757641e-02
1.683590589856542863e-02
-7.690830591057462584e-03
-9.627151798870414723e-03
5.863418248683416323e-03
3.927096944591923489e-03
-6.399949778211677653e-03
-1.220891338790508485e-02
1.345335227208366291e-03
1.102694179355090398e-02
3.927096944591923489e-03
5.445437768969441095e-05
5.445437768969441095e-05
-6.399949778211677653e-03
-7.045390185398403560e-03
5.863418248683416323e-03
9.736060898156040366e-03
-7.690830591057462584e-03
-6.399949778211677653e-03
5.863418248683416323e-03
3.281656512951869331e-03
-6.399949778211677653e-03
-8.336270995188854727e-03
6.998948016843087316e-04
-1.881866885128147260e-03
-6.399949778211677653e-03
-5.909860447790293847e-04
1.038150134508875055e-02
4.572537377759644528e-03
3.927096944591923489e-03
5.863418248683416323e-03
9.090620452754549774e-03
3.281656512951869331e-03
-9.627151798870414723e-03
-7.045390185398403560e-03
-1.881866885128147260e-03
-1.881866885128147260e-03
1.345335227208366291e-03
4.572537377759644528e-03
-5.754509369497284865e-03
-6.399949778211677653e-03
2.636216082841258412e-03
8.445180008880726064e-03
-5.909860447790293847e-04
-2.527307303010317696e-03
3.927096944591923489e-03
-2.527307303010317696e-03
-9.627151798870414723e-03
-5.109068959255225195e-03
6.508858686437690722e-03
-5.909860447790293847e-04
-9.627151798870414723e-03
5.217977812456808806e-03
1.554502497562992858e-02
3.927096944591923489e-03
-1.479067495250774300e-02
-1.156347299293614128e-02
4.572537377759644528e-03
1.345335227208366291e-03
3.927096944591923489e-03
7.799739566536345592e-03
3.281656512951869331e-03
-1.236426465716533585e-03
-1.220891338790508485e-02
-9.627151798870414723e-03
7.154299125723184716e-03
-5.909860447790293847e-04
-7.045390185398403560e-03
9.736060898156040366e-03
1.102694179355090398e-02
1.345335227208366291e-03
3.927096944591923489e-03
3.281656512951869331e-03
-7.045390185398403560e-03
-4.463628547487275000e-03
-3.172747719363044894e-03
-7.690830591057462584e-03
-1.027259219842058258e-02
-5.109068959255225195e-03
1.345335227208366291e-03
5.863418248683416323e-03
8.445180008880726064e-03
-3.818188134188105209e-03
-1.881866885128147260e-03
6.998948016843087316e-04
-4.463628547487275000e-03
-7.690830591057462584e-03
-1.236426465716533585e-03
-5.909860447790293847e-04
-3.172747719363044894e-03
9.736060898156040366e-03
1.554502497562992858e-02
-5.109068959255225195e-03
1.345335227208366291e-03
1.167238224354250065e-02
-5.754509369497284865e-03
-1.543611533984190487e-02
-2.527307303010317696e-03
7.154299125723184716e-03
-1.881866885128147260e-03
-1.479067495250774300e-02
-2.576316132963185623e-02
-5.545341637643197430e-02
-9.740703215118351466e-02
-1.212883182680659644e-01
-1.128975963551681616e-01
-1.103158357151077240e-01
-1.174156774169787809e-01
-1.070886348809505506e-01
-8.901630950943939524e-02
-9.417983116546402300e-02
-1.019251134675140946e-01
-9.224351055583213110e-02
-8.707998886339574085e-02
-9.482527136564122827e-02
-1.006342330989991041e-01
-8.901630950943939524e-02
-7.739838542827115475e-02
-9.998879291246787204e-02
-1.109612758773952379e-01
-7.158942320318750774e-02
-7.223486345649732243e-02
-1.057977545366828309e-01
-1.296790399252234494e-01
-1.012796732840133274e-01
-9.159807034958689087e-02
-1.135430365114000750e-01
-1.057977545366828309e-01
-8.901630950943939524e-02
-1.032159938299646029e-01
-1.264518393181095490e-01
-1.135430365114000750e-01
-8.707998886339574085e-02
-9.611615176144461259e-02
-1.070886348809505506e-01
-9.998879291246787204e-02
-9.611615176144461259e-02
-1.122521561974263449e-01
-1.193519978493338130e-01
-1.070886348809505506e-01
-1.025705536494978531e-01
-1.109612758773952379e-01
-1.180611175626111731e-01
-1.141884766661149797e-01
-1.206428781300026287e-01
-1.329062404945329234e-01
-1.258063991921485325e-01
-1.161247971211754049e-01
-1.135430365114000750e-01
-1.141884766661149797e-01
-1.103158357151077240e-01
-1.225791985396540440e-01
-1.309699201574829885e-01
-1.180611175626111731e-01
-1.154793569710008683e-01
-1.219337584046176204e-01
-1.251609590646758363e-01
-1.270972794425571095e-01
-1.277427195654929903e-01
-1.322608003836940327e-01
-1.316153602713452386e-01
-1.245155189356896841e-01
-1.309699201574829885e-01
-1.387152014240538023e-01
-1.322608003836940327e-01
-1.199974379904240607e-01
-1.206428781300026287e-01
-1.329062404945329234e-01
-1.245155189356896841e-01
-1.103158357151077240e-01
-1.199974379904240607e-01
-1.290335998068243839e-01
-1.187065577067301092e-01
-1.135430365114000750e-01
-1.193519978493338130e-01
-1.225791985396540440e-01
-1.135430365114000750e-01
-1.128975963551681616e-01
-1.251609590646758363e-01
-1.270972794425571095e-01
-1.296790399252234494e-01
-1.154793569710008683e-01
-1.154793569710008683e-01
-1.374243212280727988e-01
-1.161247971211754049e-01
-1.135430365114000750e-01
-1.335516806038583582e-01
-1.251609590646758363e-01
-1.103158357151077240e-01
-1.238700788051918522e-01
-1.412969617978827586e-01
-1.264518393181095490e-01
-1.122521561974263449e-01
-1.277427195654929903e-01
-1.412969617978827586e-01
-1.277427195654929903e-01
-1.122521561974263449e-01
-1.057977545366828309e-01
-1.206428781300026287e-01
-1.277427195654929903e-01
-1.225791985396540440e-01
-1.232246386731805643e-01
-1.180611175626111731e-01
-1.019251134675140946e-01
-1.096703955513067541e-01
-1.374243212280727988e-01
-1.393606415197776727e-01
-1.238700788051918522e-01
-1.290335998068243839e-01
-1.445241622311801422e-01
-1.432332820623933856e-01
-1.258063991921485325e-01
-1.258063991921485325e-01
-1.387152014240538023e-01
-1.264518393181095490e-01
-1.135430365114000750e-01
-1.290335998068243839e-01
-1.354880009227681370e-01
-1.290335998068243839e-01
-1.296790399252234494e-01
-1.380697613268200286e-01
-1.341971207116738896e-01
-1.309699201574829885e-01
-1.361334410260486294e-01
-1.361334410260486294e-01
-1.290335998068243839e-01
-1.270972794425571095e-01
-1.270972794425571095e-01
-1.283881596869154151e-01
-1.290335998068243839e-01
-1.264518393181095490e-01
-1.283881596869154151e-01
-1.348425608179759649e-01
-1.251609590646758363e-01
-1.232246386731805643e-01
-1.393606415197776727e-01
-1.529148831810651643e-01
-1.503331229159670102e-01
-1.471059225506277102e-01
-1.451696023133077773e-01
-1.387152014240538023e-01
-1.380697613268200286e-01
-1.245155189356896841e-01
-1.309699201574829885e-01
-1.225791985396540440e-01
-1.348425608179759649e-01
-1.348425608179759649e-01
-1.361334410260486294e-01
-1.322608003836940327e-01
-1.316153602713452386e-01
-1.387152014240538023e-01
-1.290335998068243839e-01
-1.187065577067301092e-01
-1.225791985396540440e-01
-1.341971207116738896e-01
-1.348425608179759649e-01
-1.251609590646758363e-01
-1.290335998068243839e-01
-1.387152014240538023e-01
-1.316153602713452386e-01
-1.264518393181095490e-01
-1.406515217066921508e-01
-1.419424018875634630e-01
-1.309699201574829885e-01
-1.303244800421090588e-01
-1.367788811278156658e-01
-1.393606415197776727e-01
-1.387152014240538023e-01
-1.464604824730315613e-01
-1.490422427743620659e-01
-1.387152014240538023e-01
-1.354880009227681370e-01
-1.419424018875634630e-01
-1.490422427743620659e-01
-1.438787221475408273e-01
-1.406515217066921508e-01
-1.503331229159670102e-01
-1.516240030515341175e-01
-1.496876828459186015e-01
-1.445241622311801422e-01
-1.490422427743620659e-01
-1.645328040752378485e-01
-1.593692837381670557e-01
-1.535603232435658327e-01
-1.690508842910105614e-01
-1.658236841444242771e-01
-1.471059225506277102e-01
-1.387152014240538023e-01
-1.445241622311801422e-01
-1.516240030515341175e-01
-1.406515217066921508e-01
-1.354880009227681370e-01
-1.483968027012938506e-01
-1.451696023133077773e-01
-1.367788811278156658e-01
-1.509785629845055155e-01
-1.509785629845055155e-01
-1.354880009227681370e-01
-1.374243212280727988e-01
-1.458150423939237328e-01
-1.464604824730315613e-01
-1.432332820623933856e-01
-1.367788811278156658e-01
-1.477513626267157321e-01
-1.393606415197776727e-01
-1.258063991921485325e-01
-1.374243212280727988e-01
-1.464604824730315613e-01
-1.374243212280727988e-01
-1.270972794425571095e-01
-1.458150423939237328e-01
-1.574329635868796373e-01
-1.412969617978827586e-01
-1.212883182680659644e-01
-1.354880009227681370e-01
-1.341971207116738896e-01
-1.251609590646758363e-01
-1.290335998068243839e-01
-1.419424018875634630e-01
-1.458150423939237328e-01
-1.464604824730315613e-01
-1.522694431170528162e-01
-1.567875235334312833e-01
-1.535603232435658327e-01
-1.445241622311801422e-01
-1.438787221475408273e-01
-1.496876828459186015e-01
-1.438787221475408273e-01
-1.348425608179759649e-01
-1.335516806038583582e-01
-1.303244800421090588e-01
-1.393606415197776727e-01
-1.483968027012938506e-01
-1.632419240000189120e-01
-1.806688045067925685e-01
-1.948684841080243757e-01
-2.239132810260002771e-01
-2.426310374294526895e-01
-2.432764772829525413e-01
-2.413401577179588031e-01
-2.690940701954929182e-01
-3.045932565464202213e-01
-2.994297388122220127e-01
-2.923299017718967718e-01
-3.020114976912449123e-01
-2.794211066905987195e-01
-2.342403191976103471e-01
-2.168134420602356727e-01
-2.155225622287648690e-01
-2.039046434751980996e-01
-1.838960044801289939e-01
-1.832505644884729890e-01
-1.871232044158297469e-01
-1.767961644890974071e-01
-1.664691241767570773e-01
-1.755052844711499915e-01
-1.806688045067925685e-01
-1.684054442647102690e-01
-1.638873640383824437e-01
-1.703417643390938707e-01
-1.690508842910105614e-01
-1.600147237855793492e-01
-1.651782441105851262e-01
-1.767961644890974071e-01
-1.658236841444242771e-01
-1.412969617978827586e-01
-1.593692837381670557e-01
-1.716326443811500013e-01
-1.632419240000189120e-01
-1.458150423939237328e-01
-1.509785629845055155e-01
-1.619510439187692441e-01
-1.516240030515341175e-01
-1.548512033640374597e-01
-1.716326443811500013e-01
-1.780870445010211967e-01
-1.542057633045565979e-01
-1.496876828459186015e-01
-1.625964839601472534e-01
-1.600147237855793492e-01
-1.432332820623933856e-01
-1.458150423939237328e-01
-1.593692837381670557e-01
-1.645328040752378485e-01
-1.561420834784765788e-01
-1.522694431170528162e-01
-1.613056038758795552e-01
-1.593692837381670557e-01
-1.445241622311801422e-01
-1.509785629845055155e-01
-1.619510439187692441e-01
-1.625964839601472534e-01
-1.625964839601472534e-01
-1.696963243158062795e-01
-1.690508842910105614e-01
-1.567875235334312833e-01
-1.554966434220119709e-01
-1.664691241767570773e-01
-1.632419240000189120e-01
-1.561420834784765788e-01
-1.619510439187692441e-01
-1.755052844711499915e-01
-1.671145642075817506e-01
-1.619510439187692441e-01
-1.774416044958133654e-01
-1.851868844589255048e-01
-1.755052844711499915e-01
-1.729235244171771768e-01
-1.787324845047226773e-01
-1.767961644890974071e-01
-1.690508842910105614e-01
-1.722780843999167644e-01
-1.800233645076083633e-01
-1.832505644884729890e-01
-1.767961644890974071e-01
-1.742144044471753972e-01
-1.806688045067925685e-01
-1.909958442890093977e-01
-1.819596845006437036e-01
-1.748598444599167578e-01
-1.748598444599167578e-01
-1.658236841444242771e-01
-1.561420834784765788e-01
-1.574329635868796373e-01
-1.729235244171771768e-01
-1.722780843999167644e-01
-1.593692837381670557e-01
-1.632419240000189120e-01
-1.696963243158062795e-01
-1.600147237855793492e-01
-1.496876828459186015e-01
-1.606601638314835157e-01
-1.658236841444242771e-01
-1.554966434220119709e-01
-1.406515217066921508e-01
-1.535603232435658327e-01
-1.742144044471753972e-01
-1.658236841444242771e-01
-1.593692837381670557e-01
-1.761507244808768746e-01
-1.884140843795769626e-01
-1.903504043139072621e-01
-1.961593640356635859e-01
-2.077772831137991716e-01
-2.026137635836420259e-01
-1.903504043139072621e-01
-1.922867242346981698e-01
-2.026137635836420259e-01
-1.935776041743704212e-01
-1.761507244808768746e-01
-1.871232044158297469e-01
-1.871232044158297469e-01
-1.613056038758795552e-01
-1.567875235334312833e-01
-1.677600042368982969e-01
-1.767961644890974071e-01
-1.671145642075817506e-01
-1.574329635868796373e-01
-1.658236841444242771e-01
-1.755052844711499915e-01
-1.942230441419496856e-01
-2.271404804958727652e-01
-2.484399960570300436e-01
-2.355311989420698637e-01
-2.116499226983155069e-01
-2.058409633012612261e-01
-2.116499226983155069e-01
-1.980956839158434235e-01
-1.845414444702786483e-01
-1.806688045067925685e-01
-1.897049643373005523e-01
-1.806688045067925685e-01
-1.606601638314835157e-01
-1.677600042368982969e-01
-1.755052844711499915e-01
-1.684054442647102690e-01
-1.774416044958133654e-01
-1.929321642052865826e-01
-1.851868844589255048e-01
-1.561420834784765788e-01
-1.548512033640374597e-01
-1.793779245069178074e-01
-1.787324845047226773e-01
-1.664691241767570773e-01
-1.819596845006437036e-01
-1.877686443984547537e-01
-1.671145642075817506e-01
-1.671145642075817506e-01
-1.767961644890974071e-01
-1.658236841444242771e-01
-1.664691241767570773e-01
-1.664691241767570773e-01
-1.729235244171771768e-01
-1.767961644890974071e-01
-1.658236841444242771e-01
-1.625964839601472534e-01
-1.774416044958133654e-01
-1.703417643390938707e-01
-1.542057633045565979e-01
-1.625964839601472534e-01
-1.664691241767570773e-01
-1.509785629845055155e-01
-1.445241622311801422e-01
-1.613056038758795552e-01
-1.793779245069178074e-01
-1.838960044801289939e-01
-1.877686443984547537e-01
-2.006774437350333784e-01
-2.084227230483080007e-01
-1.838960044801289939e-01
-1.748598444599167578e-01
-1.858323244460660106e-01
-1.813142445044721995e-01
-1.671145642075817506e-01
-1.638873640383824437e-01
-1.793779245069178074e-01
-1.832505644884729890e-01
-1.671145642075817506e-01
-1.677600042368982969e-01
-1.793779245069178074e-01
-1.735689644329312387e-01
-1.496876828459186015e-01
-1.483968027012938506e-01
-1.503331229159670102e-01
-1.199974379904240607e-01
-1.109612758773952379e-01
-1.251609590646758363e-01
-1.212883182680659644e-01
-1.154793569710008683e-01
-1.083795152191591171e-01
-1.064431947095734188e-01
-9.482527136564122827e-02
-8.062558661126750792e-02
-9.805247234377922894e-02
-1.174156774169787809e-01
-9.224351055583213110e-02
-7.675294518711517355e-02
-8.707998886339574085e-02
-8.901630950943939524e-02
-7.804382566790835085e-02
-6.965310243414535307e-02
-8.449822798075956598e-02
-8.578910842511433543e-02
-6.126237894354602531e-02
-7.288030370828479931e-02
-8.578910842511433543e-02
-7.546206470024863222e-02
-5.997149838372450859e-02
-6.384414004494232131e-02
-7.675294518711517355e-02
-7.288030370828479931e-02
-5.609885666775227264e-02
-6.384414004494232131e-02
-6.965310243414535307e-02
-6.319869977187408949e-02
-5.222621489700607356e-02
-6.255325949728707258e-02
-6.190781922117594149e-02
-4.319005055216962319e-02
-4.899901337953416203e-02
-6.190781922117594149e-02
-6.061693866439554768e-02
-5.158077459655530106e-02
-4.770813276188867746e-02
-4.835357307147170047e-02
-4.964445368607250941e-02
-5.093533429458396711e-02
-5.287165519593450824e-02
-6.513502058651710058e-02
-7.352574395855526745e-02
-4.448093119113138982e-02
-3.350844556571530575e-02
-5.997149838372450859e-02
-5.351709549334060512e-02
-3.931740859872512317e-02
-4.641725213815384166e-02
-6.126237894354602531e-02
-5.222621489700607356e-02
-3.867196826781871266e-02
-5.093533429458396711e-02
-5.803517753258269352e-02
-4.770813276188867746e-02
-4.448093119113138982e-02
-5.351709549334060512e-02
-4.835357307147170047e-02
-3.738108760143710185e-02
-4.319005055216962319e-02
-5.093533429458396711e-02
-4.964445368607250941e-02
-4.254461023040256862e-02
-4.189916990711495259e-02
-4.835357307147170047e-02
-4.899901337953416203e-02
-4.189916990711495259e-02
-4.060828925596737804e-02
-4.448093119113138982e-02
-4.899901337953416203e-02
-4.706269245078331664e-02
-3.738108760143710185e-02
-4.899901337953416203e-02
-5.093533429458396711e-02
-3.996284892810741951e-02
-4.448093119113138982e-02
-4.964445368607250941e-02
-3.544476659043382938e-02
-3.221756487494786825e-02
-4.770813276188867746e-02
-4.835357307147170047e-02
-3.415388590881285324e-02
-2.963580347511829416e-02
-4.448093119113138982e-02
-4.060828925596737804e-02
-2.769948240923802985e-02
-3.802652793538996434e-02
-5.545341637643197430e-02
-4.125372958230144604e-02
-2.576316132963185623e-02
-4.448093119113138982e-02
-4.706269245078331664e-02
-4.319005055216962319e-02
-4.125372958230144604e-02
-4.189916990711495259e-02
-4.512637150832965460e-02
-2.447228060226791513e-02
-3.028124382736407938e-02
-4.383549087241078723e-02
-4.189916990711495259e-02
-3.286300522109364408e-02
-3.028124382736407938e-02
-3.931740859872512317e-02
-4.060828925596737804e-02
-2.769948240923802985e-02
-2.576316132963185623e-02
-3.609020692895903437e-02
-3.609020692895903437e-02
-2.576316132963185623e-02
-3.028124382736407938e-02
-4.448093119113138982e-02
-3.609020692895903437e-02
-1.543611533984190487e-02
-2.511772096671194276e-02
-4.577181182400202886e-02
-3.221756487494786825e-02
-1.995419800844189240e-02
-3.479932625038451022e-02
-3.673564726596012520e-02
-1.801787687391254167e-02
-1.672699610993078068e-02
-3.673564726596012520e-02
-3.609020692895903437e-02
-2.447228060226791513e-02
-2.769948240923802985e-02
-2.963580347511829416e-02
-2.189051912923645205e-02
-1.866331725361547456e-02
-2.576316132963185623e-02
-3.996284892810741951e-02
-3.544476659043382938e-02
-2.253595949978226542e-02
-2.899036312135017113e-02
-2.963580347511829416e-02
-2.189051912923645205e-02
-2.447228060226791513e-02
-3.350844556571530575e-02
-3.867196826781871266e-02
-2.318139986880396464e-02
-2.059963838356537735e-02
-3.609020692895903437e-02
-3.544476659043382938e-02
-2.382684023629977332e-02
-2.576316132963185623e-02
-3.867196826781871266e-02
-3.673564726596012520e-02
-2.769948240923802985e-02
-2.447228060226791513e-02
-3.221756487494786825e-02
-2.253595949978226542e-02
-1.349979417325997133e-02
-2.640860169102587918e-02
-3.996284892810741951e-02
-2.318139986880396464e-02
-1.027259219842058258e-02
-2.124507875716297178e-02
-3.867196826781871266e-02
-3.221756487494786825e-02
-2.769948240923802985e-02
-3.867196826781871266e-02
-3.350844556571530575e-02
-2.124507875716297178e-02
-2.318139986880396464e-02
-3.867196826781871266e-02
-4.189916990711495259e-02
-2.963580347511829416e-02
-2.511772096671194276e-02
-3.028124382736407938e-02
-2.124507875716297178e-02
-1.543611533984190487e-02
-2.318139986880396464e-02
-3.479932625038451022e-02
-3.286300522109364408e-02
-1.414523456364769061e-02
-2.769948240923802985e-02
-5.093533429458396711e-02
-3.092668417808219772e-02
-7.690830591057462584e-03
-2.769948240923802985e-02
-3.415388590881285324e-02
-2.189051912923645205e-02
-1.995419800844189240e-02
-2.834492276605615757e-02
-3.544476659043382938e-02
-2.640860169102587918e-02
-2.511772096671194276e-02
-2.769948240923802985e-02
-2.189051912923645205e-02
-1.672699610993078068e-02
-2.189051912923645205e-02
-3.286300522109364408e-02
-2.189051912923645205e-02
-1.156347299293614128e-02
-2.511772096671194276e-02
-3.673564726596012520e-02
-2.189051912923645205e-02
-1.543611533984190487e-02
-2.769948240923802985e-02
-2.705404205089401160e-02
-1.801787687391254167e-02
-2.059963838356537735e-02
-2.963580347511829416e-02
-2.769948240923802985e-02
-1.091803259644130719e-02
-7.045390185398403560e-03
-2.769948240923802985e-02
-2.963580347511829416e-02
-1.156347299293614128e-02
-7.045390185398403560e-03
-2.124507875716297178e-02
-2.705404205089401160e-02
-1.930875763179074056e-02
-1.608155572564839986e-02
-2.899036312135017113e-02
-2.447228060226791513e-02
1.345335227208366291e-03
-1.866331725361547456e-02
-3.544476659043382938e-02
-1.091803259644130719e-02
-5.754509369497284865e-03
-2.059963838356537735e-02
-2.576316132963185623e-02
-1.608155572564839986e-02
-1.091803259644130719e-02
-3.092668417808219772e-02
-2.834492276605615757e-02
-7.690830591057462584e-03
-1.479067495250774300e-02
-3.028124382736407938e-02
-2.576316132963185623e-02
-1.091803259644130719e-02
-1.027259219842058258e-02
-2.447228060226791513e-02
-1.995419800844189240e-02
-1.027259219842058258e-02
-2.124507875716297178e-02
-2.769948240923802985e-02
-1.930875763179074056e-02
-9.627151798870414723e-03
-1.737243649268549461e-02
-3.092668417808219772e-02
-3.221756487494786825e-02
-1.995419800844189240e-02
-2.447228060226791513e-02
-2.769948240923802985e-02
-1.027259219842058258e-02
-1.543611533984190487e-02
-3.673564726596012520e-02
-2.963580347511829416e-02
-1.349979417325997133e-02
-9.627151798870414723e-03
-3.286300522109364408e-02
-2.447228060226791513e-02
5.445437768969441095e-05
-1.349979417325997133e-02
-2.253595949978226542e-02
-1.672699610993078068e-02
-1.027259219842058258e-02
-2.059963838356537735e-02
-3.286300522109364408e-02
-1.672699610993078068e-02
-7.690830591057462584e-03
-2.189051912923645205e-02
-2.511772096671194276e-02
-1.672699610993078068e-02
-4.463628547487275000e-03
-1.349979417325997133e-02
-1.995419800844189240e-02
-8.336270995188854727e-03
-9.627151798870414723e-03
-2.511772096671194276e-02
-3.092668417808219772e-02
-1.737243649268549461e-02
-1.479067495250774300e-02
-3.028124382736407938e-02
-2.382684023629977332e-02
-1.220891338790508485e-02
-2.318139986880396464e-02
-3.867196826781871266e-02
-1.027259219842058258e-02
-4.463628547487275000e-03
-2.124507875716297178e-02
-1.672699610993078068e-02
-4.463628547487275000e-03
-1.672699610993078068e-02
-3.996284892810741951e-02
-3.802652793538996434e-02
-1.414523456364769061e-02
-7.690830591057462584e-03
-2.576316132963185623e-02
-2.705404205089401160e-02
-1.091803259644130719e-02
-9.627151798870414723e-03
-2.253595949978226542e-02
-2.382684023629977332e-02
-1.479067495250774300e-02
-1.866331725361547456e-02
-3.221756487494786825e-02
-2.576316132963185623e-02
-7.690830591057462584e-03
-1.027259219842058258e-02
-1.737243649268549461e-02
-1.349979417325997133e-02
-8.981711397792579987e-03
-1.608155572564839986e-02
-2.124507875716297178e-02
-9.627151798870414723e-03
-2.527307303010317696e-03
-1.672699610993078068e-02
-2.124507875716297178e-02
-5.909860447790293847e-04
-1.543611533984190487e-02
-2.705404205089401160e-02
-1.672699610993078068e-02
-1.027259219842058258e-02
-1.285435378134636153e-02
-2.318139986880396464e-02
-1.220891338790508485e-02
-2.527307303010317696e-03
-2.124507875716297178e-02
-3.221756487494786825e-02
-2.059963838356537735e-02
-5.109068959255225195e-03
-7.690830591057462584e-03
-1.608155572564839986e-02
-7.045390185398403560e-03
-3.818188134188105209e-03
-2.124507875716297178e-02
-2.834492276605615757e-02
-1.414523456364769061e-02
-1.220891338790508485e-02
