8.337246876292780939e-03
-9.089644530380525111e-03
-2.635240435598262820e-03
5.755485116095471199e-03
-3.926121266776050334e-03
-1.989800017716092384e-03
8.337246876292780939e-03
3.819163812003978364e-03
-2.070757151615332248e-02
-2.780741554182597497e-02
-8.444204127776799851e-03
-5.862442502085229989e-03
-1.231684652049302997e-02
-3.280680851950990018e-03
3.819163812003978364e-03
-7.153323317986348684e-03
-1.296228691393430665e-02
-3.280680851950990018e-03
3.819163812003978364e-03
-6.507882910799622778e-03
-1.038052533100852770e-02
1.237402094620421167e-03
4.464604245171699404e-03
1.882842521672145608e-03
-6.507882910799622778e-03
-1.344359598304478709e-03
5.755485116095471199e-03
7.046365993135239592e-03
-1.344359598304478709e-03
4.464604245171699404e-03
1.608253230374323550e-02
4.464604245171699404e-03
-8.444204127776799851e-03
-2.635240435598262820e-03
6.400925553849745597e-03
-5.347875489825071327e-05
-2.635240435598262820e-03
7.691806433948400468e-03
3.173723380363924207e-03
-1.989800017716092384e-03
-8.444204127776799851e-03
7.046365993135239592e-03
7.046365993135239592e-03
-1.877125038620341968e-02
-1.102596572902925232e-02
1.220988956247914814e-02
3.819163812003978364e-03
-7.153323317986348684e-03
-6.989191773669745089e-04
1.156444911095455552e-02
5.755485116095471199e-03
-1.296228691393430665e-02
-3.926121266776050334e-03
1.156444911095455552e-02
3.173723380363924207e-03
-4.571561680075220124e-03
7.691806433948400468e-03
1.543709184304198345e-02
1.237402094620421167e-03
-1.038052533100852770e-02
-5.347875489825071327e-05
2.528282950253313288e-03
-7.153323317986348684e-03
-6.989191773669745089e-04
1.091900866096295886e-02
3.819163812003978364e-03
-1.038052533100852770e-02
-3.280680851950990018e-03
3.819163812003978364e-03
-9.735084931458359847e-03
-5.217002091843170319e-03
2.528282950253313288e-03
5.110044679868863682e-03
1.882842521672145608e-03
-5.217002091843170319e-03
1.237402094620421167e-03
7.691806433948400468e-03
-5.217002091843170319e-03
-7.153323317986348684e-03
1.091900866096295886e-02
1.091900866096295886e-02
-4.571561680075220124e-03
-9.735084931458359847e-03
8.337246876292780939e-03
1.414621092622425635e-02
-6.507882910799622778e-03
-8.444204127776799851e-03
1.091900866096295886e-02
1.237402094620421167e-03
-1.296228691393430665e-02
-4.571561680075220124e-03
7.691806433948400468e-03
3.173723380363924207e-03
-2.635240435598262820e-03
5.919616690963636074e-04
2.528282950253313288e-03
1.882842521672145608e-03
-3.926121266776050334e-03
-5.862442502085229989e-03
2.528282950253313288e-03
-1.344359598304478709e-03
-2.635240435598262820e-03
1.220988956247914814e-02
1.608253230374323550e-02
1.882842521672145608e-03
-5.217002091843170319e-03
3.819163812003978364e-03
3.173723380363924207e-03
-4.571561680075220124e-03
3.173723380363924207e-03
6.400925553849745597e-03
-1.989800017716092384e-03
-8.444204127776799851e-03
-7.153323317986348684e-03
9.628127765568095242e-03
1.027356821250080543e-02
-9.735084931458359847e-03
-3.926121266776050334e-03
1.027356821250080543e-02
-5.347875489825071327e-05
-1.102596572902925232e-02
-5.862442502085229989e-03
3.173723380363924207e-03
-4.571561680075220124e-03
-1.038052533100852770e-02
7.046365993135239592e-03
2.253693699497105740e-02
2.528282950253313288e-03
-9.089644530380525111e-03
-3.280680851950990018e-03
-5.347875489825071327e-05
-5.347875489825071327e-05
-3.926121266776050334e-03
-1.344359598304478709e-03
1.237402094620421167e-03
-1.038052533100852770e-02
-1.167140612552408641e-02
1.027356821250080543e-02
7.046365993135239592e-03
-5.347875489825071327e-05
4.464604245171699404e-03
5.110044679868863682e-03
-5.347875489825071327e-05
-7.153323317986348684e-03
2.528282950253313288e-03
1.156444911095455552e-02
1.285533001552963128e-02
7.046365993135239592e-03
-6.989191773669745089e-04
4.464604245171699404e-03
3.173723380363924207e-03
-5.217002091843170319e-03
-3.280680851950990018e-03
3.173723380363924207e-03
-1.989800017716092384e-03
-1.167140612552408641e-02
4.464604245171699404e-03
1.479165138386662193e-02
-4.571561680075220124e-03
-1.167140612552408641e-02
5.755485116095471199e-03
1.350077047011311038e-02
1.237402094620421167e-03
-9.735084931458359847e-03
6.400925553849745597e-03
1.220988956247914814e-02
5.110044679868863682e-03
1.237402094620421167e-03
1.882842521672145608e-03
1.220988956247914814e-02
1.237402094620421167e-03
-7.798763723645407708e-03
1.091900866096295886e-02
1.608253230374323550e-02
1.237402094620421167e-03
-1.989800017716092384e-03
4.464604245171699404e-03
-5.347875489825071327e-05
-1.554404847242984999e-02
-1.102596572902925232e-02
1.350077047011311038e-02
1.027356821250080543e-02
-8.444204127776799851e-03
-7.153323317986348684e-03
1.882842521672145608e-03
-3.280680851950990018e-03
-1.989800017716092384e-03
3.819163812003978364e-03
5.110044679868863682e-03
-3.926121266776050334e-03
-1.231684652049302997e-02
-3.926121266776050334e-03
5.919616690963636074e-04
-8.444204127776799851e-03
-5.862442502085229989e-03
1.091900866096295886e-02
1.027356821250080543e-02
-3.926121266776050334e-03
-1.989800017716092384e-03
1.027356821250080543e-02
1.350077047011311038e-02
3.819163812003978364e-03
-3.926121266776050334e-03
3.173723380363924207e-03
-7.153323317986348684e-03
-1.683492924251872580e-02
-2.635240435598262820e-03
9.628127765568095242e-03
3.173723380363924207e-03
-5.862442502085229989e-03
5.110044679868863682e-03
1.027356821250080543e-02
1.237402094620421167e-03
-7.153323317986348684e-03
1.237402094620421167e-03
8.982687320166604650e-03
-6.507882910799622778e-03
-1.489860808509568812e-02
-6.989191773669745089e-04
8.982687320166604650e-03
-1.989800017716092384e-03
-1.038052533100852770e-02
8.337246876292780939e-03
8.337246876292780939e-03
-9.735084931458359847e-03
-7.798763723645407708e-03
1.285533001552963128e-02
1.801885369503786194e-02
-5.862442502085229989e-03
-5.217002091843170319e-03
2.060061557152792489e-02
1.285533001552963128e-02
-7.798763723645407708e-03
-7.153323317986348684e-03
1.882842521672145608e-03
-8.444204127776799851e-03
-1.618948885823634498e-02
-4.571561680075220124e-03
8.982687320166604650e-03
2.528282950253313288e-03
-1.038052533100852770e-02
-5.347875489825071327e-05
1.027356821250080543e-02
1.237402094620421167e-03
-7.798763723645407708e-03
7.046365993135239592e-03
1.156444911095455552e-02
-3.926121266776050334e-03
-9.089644530380525111e-03
5.110044679868863682e-03
1.091900866096295886e-02
-3.280680851950990018e-03
-9.089644530380525111e-03
6.400925553849745597e-03
1.801885369503786194e-02
-4.571561680075220124e-03
-1.344359598304478709e-03
1.285533001552963128e-02
1.882842521672145608e-03
-1.296228691393430665e-02
-5.347875489825071327e-05
2.124605604447715734e-02
1.285533001552963128e-02
-6.989191773669745089e-04
9.628127765568095242e-03
1.737341322974295110e-02
1.882842521672145608e-03
-9.089644530380525111e-03
-4.571561680075220124e-03
1.027356821250080543e-02
2.528282950253313288e-03
-5.217002091843170319e-03
3.819163812003978364e-03
3.819163812003978364e-03
-1.038052533100852770e-02
-1.425316769623563573e-02
-3.280680851950990018e-03
-6.989191773669745089e-04
-6.507882910799622778e-03
-7.798763723645407708e-03
-5.347875489825071327e-05
-6.989191773669745089e-04
-5.862442502085229989e-03
-5.217002091843170319e-03
9.628127765568095242e-03
1.220988956247914814e-02
-6.989191773669745089e-04
-6.989191773669745089e-04
9.628127765568095242e-03
1.882842521672145608e-03
-1.102596572902925232e-02
1.156444911095455552e-02
1.220988956247914814e-02
2.528282950253313288e-03
-1.296228691393430665e-02
-9.089644530380525111e-03
-9.089644530380525111e-03
-4.136166271488939117e-02
-5.749767037841557737e-02
-4.717062558337126177e-02
-4.523430464091759973e-02
-6.847015504643927386e-02
-7.879719903861470698e-02
-5.685223009013817830e-02
-5.620678980034021777e-02
-7.621543807703012874e-02
-7.879719903861470698e-02
-6.524295371910504571e-02
-6.653383425459935552e-02
-8.718792199598368597e-02
-8.266984043543423866e-02
-6.395207317753026643e-02
-7.944263927521255653e-02
-1.007421662315870492e-01
-1.026784867820857983e-01
-1.020330466001020397e-01
-1.013876064166012725e-01
-1.071965680135384957e-01
-1.020330466001020397e-01
-9.557864469688936992e-02
-9.816040547636717406e-02
-1.020330466001020397e-01
-9.622408489403255771e-02
-9.751496528377145978e-02
-1.117146491707554645e-01
-1.168781704024226542e-01
-9.751496528377145978e-02
-8.783336221284976375e-02
-1.046148073189421268e-01
-1.123600893300142900e-01
-1.078420081834003952e-01
-9.235144368842007623e-02
-9.557864469688936992e-02
-9.751496528377145978e-02
-8.976968285433883921e-02
-9.945128585700935275e-02
-1.052602474948649558e-01
-1.013876064166012725e-01
-8.976968285433883921e-02
-8.654248177760059946e-02
-1.084874483517470622e-01
-1.162327302537633500e-01
-1.039693671415058418e-01
-1.039693671415058418e-01
-1.091328885185767206e-01
-1.078420081834003952e-01
-1.033239269625525480e-01
-1.123600893300142900e-01
-1.291415329394123290e-01
-1.272052125751450546e-01
-1.207508112625905738e-01
-1.278506526980809355e-01
-1.343050538442618347e-01
-1.556045765545999160e-01
-1.665770573093450224e-01
-1.898128974698884974e-01
-2.130487356803953958e-01
-1.878765775310426989e-01
-1.749677775925047030e-01
-1.814221776370601447e-01
-1.781949776336091418e-01
-1.639952971709703888e-01
-1.556045765545999160e-01
-1.543136964371445430e-01
-1.414048949304707037e-01
-1.246234520682776292e-01
-1.226871316722419891e-01
-1.291415329394123290e-01
-1.355959340553560821e-01
-1.336596137364463033e-01
-1.375322543606607439e-01
-1.549591364966254048e-01
-1.633498571326068571e-01
-1.472138556832156553e-01
-1.439866552801287725e-01
-1.485047358338817958e-01
-1.459229755265116779e-01
-1.355959340553560821e-01
-1.310778532900709337e-01
-1.414048949304707037e-01
-1.349504939505639101e-01
-1.130055294877561067e-01
-1.168781704024226542e-01
-1.323687335162819778e-01
-1.252688921972637814e-01
-1.130055294877561067e-01
-1.162327302537633500e-01
-1.233325718057685094e-01
-1.201053711230120058e-01
-1.168781704024226542e-01
-1.239780119377797973e-01
-1.323687335162819778e-01
-1.265597724506974942e-01
-1.252688921972637814e-01
-1.433412151949813307e-01
-1.446320953637680873e-01
-1.226871316722419891e-01
-1.259143323247364776e-01
-1.530228163136531094e-01
-1.556045765545999160e-01
-1.459229755265116779e-01
-1.575408967194675824e-01
-1.794858576395057526e-01
-1.685133773972982141e-01
-1.401140147465795849e-01
-1.368868142604036109e-01
-1.562500166110645239e-01
-1.543136964371445430e-01
-1.407594548392800959e-01
-1.543136964371445430e-01
-1.646407372078257936e-01
-1.504410560485549553e-01
-1.355959340553560821e-01
-1.439866552801287725e-01
-1.614135370084675003e-01
-1.394685746523656178e-01
-1.278506526980809355e-01
-1.465684156056195064e-01
-1.478592957593036772e-01
-1.401140147465795849e-01
-1.426957751083222092e-01
-1.459229755265116779e-01
-1.472138556832156553e-01
-1.349504939505639101e-01
-1.304324131746970039e-01
-1.414048949304707037e-01
-1.420503350201514081e-01
-1.291415329394123290e-01
-1.239780119377797973e-01
-1.343050538442618347e-01
-1.336596137364463033e-01
-1.272052125751450546e-01
-1.317232934039331838e-01
-1.414048949304707037e-01
-1.388231345566417474e-01
-1.297869730578113945e-01
-1.349504939505639101e-01
-1.420503350201514081e-01
-1.375322543606607439e-01
-1.291415329394123290e-01
-1.343050538442618347e-01
-1.355959340553560821e-01
-1.291415329394123290e-01
-1.265597724506974942e-01
-1.349504939505639101e-01
-1.446320953637680873e-01
-1.362413741586365745e-01
-1.162327302537633500e-01
-1.272052125751450546e-01
-1.394685746523656178e-01
-1.304324131746970039e-01
-1.368868142604036109e-01
-1.485047358338817958e-01
-1.433412151949813307e-01
-1.317232934039331838e-01
-1.252688921972637814e-01
-1.394685746523656178e-01
-1.414048949304707037e-01
-1.188144908393180543e-01
-1.168781704024226542e-01
-1.375322543606607439e-01
-1.381776944594079737e-01
-1.142964097987029248e-01
-1.059056876692707760e-01
-1.181690506951991182e-01
-1.239780119377797973e-01
-1.233325718057685094e-01
-1.652861772431730714e-01
-2.453207299670516761e-01
-2.717837624877166292e-01
-2.640384849370605025e-01
-2.756564011823421367e-01
-2.905015156803472109e-01
-2.782381602822141531e-01
-2.550023275224635455e-01
-2.466116096605706076e-01
-2.408026509925527137e-01
-2.317664928232847643e-01
-1.949764172406123208e-01
-1.801312976401963084e-01
-1.982036170484313686e-01
-1.969127371298160512e-01
-1.930400973378745277e-01
-1.936855373069583663e-01
-1.988490570054839424e-01
-1.885220175121649078e-01
-1.652861772431730714e-01
-1.781949776336091418e-01
-1.788404176373106225e-01
-1.685133773972982141e-01
-1.601226569181672943e-01
-1.665770573093450224e-01
-1.704496974716818158e-01
-1.581863367714060331e-01
-1.588317768218345805e-01
-1.659316172770122222e-01
-1.723860175325047095e-01
-1.607680969640714608e-01
-1.517319361841220626e-01
-1.685133773972982141e-01
-1.717405775137379464e-01
-1.601226569181672943e-01
-1.691588174235985065e-01
-1.807767376393805137e-01
-1.756132176037379367e-01
-1.620589770513571892e-01
-1.698042574483942246e-01
-1.820676176332316487e-01
-1.672224973401696957e-01
-1.543136964371445430e-01
-1.646407372078257936e-01
-1.717405775137379464e-01
-1.652861772431730714e-01
-1.543136964371445430e-01
-1.646407372078257936e-01
-1.646407372078257936e-01
-1.491501759069500110e-01
-1.536682563761537779e-01
-1.665770573093450224e-01
-1.743223375797633423e-01
-1.665770573093450224e-01
-1.614135370084675003e-01
-1.717405775137379464e-01
-1.736768975655191838e-01
-1.562500166110645239e-01
-1.510864961170934606e-01
-1.698042574483942246e-01
-1.833584976210609341e-01
-1.639952971709703888e-01
-1.581863367714060331e-01
-1.678679373694862420e-01
-1.633498571326068571e-01
-1.504410560485549553e-01
-1.568954566660192285e-01
-1.788404176373106225e-01
-1.704496974716818158e-01
-1.465684156056195064e-01
-1.478592957593036772e-01
-1.581863367714060331e-01
-1.536682563761537779e-01
-1.588317768218345805e-01
-1.581863367714060331e-01
-1.491501759069500110e-01
-1.407594548392800959e-01
-1.491501759069500110e-01
-1.568954566660192285e-01
-1.717405775137379464e-01
-1.672224973401696957e-01
-1.349504939505639101e-01
-1.491501759069500110e-01
-1.556045765545999160e-01
-1.426957751083222092e-01
-1.433412151949813307e-01
-1.504410560485549553e-01
-1.510864961170934606e-01
-1.343050538442618347e-01
-1.465684156056195064e-01
-1.704496974716818158e-01
-1.594772168707550009e-01
-1.407594548392800959e-01
-1.452775354458957224e-01
-1.588317768218345805e-01
-1.543136964371445430e-01
-1.426957751083222092e-01
-1.556045765545999160e-01
-1.698042574483942246e-01
-1.556045765545999160e-01
-1.491501759069500110e-01
-1.698042574483942246e-01
-1.788404176373106225e-01
-1.659316172770122222e-01
-1.562500166110645239e-01
-1.659316172770122222e-01
-1.736768975655191838e-01
-1.652861772431730714e-01
-1.588317768218345805e-01
-1.710951374934630564e-01
-1.762586576134648197e-01
-1.562500166110645239e-01
-1.536682563761537779e-01
-1.620589770513571892e-01
-1.588317768218345805e-01
-1.485047358338817958e-01
-1.523773762496407613e-01
-1.691588174235985065e-01
-1.749677775925047030e-01
-1.659316172770122222e-01
-1.581863367714060331e-01
-1.672224973401696957e-01
-1.723860175325047095e-01
-1.620589770513571892e-01
-1.646407372078257936e-01
-1.749677775925047030e-01
-1.659316172770122222e-01
-1.543136964371445430e-01
-1.614135370084675003e-01
-1.756132176037379367e-01
-1.704496974716818158e-01
-1.607680969640714608e-01
-1.543136964371445430e-01
-1.717405775137379464e-01
-1.801312976401963084e-01
-1.485047358338817958e-01
-1.633498571326068571e-01
-1.704496974716818158e-01
-1.478592957593036772e-01
-1.497956159785065466e-01
-1.633498571326068571e-01
-1.633498571326068571e-01
-1.594772168707550009e-01
-1.414048949304707037e-01
-1.478592957593036772e-01
-1.717405775137379464e-01
-1.594772168707550009e-01
-1.478592957593036772e-01
-1.575408967194675824e-01
-1.588317768218345805e-01
-1.478592957593036772e-01
-1.439866552801287725e-01
-1.633498571326068571e-01
-1.704496974716818158e-01
-1.517319361841220626e-01
-1.549591364966254048e-01
-1.756132176037379367e-01
-1.639952971709703888e-01
-1.394685746523656178e-01
-1.433412151949813307e-01
-1.510864961170934606e-01
-1.530228163136531094e-01
-1.497956159785065466e-01
-1.556045765545999160e-01
-1.639952971709703888e-01
-1.594772168707550009e-01
-1.510864961170934606e-01
-1.607680969640714608e-01
-1.698042574483942246e-01
-1.633498571326068571e-01
-1.536682563761537779e-01
-1.536682563761537779e-01
-1.665770573093450224e-01
-1.594772168707550009e-01
-1.562500166110645239e-01
-1.627044170927351985e-01
-1.627044170927351985e-01
-1.504410560485549553e-01
-1.394685746523656178e-01
-1.543136964371445430e-01
-1.633498571326068571e-01
-1.472138556832156553e-01
-1.433412151949813307e-01
-1.607680969640714608e-01
-1.652861772431730714e-01
-1.543136964371445430e-01
-1.549591364966254048e-01
-1.581863367714060331e-01
-1.485047358338817958e-01
-1.381776944594079737e-01
-1.523773762496407613e-01
-1.723860175325047095e-01
-1.639952971709703888e-01
-1.517319361841220626e-01
-1.581863367714060331e-01
-1.730314575497651219e-01
-1.717405775137379464e-01
-1.510864961170934606e-01
-1.568954566660192285e-01
-1.743223375797633423e-01
-1.704496974716818158e-01
-1.633498571326068571e-01
-1.788404176373106225e-01
-1.840039376127169390e-01
-1.672224973401696957e-01
-1.710951374934630564e-01
-1.917492173951931278e-01
-2.104669759754074221e-01
-1.956218572051842131e-01
-1.801312976401963084e-01
-1.930400973378745277e-01
-1.962672971682515310e-01
-1.749677775925047030e-01
-1.633498571326068571e-01
-1.723860175325047095e-01
-1.762586576134648197e-01
-1.781949776336091418e-01
-1.898128974698884974e-01
-1.943309772745376307e-01
-1.846493776028665934e-01
-1.601226569181672943e-01
-1.536682563761537779e-01
-1.781949776336091418e-01
-1.878765775310426989e-01
-1.710951374934630564e-01
-1.607680969640714608e-01
-1.665770573093450224e-01
-1.639952971709703888e-01
-1.607680969640714608e-01
-1.762586576134648197e-01
-1.769040976216853522e-01
-1.704496974716818158e-01
-1.691588174235985065e-01
-1.749677775925047030e-01
-1.898128974698884974e-01
-1.814221776370601447e-01
-1.698042574483942246e-01
-1.788404176373106225e-01
-1.794858576395057526e-01
-1.723860175325047095e-01
-1.749677775925047030e-01
-1.865856975642881110e-01
-1.898128974698884974e-01
-1.769040976216853522e-01
-1.775495376284013105e-01
-1.911037774215973428e-01
-1.865856975642881110e-01
-1.820676176332316487e-01
-1.840039376127169390e-01
-1.911037774215973428e-01
-2.020762567681959609e-01
-1.859402575786539558e-01
-1.614135370084675003e-01
-1.672224973401696957e-01
-1.627044170927351985e-01
-1.394685746523656178e-01
-1.407594548392800959e-01
-1.459229755265116779e-01
-1.310778532900709337e-01
-1.207508112625905738e-01
-1.201053711230120058e-01
-1.452775354458957224e-01
-1.317232934039331838e-01
-1.181690506951991182e-01
-1.181690506951991182e-01
-1.142964097987029248e-01
-1.046148073189421268e-01
-1.104237688476956691e-01
-1.233325718057685094e-01
-1.155872901035888134e-01
-9.557864469688936992e-02
-8.783336221284976375e-02
-1.039693671415058418e-01
-1.123600893300142900e-01
-1.046148073189421268e-01
-1.059056876692707760e-01
-1.097783286838946992e-01
-9.945128585700935275e-02
-8.912424264202734037e-02
-9.235144368842007623e-02
-1.059056876692707760e-01
-1.059056876692707760e-01
-8.460616111334751110e-02
-8.525160133628340020e-02
-9.557864469688936992e-02
-8.847880242819705643e-02
-8.525160133628340020e-02
-9.364232409635775412e-02
-9.106056327441258702e-02
-7.879719903861470698e-02
-6.911559530734656676e-02
-8.783336221284976375e-02
-8.976968285433883921e-02
-6.782471478401319587e-02
-6.137031207613397044e-02
-7.556999783283657735e-02
-7.621543807703012874e-02
-6.201575235376388662e-02
-6.007943151631245371e-02
-6.847015504643927386e-02
-5.362502862592855024e-02
-4.523430464091759973e-02
-5.878855095040513845e-02
-6.911559530734656676e-02
-6.137031207613397044e-02
-4.910694651212210715e-02
-5.556134950901991942e-02
-6.847015504643927386e-02
-6.782471478401319587e-02
-5.943399123411907681e-02
-5.878855095040513845e-02
-6.007943151631245371e-02
-5.039782712367824047e-02
-4.265254336299051374e-02
-5.297958832852245337e-02
-6.007943151631245371e-02
-5.943399123411907681e-02
-5.685223009013817830e-02
-6.266119262987501770e-02
-7.298823684087274444e-02
-5.943399123411907681e-02
-4.265254336299051374e-02
-6.007943151631245371e-02
-6.137031207613397044e-02
-4.071622238855532316e-02
-4.781606589447662259e-02
-6.717927452006655642e-02
-6.266119262987501770e-02
-3.038917695995202450e-02
-4.200710303970289772e-02
-6.266119262987501770e-02
-5.491590921617728327e-02
-3.619814006154697950e-02
-3.942534173131306829e-02
-5.362502862592855024e-02
-4.136166271488939117e-02
-3.038917695995202450e-02
-4.071622238855532316e-02
-5.427046892181408566e-02
-4.717062558337126177e-02
-3.232549800753581337e-02
-4.136166271488939117e-02
-5.104326742717191223e-02
-4.265254336299051374e-02
-2.393477336888771845e-02
-3.361637869830325087e-02
-5.039782712367824047e-02
-4.329798368475756831e-02
-3.297093835368158921e-02
-4.458886432371933495e-02
-4.652518527074178678e-02
-2.845285589864410269e-02
-2.587109446221980136e-02
-4.458886432371933495e-02
-5.491590921617728327e-02
-3.297093835368158921e-02
-2.522565409929988789e-02
-4.200710303970289772e-02
-4.329798368475756831e-02
-2.458021373485586025e-02
-3.103461731067014284e-02
-4.910694651212210715e-02
-3.038917695995202450e-02
-1.748036962527343974e-02
-3.232549800753581337e-02
-4.523430464091759973e-02
-3.555269972302177450e-02
-2.393477336888771845e-02
-3.297093835368158921e-02
-4.458886432371933495e-02
-4.071622238855532316e-02
-2.587109446221980136e-02
-3.490725938297245534e-02
-4.200710303970289772e-02
-3.426181904140079837e-02
-2.458021373485586025e-02
-2.909829625393811625e-02
-3.490725938297245534e-02
-2.328933300139190976e-02
-2.135301188975091691e-02
-4.265254336299051374e-02
-5.168870772914324618e-02
-3.684358039854807032e-02
-2.522565409929988789e-02
-2.974373660770623928e-02
-3.555269972302177450e-02
-3.297093835368158921e-02
-3.168005765986592337e-02
-3.555269972302177450e-02
-2.587109446221980136e-02
-1.425316769623563573e-02
-1.941669076437868569e-02
-3.877990140040665779e-02
-3.619814006154697950e-02
-2.328933300139190976e-02
-1.877125038620341968e-02
-2.393477336888771845e-02
-2.264389263237021055e-02
-1.683492924251872580e-02
-2.716197518348195672e-02
-3.619814006154697950e-02
-3.426181904140079837e-02
-3.103461731067014284e-02
-3.038917695995202450e-02
-3.426181904140079837e-02
-3.297093835368158921e-02
-3.103461731067014284e-02
-4.329798368475756831e-02
-4.394342400499873236e-02
-2.458021373485586025e-02
-1.683492924251872580e-02
-3.038917695995202450e-02
-3.361637869830325087e-02
-2.006213114102983752e-02
-3.232549800753581337e-02
-3.619814006154697950e-02
-2.393477336888771845e-02
-1.360772730584791645e-02
-2.006213114102983752e-02
-3.942534173131306829e-02
-3.619814006154697950e-02
-1.425316769623563573e-02
-2.458021373485586025e-02
-4.523430464091759973e-02
-3.361637869830325087e-02
-2.006213114102983752e-02
-2.845285589864410269e-02
-3.103461731067014284e-02
-1.748036962527343974e-02
-1.877125038620341968e-02
-3.361637869830325087e-02
-4.329798368475756831e-02
-2.199845226182439717e-02
-6.989191773669745089e-04
-2.135301188975091691e-02
-4.136166271488939117e-02
-3.297093835368158921e-02
-3.038917695995202450e-02
-2.909829625393811625e-02
-2.264389263237021055e-02
-1.748036962527343974e-02
-2.909829625393811625e-02
-4.975238681866045454e-02
-3.490725938297245534e-02
-1.038052533100852770e-02
-1.554404847242984999e-02
-3.168005765986592337e-02
-2.393477336888771845e-02
-1.360772730584791645e-02
-1.618948885823634498e-02
-2.328933300139190976e-02
-2.780741554182597497e-02
-1.618948885823634498e-02
-2.199845226182439717e-02
-4.136166271488939117e-02
-2.780741554182597497e-02
-2.635240435598262820e-03
-2.006213114102983752e-02
-3.361637869830325087e-02
-2.328933300139190976e-02
-2.264389263237021055e-02
-2.780741554182597497e-02
-3.297093835368158921e-02
-2.199845226182439717e-02
-1.554404847242984999e-02
-3.684358039854807032e-02
-3.813446106797790947e-02
-2.328933300139190976e-02
-2.199845226182439717e-02
-3.038917695995202450e-02
-2.587109446221980136e-02
-1.296228691393430665e-02
-1.812581000650048679e-02
-2.845285589864410269e-02
-2.522565409929988789e-02
-1.683492924251872580e-02
-1.748036962527343974e-02
-2.135301188975091691e-02
-1.554404847242984999e-02
-9.735084931458359847e-03
-3.426181904140079837e-02
-4.394342400499873236e-02
-2.006213114102983752e-02
-9.735084931458359847e-03
-2.135301188975091691e-02
-3.168005765986592337e-02
-3.103461731067014284e-02
-2.264389263237021055e-02
-2.199845226182439717e-02
-1.748036962527343974e-02
-3.926121266776050334e-03
-1.038052533100852770e-02
-2.651653482361382430e-02
-2.199845226182439717e-02
-1.425316769623563573e-02
-1.425316769623563573e-02
-1.554404847242984999e-02
-1.812581000650048679e-02
-2.135301188975091691e-02
-2.006213114102983752e-02
-1.360772730584791645e-02
-2.635240435598262820e-03
1.882842521672145608e-03
-1.941669076437868569e-02
-3.555269972302177450e-02
-2.070757151615332248e-02
-1.989800017716092384e-03
-1.038052533100852770e-02
-2.264389263237021055e-02
-1.941669076437868569e-02
-8.444204127776799851e-03
-2.328933300139190976e-02
-3.684358039854807032e-02
-1.425316769623563573e-02
-3.280680851950990018e-03
-1.812581000650048679e-02
-1.812581000650048679e-02
-1.989800017716092384e-03
-1.554404847242984999e-02
-3.232549800753581337e-02
-2.522565409929988789e-02
-2.635240435598262820e-03
-6.989191773669745089e-04
-1.425316769623563573e-02
-2.006213114102983752e-02
-1.683492924251872580e-02
-1.748036962527343974e-02
-1.877125038620341968e-02
-1.989800017716092384e-03
-6.989191773669745089e-04
-1.877125038620341968e-02
-3.361637869830325087e-02
-2.264389263237021055e-02
-7.798763723645407708e-03
-1.877125038620341968e-02
-3.168005765986592337e-02
-2.199845226182439717e-02
-1.748036962527343974e-02
-2.264389263237021055e-02
-2.070757151615332248e-02
-8.444204127776799851e-03
-8.444204127776799851e-03
-2.328933300139190976e-02
-2.458021373485586025e-02
-5.217002091843170319e-03
-1.231684652049302997e-02
-1.877125038620341968e-02
-1.683492924251872580e-02
3.173723380363924207e-03
-6.507882910799622778e-03
-3.168005765986592337e-02
-2.006213114102983752e-02
-1.989800017716092384e-03
-1.296228691393430665e-02
-1.812581000650048679e-02
-7.798763723645407708e-03
-3.280680851950990018e-03
-1.812581000650048679e-02
-1.748036962527343974e-02
-3.280680851950990018e-03
-4.571561680075220124e-03
-2.135301188975091691e-02
-2.780741554182597497e-02
-1.683492924251872580e-02
-1.296228691393430665e-02
-2.006213114102983752e-02
-1.618948885823634498e-02
-1.038052533100852770e-02
-2.135301188975091691e-02
-3.103461731067014284e-02
-1.941669076437868569e-02
-1.167140612552408641e-02
-9.735084931458359847e-03
-2.716197518348195672e-02
-8.444204127776799851e-03
4.464604245171699404e-03
-2.393477336888771845e-02
-3.426181904140079837e-02
-1.489860808509568812e-02
-1.489860808509568812e-02
-2.199845226182439717e-02
-1.877125038620341968e-02
-5.862442502085229989e-03
-1.425316769623563573e-02
-2.909829625393811625e-02
-1.748036962527343974e-02
-3.280680851950990018e-03
-1.167140612552408641e-02
-2.393477336888771845e-02
-2.393477336888771845e-02
-1.231684652049302997e-02
-5.217002091843170319e-03
-1.554404847242984999e-02
-1.425316769623563573e-02
-6.507882910799622778e-03
-1.618948885823634498e-02
-3.103461731067014284e-02
-1.167140612552408641e-02
9.628127765568095242e-03
-7.798763723645407708e-03
-2.264389263237021055e-02
