-5.845924923795209338e-03
-1.810928993880445148e-02
-6.491365201425125520e-03
7.708321257862138509e-03
4.481119725166848866e-03
1.899358526410210857e-03
7.062880948279115501e-03
4.481119725166848866e-03
-6.491365201425125520e-03
-4.555044363973692612e-03
3.190239122744742417e-03
7.062880948279115501e-03
3.835679423195514914e-03
-3.264163798066377353e-03
9.644642195748787117e-03
1.545360509164339646e-02
7.062880948279115501e-03
-3.696235668115832596e-05
7.708321257862138509e-03
6.084779361614778281e-04
-1.100944710226059442e-02
-3.909604081780315710e-03
1.029008251142116137e-02
7.062880948279115501e-03
-2.618723512831877542e-03
3.835679423195514914e-03
6.084779361614778281e-04
-1.165488736772779532e-02
-1.875473018755435817e-02
-3.264163798066377353e-03
5.126560028660520629e-03
-6.824026480014566687e-04
6.084779361614778281e-04
1.158096314734002874e-02
1.899358526410210857e-03
-1.488208867226070709e-02
-1.359120815500780566e-02
1.158096314734002874e-02
1.351728411263586338e-02
1.253918230524675437e-03
-1.681840943674650646e-02
5.772000333678306561e-03
5.126560028660520629e-03
-2.069105092469136764e-02
-3.264163798066377353e-03
9.644642195748787117e-03
-6.491365201425125520e-03
-7.136805477536256603e-03
6.417440640216653946e-03
1.253918230524675437e-03
-1.230032763167443477e-02
-3.696235668115832596e-05
1.287184378934824736e-02
3.190239122744742417e-03
-7.782245752123273519e-03
-2.618723512831877542e-03
7.062880948279115501e-03
6.417440640216653946e-03
-5.200484644644731702e-03
-1.973283226076816277e-03
9.644642195748787117e-03
-6.824026480014566687e-04
-1.165488736772779532e-02
3.190239122744742417e-03
3.835679423195514914e-03
-8.427686025191505337e-03
2.544798823816307731e-03
1.351728411263586338e-02
3.835679423195514914e-03
-1.359120815500780566e-02
-9.073126296739175700e-03
9.644642195748787117e-03
-3.264163798066377353e-03
-1.423664841439453710e-02
4.481119725166848866e-03
1.674448575193210331e-02
1.899358526410210857e-03
-7.136805477536256603e-03
1.158096314734002874e-02
5.772000333678306561e-03
-1.617296918343669176e-02
-3.264163798066377353e-03
1.093552282861942615e-02
6.084779361614778281e-04
-4.555044363973692612e-03
6.417440640216653946e-03
1.545360509164339646e-02
2.544798823816307731e-03
-9.073126296739175700e-03
3.190239122744742417e-03
9.644642195748787117e-03
-1.327842937799417200e-03
-5.200484644644731702e-03
4.481119725166848866e-03
1.253918230524675437e-03
-9.718566566766284609e-03
-3.696235668115832596e-05
1.093552282861942615e-02
6.084779361614778281e-04
-5.200484644644731702e-03
1.093552282861942615e-02
1.480816476378343793e-02
5.772000333678306561e-03
2.544798823816307731e-03
-2.618723512831877542e-03
-3.696235668115832596e-05
6.084779361614778281e-04
-7.782245752123273519e-03
7.708321257862138509e-03
8.999201881596974317e-03
-4.555044363973692612e-03
-2.618723512831877542e-03
4.481119725166848866e-03
6.084779361614778281e-04
-7.136805477536256603e-03
-1.973283226076816277e-03
9.644642195748787117e-03
-1.327842937799417200e-03
-1.100944710226059442e-02
-6.491365201425125520e-03
-1.973283226076816277e-03
-8.427686025191505337e-03
-9.718566566766284609e-03
5.772000333678306561e-03
7.062880948279115501e-03
-4.555044363973692612e-03
-1.036400683527460842e-02
3.835679423195514914e-03
7.062880948279115501e-03
-1.327842937799417200e-03
1.029008251142116137e-02
1.351728411263586338e-02
1.899358526410210857e-03
-4.555044363973692612e-03
1.253918230524675437e-03
1.029008251142116137e-02
7.062880948279115501e-03
-1.100944710226059442e-02
6.084779361614778281e-04
4.481119725166848866e-03
-8.427686025191505337e-03
-2.618723512831877542e-03
1.899358526410210857e-03
-4.555044363973692612e-03
-7.136805477536256603e-03
-1.327842937799417200e-03
3.835679423195514914e-03
1.253918230524675437e-03
-7.782245752123273519e-03
5.126560028660520629e-03
8.999201881596974317e-03
3.835679423195514914e-03
7.708321257862138509e-03
9.644642195748787117e-03
5.126560028660520629e-03
-3.909604081780315710e-03
-5.200484644644731702e-03
-6.824026480014566687e-04
1.253918230524675437e-03
-9.718566566766284609e-03
-7.136805477536256603e-03
1.899358526410210857e-03
1.253918230524675437e-03
-1.327842937799417200e-03
-7.782245752123273519e-03
1.093552282861942615e-02
9.644642195748787117e-03
-1.036400683527460842e-02
9.644642195748787117e-03
7.062880948279115501e-03
-7.782245752123273519e-03
-5.845924923795209338e-03
-7.136805477536256603e-03
6.084779361614778281e-04
3.835679423195514914e-03
2.544798823816307731e-03
-1.327842937799417200e-03
-3.909604081780315710e-03
-1.230032763167443477e-02
-1.746384968853398334e-02
6.084779361614778281e-04
2.544798823816307731e-03
-2.618723512831877542e-03
5.772000333678306561e-03
5.772000333678306561e-03
-3.264163798066377353e-03
-6.491365201425125520e-03
6.084779361614778281e-04
8.353761568967499329e-03
-1.327842937799417200e-03
-3.264163798066377353e-03
9.644642195748787117e-03
4.481119725166848866e-03
-1.230032763167443477e-02
-7.136805477536256603e-03
1.545360509164339646e-02
8.999201881596974317e-03
-1.488208867226070709e-02
-3.909604081780315710e-03
1.253918230524675437e-03
-6.491365201425125520e-03
-3.909604081780315710e-03
7.708321257862138509e-03
1.480816476378343793e-02
5.126560028660520629e-03
-5.845924923795209338e-03
4.481119725166848866e-03
8.353761568967499329e-03
-3.264163798066377353e-03
2.544798823816307731e-03
6.417440640216653946e-03
-7.782245752123273519e-03
-1.359120815500780566e-02
3.835679423195514914e-03
1.997168742931698660e-02
8.999201881596974317e-03
-3.696235668115832596e-05
5.772000333678306561e-03
1.899358526410210857e-03
-7.136805477536256603e-03
1.899358526410210857e-03
1.545360509164339646e-02
5.126560028660520629e-03
-1.359120815500780566e-02
-1.875473018755435817e-02
-1.327842937799417200e-03
5.126560028660520629e-03
-9.073126296739175700e-03
5.126560028660520629e-03
5.772000333678306561e-03
-6.824026480014566687e-04
-5.845924923795209338e-03
-1.294576789410051276e-02
1.416272443744936993e-02
5.772000333678306561e-03
-1.165488736772779532e-02
1.899358526410210857e-03
-3.696235668115832596e-05
-1.230032763167443477e-02
-1.036400683527460842e-02
6.084779361614778281e-04
1.899358526410210857e-03
-6.491365201425125520e-03
3.190239122744742417e-03
5.772000333678306561e-03
-3.909604081780315710e-03
-3.909604081780315710e-03
6.084779361614778281e-04
4.481119725166848866e-03
-1.327842937799417200e-03
-5.845924923795209338e-03
-6.824026480014566687e-04
6.084779361614778281e-04
-2.618723512831877542e-03
-3.696235668115832596e-05
4.481119725166848866e-03
-6.824026480014566687e-04
-8.427686025191505337e-03
3.190239122744742417e-03
2.544798823816307731e-03
-3.264163798066377353e-03
-3.696235668115832596e-05
4.481119725166848866e-03
6.417440640216653946e-03
1.253918230524675437e-03
-3.696235668115832596e-05
5.126560028660520629e-03
8.353761568967499329e-03
1.899358526410210857e-03
3.835679423195514914e-03
7.708321257862138509e-03
-6.824026480014566687e-04
-5.200484644644731702e-03
3.835679423195514914e-03
1.253918230524675437e-03
-1.230032763167443477e-02
-1.294576789410051276e-02
2.544798823816307731e-03
1.029008251142116137e-02
4.481119725166848866e-03
-5.200484644644731702e-03
-3.909604081780315710e-03
-1.973283226076816277e-03
-1.940017043478547976e-02
-1.036400683527460842e-02
3.835679423195514914e-03
1.899358526410210857e-03
-1.552752892860986833e-02
-4.555044363973692612e-03
1.158096314734002874e-02
-2.618723512831877542e-03
-5.200484644644731702e-03
1.029008251142116137e-02
1.287184378934824736e-02
-1.230032763167443477e-02
-2.004561068049781625e-02
1.158096314734002874e-02
-2.456369235795463624e-02
-6.264466354286035710e-02
-5.167218086119973464e-02
-4.844497998916708070e-02
-7.426258590547263339e-02
-8.071698700629781342e-02
-6.974450504492502034e-02
-6.006290295125005230e-02
-7.490802602235824281e-02
-8.910770821142932618e-02
-7.748978647478210746e-02
-6.974450504492502034e-02
-8.458962759424082378e-02
-8.071698700629781342e-02
-7.103538529835873305e-02
-8.007154690301732103e-02
-9.362578875461124994e-02
-7.684434636394321672e-02
-5.941746279956561239e-02
-8.136242710806484979e-02
-9.104402845328074534e-02
-8.265330730706921258e-02
-8.975314829355696133e-02
-9.233490860696491609e-02
-9.233490860696491609e-02
-9.104402845328074534e-02
-8.007154690301732103e-02
-8.523506768694133484e-02
-9.104402845328074534e-02
-9.104402845328074534e-02
-9.943474934428664369e-02
-1.033073896694958194e-01
-9.943474934428664369e-02
-8.910770821142932618e-02
-8.975314829355696133e-02
-1.052437098117326997e-01
-9.556210896475469951e-02
-8.652594786781264702e-02
-9.039858837417291682e-02
-9.943474934428664369e-02
-1.039528297184162398e-01
-1.020165095671288213e-01
-1.058891498561287392e-01
-1.078254699802680960e-01
-9.556210896475469951e-02
-9.685298909730200023e-02
-1.097617900908343103e-01
-1.078254699802680960e-01
-1.110526701570062613e-01
-1.187979504274245812e-01
-1.181525104131804227e-01
-9.620754903178330153e-02
-1.000801894022611549e-01
-1.278341104687221730e-01
-1.375157101855357666e-01
-1.646241875928886600e-01
-1.904417826622211152e-01
-1.852782638402139526e-01
-1.633333077764298480e-01
-1.517153891580385050e-01
-1.749512259084955446e-01
-1.691422669032238701e-01
-1.639787476854124293e-01
-1.768875455499241411e-01
-1.762421056709460032e-01
-1.613969880404848567e-01
-1.484881894554472836e-01
-1.555880287515680749e-01
-1.755966657904703965e-01
-1.710785865851480736e-01
-1.607515481254999656e-01
-1.607515481254999656e-01
-1.607515481254999656e-01
-1.484881894554472836e-01
-1.342885103175497363e-01
-1.420337899375372359e-01
-1.407429100159127699e-01
-1.220251504760625494e-01
-1.213797104693465911e-01
-1.400974700528454520e-01
-1.471973095638912099e-01
-1.349339502941564461e-01
-1.329976303598261467e-01
-1.400974700528454520e-01
-1.297704304391746888e-01
-1.175070703974263608e-01
-1.265432304808928876e-01
-1.420337899375372359e-01
-1.388065901221988696e-01
-1.336430703394402286e-01
-1.323521903787039378e-01
-1.381611501546196052e-01
-1.297704304391746888e-01
-1.271886704755615938e-01
-1.439701098086949571e-01
-1.426792298960926075e-01
-1.213797104693465911e-01
-1.129889902449594530e-01
-1.265432304808928876e-01
-1.317067503960789310e-01
-1.252523504870417526e-01
-1.323521903787039378e-01
-1.459064296663203919e-01
-1.517153891580385050e-01
-1.594606682910271189e-01
-1.626878678659497979e-01
-1.588152283715373869e-01
-1.465518696158571998e-01
-1.329976303598261467e-01
-1.420337899375372359e-01
-1.504245092815104101e-01
-1.381611501546196052e-01
-1.471973095638912099e-01
-1.478427495104206457e-01
-1.388065901221988696e-01
-1.439701098086949571e-01
-1.426792298960926075e-01
-1.426792298960926075e-01
-1.342885103175497363e-01
-1.252523504870417526e-01
-1.375157101855357666e-01
-1.394520300882735597e-01
-1.291249904505278323e-01
-1.271886704755615938e-01
-1.310613104119493499e-01
-1.388065901221988696e-01
-1.278341104687221730e-01
-1.233160304849718614e-01
-1.342885103175497363e-01
-1.375157101855357666e-01
-1.362248302428543667e-01
-1.317067503960789310e-01
-1.246069104878575473e-01
-1.329976303598261467e-01
-1.291249904505278323e-01
-1.381611501546196052e-01
-1.407429100159127699e-01
-1.349339502941564461e-01
-1.394520300882735597e-01
-1.394520300882735597e-01
-1.310613104119493499e-01
-1.220251504760625494e-01
-1.252523504870417526e-01
-1.323521903787039378e-01
-1.297704304391746888e-01
-1.246069104878575473e-01
-1.265432304808928876e-01
-1.362248302428543667e-01
-1.381611501546196052e-01
-1.310613104119493499e-01
-1.271886704755615938e-01
-1.278341104687221730e-01
-1.233160304849718614e-01
-1.239614704871669915e-01
-1.323521903787039378e-01
-1.297704304391746888e-01
-1.104072301246734611e-01
-1.091163500554870325e-01
-1.284795504603781779e-01
-1.362248302428543667e-01
-1.323521903787039378e-01
-1.375157101855357666e-01
-1.484881894554472836e-01
-1.555880287515680749e-01
-1.710785865851480736e-01
-2.059323385533247119e-01
-2.265864117348748152e-01
-2.311044900394438883e-01
-2.420769656175512097e-01
-2.653127948314999429e-01
-2.808033465690566999e-01
-2.782215880056124746e-01
-2.730580708073606644e-01
-2.666036741756876438e-01
-2.478859231020624776e-01
-2.252955322058483034e-01
-2.052868987417362234e-01
-1.975416208859890332e-01
-1.807601847923017147e-01
-1.755966657904703965e-01
-1.839873841197334770e-01
-1.743057860250214475e-01
-1.555880287515680749e-01
-1.588152283715373869e-01
-1.607515481254999656e-01
-1.523608290940483556e-01
-1.407429100159127699e-01
-1.420337899375372359e-01
-1.620424279539687262e-01
-1.601061082090140530e-01
-1.510699492205258565e-01
-1.575243485280566347e-01
-1.549425888230686610e-01
-1.394520300882735597e-01
-1.368702702149473538e-01
-1.575243485280566347e-01
-1.691422669032238701e-01
-1.504245092815104101e-01
-1.368702702149473538e-01
-1.491336293989693473e-01
-1.607515481254999656e-01
-1.594606682910271189e-01
-1.601061082090140530e-01
-1.652696274988674219e-01
-1.710785865851480736e-01
-1.568789086040602854e-01
-1.555880287515680749e-01
-1.697877067986990340e-01
-1.723694663655965797e-01
-1.710785865851480736e-01
-1.710785865851480736e-01
-1.704331466926731764e-01
-1.588152283715373869e-01
-1.491336293989693473e-01
-1.517153891580385050e-01
-1.517153891580385050e-01
-1.478427495104206457e-01
-1.542971488930664492e-01
-1.588152283715373869e-01
-1.588152283715373869e-01
-1.523608290940483556e-01
-1.542971488930664492e-01
-1.633333077764298480e-01
-1.536517089615632159e-01
-1.517153891580385050e-01
-1.575243485280566347e-01
-1.542971488930664492e-01
-1.594606682910271189e-01
-1.394520300882735597e-01
-1.478427495104206457e-01
-1.568789086040602854e-01
-1.368702702149473538e-01
-1.381611501546196052e-01
-1.471973095638912099e-01
-1.478427495104206457e-01
-1.439701098086949571e-01
-1.459064296663203919e-01
-1.517153891580385050e-01
-1.433246698531451813e-01
-1.439701098086949571e-01
-1.497790693409921658e-01
-1.426792298960926075e-01
-1.413883499774772901e-01
-1.375157101855357666e-01
-1.613969880404848567e-01
-1.678513871077740305e-01
-1.684968270062494611e-01
-1.717240264761219493e-01
-1.723694663655965797e-01
-1.672059472077993547e-01
-1.646241875928886600e-01
-1.665605073063218811e-01
-1.665605073063218811e-01
-1.581697884505466334e-01
-1.542971488930664492e-01
-1.626878678659497979e-01
-1.730149062535701887e-01
-1.678513871077740305e-01
-1.601061082090140530e-01
-1.659150674033469386e-01
-1.775329854274012575e-01
-1.672059472077993547e-01
-1.723694663655965797e-01
-1.788238651778595312e-01
-1.652696274988674219e-01
-1.562334686785646909e-01
-1.755966657904703965e-01
-1.730149062535701887e-01
-1.594606682910271189e-01
-1.626878678659497979e-01
-1.762421056709460032e-01
-1.736603461400463289e-01
-1.646241875928886600e-01
-1.626878678659497979e-01
-1.678513871077740305e-01
-1.633333077764298480e-01
-1.491336293989693473e-01
-1.459064296663203919e-01
-1.562334686785646909e-01
-1.530062690285571847e-01
-1.504245092815104101e-01
-1.626878678659497979e-01
-1.646241875928886600e-01
-1.517153891580385050e-01
-1.484881894554472836e-01
-1.601061082090140530e-01
-1.762421056709460032e-01
-1.736603461400463289e-01
-1.652696274988674219e-01
-1.575243485280566347e-01
-1.555880287515680749e-01
-1.555880287515680749e-01
-1.749512259084955446e-01
-1.833419442572434832e-01
-1.665605073063218811e-01
-1.517153891580385050e-01
-1.620424279539687262e-01
-1.659150674033469386e-01
-1.575243485280566347e-01
-1.555880287515680749e-01
-1.620424279539687262e-01
-1.601061082090140530e-01
-1.523608290940483556e-01
-1.562334686785646909e-01
-1.665605073063218811e-01
-1.471973095638912099e-01
-1.413883499774772901e-01
-1.607515481254999656e-01
-1.620424279539687262e-01
-1.517153891580385050e-01
-1.478427495104206457e-01
-1.478427495104206457e-01
-1.562334686785646909e-01
-1.510699492205258565e-01
-1.517153891580385050e-01
-1.672059472077993547e-01
-1.652696274988674219e-01
-1.491336293989693473e-01
-1.484881894554472836e-01
-1.581697884505466334e-01
-1.504245092815104101e-01
-1.433246698531451813e-01
-1.517153891580385050e-01
-1.646241875928886600e-01
-1.601061082090140530e-01
-1.504245092815104101e-01
-1.665605073063218811e-01
-1.749512259084955446e-01
-1.678513871077740305e-01
-1.659150674033469386e-01
-1.633333077764298480e-01
-1.562334686785646909e-01
-1.420337899375372359e-01
-1.536517089615632159e-01
-1.672059472077993547e-01
-1.691422669032238701e-01
-1.613969880404848567e-01
-1.659150674033469386e-01
-1.736603461400463289e-01
-1.684968270062494611e-01
-1.588152283715373869e-01
-1.665605073063218811e-01
-1.678513871077740305e-01
-1.607515481254999656e-01
-1.626878678659497979e-01
-1.536517089615632159e-01
-1.575243485280566347e-01
-1.672059472077993547e-01
-1.659150674033469386e-01
-1.749512259084955446e-01
-1.717240264761219493e-01
-1.594606682910271189e-01
-1.646241875928886600e-01
-1.717240264761219493e-01
-1.659150674033469386e-01
-1.646241875928886600e-01
-1.781784253033791288e-01
-1.891509029657072460e-01
-1.807601847923017147e-01
-1.607515481254999656e-01
-1.568789086040602854e-01
-1.555880287515680749e-01
-1.523608290940483556e-01
-1.523608290940483556e-01
-1.626878678659497979e-01
-1.704331466926731764e-01
-1.562334686785646909e-01
-1.536517089615632159e-01
-1.665605073063218811e-01
-1.433246698531451813e-01
-1.439701098086949571e-01
-1.555880287515680749e-01
-1.575243485280566347e-01
-1.523608290940483556e-01
-1.562334686785646909e-01
-1.807601847923017147e-01
-1.807601847923017147e-01
-1.601061082090140530e-01
-1.568789086040602854e-01
-1.788238651778595312e-01
-1.852782638402139526e-01
-1.672059472077993547e-01
-1.684968270062494611e-01
-1.691422669032238701e-01
-1.459064296663203919e-01
-1.155707503411242953e-01
-1.129889902449594530e-01
-1.175070703974263608e-01
-1.033073896694958194e-01
-9.427122882616778554e-02
-1.000801894022611549e-01
-9.039858837417291682e-02
-8.458962759424082378e-02
-9.491666889621619418e-02
-1.020165095671288213e-01
-9.104402845328074534e-02
-7.426258590547263339e-02
-7.490802602235824281e-02
-7.878066669192307359e-02
-7.813522658410754218e-02
-7.103538529835873305e-02
-7.490802602235824281e-02
-8.717138795598344814e-02
-7.426258590547263339e-02
-5.683570217767552890e-02
-5.877202264636416373e-02
-5.941746279956561239e-02
-6.135378325008389311e-02
-6.587186424831514842e-02
-7.361714578707356793e-02
-6.909906491593886813e-02
-5.231762103106163408e-02
-5.296306119940830115e-02
-6.264466354286035710e-02
-6.522642411025181275e-02
-6.393554382958299698e-02
-6.458098397067324470e-02
-6.070834310142458889e-02
-4.715409962974703717e-02
-3.940881734589041230e-02
-5.296306119940830115e-02
-6.070834310142458889e-02
-5.296306119940830115e-02
-5.554482185764442193e-02
-6.393554382958299698e-02
-5.489938169535690804e-02
-4.263601832402841296e-02
-4.844497998916708070e-02
-5.748114233541734563e-02
-4.715409962974703717e-02
-4.779953981021378695e-02
-5.683570217767552890e-02
-5.425394153155593813e-02
-4.521777907924828810e-02
-4.392689870467059166e-02
-4.779953981021378695e-02
-3.811793694401899302e-02
-2.069105092469136764e-02
-2.779089351058594559e-02
-5.038130051693201494e-02
-5.167218086119973464e-02
-3.230897506051100265e-02
-3.424529570200007811e-02
-4.715409962974703717e-02
-4.263601832402841296e-02
-3.682705653608131513e-02
-3.682705653608131513e-02
-4.457233889271705607e-02
-4.650865944776327865e-02
-3.553617612207382592e-02
-3.682705653608131513e-02
-3.876337714571320703e-02
-2.714545328309547756e-02
-2.714545328309547756e-02
-3.295441527585829533e-02
-4.005425754455060883e-02
-4.069969774169379662e-02
-4.521777907924828810e-02
-4.586321926426251139e-02
-2.779089351058594559e-02
-2.714545328309547756e-02
-4.134513793732175202e-02
-3.230897506051100265e-02
-2.843633373655585217e-02
-3.230897506051100265e-02
-4.134513793732175202e-02
-3.876337714571320703e-02
-3.101809462526183836e-02
-4.199057813143269868e-02
-4.650865944776327865e-02
-2.843633373655585217e-02
-1.617296918343669176e-02
-2.650001305408622443e-02
-4.005425754455060883e-02
-2.908177396100875001e-02
-2.198193140852033878e-02
-3.230897506051100265e-02
-3.876337714571320703e-02
-2.843633373655585217e-02
-1.746384968853398334e-02
-3.166353484364492488e-02
-4.328145851510711850e-02
-3.359985548968857927e-02
-3.424529570200007811e-02
-4.263601832402841296e-02
-3.940881734589041230e-02
-2.908177396100875001e-02
-2.843633373655585217e-02
-3.489073591279634456e-02
-2.908177396100875001e-02
-2.714545328309547756e-02
-3.037265440536351946e-02
-2.585457282356173891e-02
-2.391825212287379543e-02
-2.585457282356173891e-02
-2.972721418394463910e-02
-2.585457282356173891e-02
-2.520913259151669195e-02
-3.295441527585829533e-02
-2.972721418394463910e-02
-1.359120815500780566e-02
-9.073126296739175700e-03
-2.004561068049781625e-02
-2.779089351058594559e-02
-2.520913259151669195e-02
-2.069105092469136764e-02
-2.585457282356173891e-02
-2.650001305408622443e-02
-2.198193140852033878e-02
-2.456369235795463624e-02
-3.811793694401899302e-02
-3.101809462526183836e-02
-1.746384968853398334e-02
-2.520913259151669195e-02
-3.166353484364492488e-02
-2.843633373655585217e-02
-2.327281188627594588e-02
-2.972721418394463910e-02
-4.069969774169379662e-02
-3.037265440536351946e-02
-1.294576789410051276e-02
-1.940017043478547976e-02
-3.295441527585829533e-02
-2.650001305408622443e-02
-1.746384968853398334e-02
-3.037265440536351946e-02
-2.520913259151669195e-02
-1.294576789410051276e-02
-1.810928993880445148e-02
-3.424529570200007811e-02
-3.618161632983607490e-02
-1.359120815500780566e-02
-2.714545328309547756e-02
-4.715409962974703717e-02
-2.779089351058594559e-02
-2.004561068049781625e-02
-3.037265440536351946e-02
-2.520913259151669195e-02
-1.810928993880445148e-02
-1.423664841439453710e-02
-2.327281188627594588e-02
-3.037265440536351946e-02
-2.198193140852033878e-02
-2.198193140852033878e-02
-2.972721418394463910e-02
-2.198193140852033878e-02
-1.746384968853398334e-02
-2.520913259151669195e-02
-3.166353484364492488e-02
-2.327281188627594588e-02
-1.681840943674650646e-02
-2.133649116736435758e-02
-1.746384968853398334e-02
-5.845924923795209338e-03
-9.718566566766284609e-03
-2.456369235795463624e-02
-2.004561068049781625e-02
-2.133649116736435758e-02
-1.746384968853398334e-02
-2.520913259151669195e-02
-2.714545328309547756e-02
-1.617296918343669176e-02
-2.714545328309547756e-02
-3.940881734589041230e-02
-2.779089351058594559e-02
-1.359120815500780566e-02
-1.488208867226070709e-02
-1.810928993880445148e-02
-1.423664841439453710e-02
-1.359120815500780566e-02
-2.585457282356173891e-02
-2.456369235795463624e-02
-9.718566566766284609e-03
-1.423664841439453710e-02
-3.037265440536351946e-02
-2.456369235795463624e-02
-1.423664841439453710e-02
-2.779089351058594559e-02
-3.295441527585829533e-02
-2.714545328309547756e-02
-1.617296918343669176e-02
-1.165488736772779532e-02
-1.294576789410051276e-02
-1.294576789410051276e-02
-1.359120815500780566e-02
-1.940017043478547976e-02
-1.552752892860986833e-02
-1.973283226076816277e-03
-1.746384968853398334e-02
-2.908177396100875001e-02
-1.552752892860986833e-02
-1.230032763167443477e-02
-2.843633373655585217e-02
-3.166353484364492488e-02
-2.262737164815753488e-02
-4.555044363973692612e-03
-9.073126296739175700e-03
-2.972721418394463910e-02
-2.908177396100875001e-02
-1.488208867226070709e-02
-1.617296918343669176e-02
-1.746384968853398334e-02
-6.491365201425125520e-03
-2.618723512831877542e-03
-1.746384968853398334e-02
-2.520913259151669195e-02
-1.488208867226070709e-02
-1.681840943674650646e-02
-2.972721418394463910e-02
-2.650001305408622443e-02
-9.718566566766284609e-03
-8.427686025191505337e-03
-1.746384968853398334e-02
-1.617296918343669176e-02
-1.359120815500780566e-02
-2.004561068049781625e-02
-2.327281188627594588e-02
-1.552752892860986833e-02
-1.423664841439453710e-02
-1.617296918343669176e-02
-1.230032763167443477e-02
-2.650001305408622443e-02
-1.681840943674650646e-02
-1.230032763167443477e-02
-2.133649116736435758e-02
-1.423664841439453710e-02
-1.165488736772779532e-02
-2.133649116736435758e-02
-1.746384968853398334e-02
-1.036400683527460842e-02
-2.198193140852033878e-02
-3.101809462526183836e-02
-2.069105092469136764e-02
-9.073126296739175700e-03
-2.004561068049781625e-02
-2.972721418394463910e-02
-1.940017043478547976e-02
-8.427686025191505337e-03
-1.681840943674650646e-02
-2.520913259151669195e-02
-6.491365201425125520e-03
-4.555044363973692612e-03
-2.843633373655585217e-02
-2.585457282356173891e-02
-9.718566566766284609e-03
-8.427686025191505337e-03
-2.585457282356173891e-02
-2.585457282356173891e-02
-3.909604081780315710e-03
-1.036400683527460842e-02
-2.069105092469136764e-02
-2.262737164815753488e-02
-7.782245752123273519e-03
-3.696235668115832596e-05
-1.552752892860986833e-02
-7.136805477536256603e-03
1.899358526410210857e-03
-1.940017043478547976e-02
-2.908177396100875001e-02
-2.004561068049781625e-02
-1.165488736772779532e-02
-1.423664841439453710e-02
-1.617296918343669176e-02
-1.875473018755435817e-02
-1.359120815500780566e-02
-1.423664841439453710e-02
-2.456369235795463624e-02
-1.100944710226059442e-02
-6.491365201425125520e-03
-2.004561068049781625e-02
-1.875473018755435817e-02
-1.100944710226059442e-02
-9.718566566766284609e-03
-8.427686025191505337e-03
-2.618723512831877542e-03
-5.845924923795209338e-03
-2.198193140852033878e-02
-1.165488736772779532e-02
-8.427686025191505337e-03
-1.746384968853398334e-02
-9.718566566766284609e-03
-1.036400683527460842e-02
-5.200484644644731702e-03
-2.585457282356173891e-02
-2.198193140852033878e-02
6.084779361614778281e-04
-1.327842937799417200e-03
-1.359120815500780566e-02
-2.262737164815753488e-02
-1.359120815500780566e-02
-7.782245752123273519e-03
-1.617296918343669176e-02
-1.359120815500780566e-02
-3.264163798066377353e-03
-1.294576789410051276e-02
-1.552752892860986833e-02
-9.718566566766284609e-03
-8.427686025191505337e-03
-8.427686025191505337e-03
-1.488208867226070709e-02
-1.423664841439453710e-02
-8.427686025191505337e-03
-1.875473018755435817e-02
-2.520913259151669195e-02
-1.100944710226059442e-02
-5.845924923795209338e-03
-1.875473018755435817e-02
-2.908177396100875001e-02
-1.423664841439453710e-02
-3.264163798066377353e-03
-1.488208867226070709e-02
-2.391825212287379543e-02
-1.100944710226059442e-02
-6.491365201425125520e-03
-2.198193140852033878e-02
-1.617296918343669176e-02
-6.491365201425125520e-03
-1.359120815500780566e-02
