4.713142382684054610e-04
-1.050117302164288446e-02
3.053076010701261112e-03
1.725276619672300171e-02
7.571159171357422224e-03
-6.628530509765084844e-03
4.989397356087721391e-03
1.402556381666109075e-02
3.053076010701261112e-03
-3.401328374502909924e-03
3.698516457633971299e-03
8.862040088175149322e-03
2.407635565299770519e-03
-4.692209233194688522e-03
-2.755887942862855766e-03
4.713142382684054610e-04
-9.210292190465096951e-03
-1.465007074997970449e-03
5.634837807612314009e-03
5.634837807612314009e-03
6.280278260662797152e-03
1.116754679081566337e-03
-4.046768804613520842e-03
-1.465007074997970449e-03
-2.755887942862855766e-03
1.762195121425946809e-03
-1.465007074997970449e-03
-7.273970932233808639e-03
3.053076010701261112e-03
-1.741262010170885333e-04
-3.401328374502909924e-03
3.698516457633971299e-03
6.280278260662797152e-03
6.280278260662797152e-03
-7.919411353171312840e-03
-7.273970932233808639e-03
1.402556381666109075e-02
1.273468287535450827e-02
-8.195666387713629319e-04
-1.465007074997970449e-03
8.862040088175149322e-03
3.053076010701261112e-03
-2.018277906071475059e-02
-1.243749425695206412e-02
1.273468287535450827e-02
6.925718715246276247e-03
-1.050117302164288446e-02
2.407635565299770519e-03
1.660732571764889087e-02
4.713142382684054610e-04
-7.919411353171312840e-03
5.634837807612314009e-03
4.989397356087721391e-03
-7.273970932233808639e-03
-1.372837507285318281e-02
-5.983090085770470523e-03
-6.628530509765084844e-03
-7.273970932233808639e-03
3.698516457633971299e-03
8.862040088175149322e-03
-2.110447509695134727e-03
4.713142382684054610e-04
4.713142382684054610e-04
9.507480548876401372e-03
1.079836147487611697e-02
-1.465007074997970449e-03
-2.755887942862855766e-03
1.116754679081566337e-03
2.407635565299770519e-03
3.698516457633971299e-03
4.989397356087721391e-03
2.407635565299770519e-03
-4.046768804613520842e-03
3.698516457633971299e-03
1.467100428961032321e-02
8.862040088175149322e-03
-1.501925588264363398e-02
-7.919411353171312840e-03
1.596188524010422327e-02
4.343956906096124726e-03
-7.273970932233808639e-03
-2.110447509695134727e-03
1.116754679081566337e-03
-1.308293466566645691e-02
-1.372837507285318281e-02
2.407635565299770519e-03
1.116754679081566337e-03
1.762195121425946809e-03
1.015292101111064937e-02
2.047996861507250799e-02
1.789820667733010850e-02
1.762195121425946809e-03
3.698516457633971299e-03
1.660732571764889087e-02
1.762195121425946809e-03
-1.179205384671000445e-02
1.762195121425946809e-03
4.989397356087721391e-03
-9.210292190465096951e-03
-5.983090085770470523e-03
8.216599628999787797e-03
2.407635565299770519e-03
-5.983090085770470523e-03
3.053076010701261112e-03
1.338012334524307789e-02
1.116754679081566337e-03
-1.501925588264363398e-02
-1.741262010170885333e-04
3.053076010701261112e-03
4.713142382684054610e-04
4.713142382684054610e-04
1.116754679081566337e-03
5.634837807612314009e-03
4.989397356087721391e-03
-1.465007074997970449e-03
1.015292101111064937e-02
6.280278260662797152e-03
-5.337649660246412964e-03
-2.755887942862855766e-03
4.343956906096124726e-03
-1.741262010170885333e-04
-9.210292190465096951e-03
-2.110447509695134727e-03
6.280278260662797152e-03
-6.628530509765084844e-03
-1.824645788039092054e-02
4.343956906096124726e-03
1.725276619672300171e-02
-3.401328374502909924e-03
-9.855732606817824148e-03
1.208924240699715824e-02
1.918908764313798088e-02
-9.210292190465096951e-03
-1.501925588264363398e-02
8.862040088175149322e-03
8.216599628999787797e-03
-4.046768804613520842e-03
9.507480548876401372e-03
2.047996861507250799e-02
3.053076010701261112e-03
-7.919411353171312840e-03
-8.195666387713629319e-04
1.079836147487611697e-02
8.216599628999787797e-03
-5.337649660246412964e-03
-1.741262010170885333e-04
1.079836147487611697e-02
-7.273970932233808639e-03
-1.308293466566645691e-02
5.634837807612314009e-03
9.507480548876401372e-03
4.343956906096124726e-03
1.762195121425946809e-03
3.053076010701261112e-03
6.925718715246276247e-03
-5.337649660246412964e-03
-1.465007074997970449e-03
1.208924240699715824e-02
8.862040088175149322e-03
2.407635565299770519e-03
4.713142382684054610e-04
-1.465007074997970449e-03
-7.273970932233808639e-03
-3.401328374502909924e-03
1.015292101111064937e-02
6.925718715246276247e-03
3.698516457633971299e-03
3.698516457633971299e-03
4.989397356087721391e-03
-4.692209233194688522e-03
-4.692209233194688522e-03
8.862040088175149322e-03
1.208924240699715824e-02
3.053076010701261112e-03
-6.628530509765084844e-03
3.053076010701261112e-03
6.925718715246276247e-03
4.989397356087721391e-03
1.402556381666109075e-02
6.925718715246276247e-03
1.116754679081566337e-03
-5.983090085770470523e-03
-9.855732606817824148e-03
5.634837807612314009e-03
6.925718715246276247e-03
-8.195666387713629319e-04
1.762195121425946809e-03
6.925718715246276247e-03
7.571159171357422224e-03
-8.195666387713629319e-04
4.343956906096124726e-03
4.989397356087721391e-03
-8.195666387713629319e-04
-2.110447509695134727e-03
-8.195666387713629319e-04
6.925718715246276247e-03
3.053076010701261112e-03
-3.401328374502909924e-03
3.053076010701261112e-03
2.407635565299770519e-03
-1.741262010170885333e-04
8.862040088175149322e-03
6.925718715246276247e-03
3.053076010701261112e-03
-5.983090085770470523e-03
6.925718715246276247e-03
1.015292101111064937e-02
-8.195666387713629319e-04
-2.755887942862855766e-03
3.698516457633971299e-03
1.079836147487611697e-02
-8.195666387713629319e-04
-1.114661343494205425e-02
7.571159171357422224e-03
1.762195121425946809e-03
-4.046768804613520842e-03
-4.692209233194688522e-03
-5.337649660246412964e-03
1.208924240699715824e-02
-3.401328374502909924e-03
-8.195666387713629319e-04
2.047996861507250799e-02
5.634837807612314009e-03
-1.501925588264363398e-02
-4.692209233194688522e-03
8.862040088175149322e-03
1.116754679081566337e-03
-8.195666387713629319e-04
9.507480548876401372e-03
1.338012334524307789e-02
1.116754679081566337e-03
-5.337649660246412964e-03
8.862040088175149322e-03
1.596188524010422327e-02
-7.273970932233808639e-03
-4.692209233194688522e-03
1.015292101111064937e-02
-1.741262010170885333e-04
-2.082821945110246986e-02
-1.372837507285318281e-02
1.531644476409255162e-02
1.338012334524307789e-02
-3.401328374502909924e-03
-2.110447509695134727e-03
5.634837807612314009e-03
3.698516457633971299e-03
-4.046768804613520842e-03
-1.741262010170885333e-04
1.116754679081566337e-03
-7.919411353171312840e-03
-8.195666387713629319e-04
6.925718715246276247e-03
3.053076010701261112e-03
-4.046768804613520842e-03
-9.210292190465096951e-03
2.407635565299770519e-03
-2.110447509695134727e-03
-7.919411353171312840e-03
-5.337649660246412964e-03
1.079836147487611697e-02
4.989397356087721391e-03
-4.692209233194688522e-03
8.216599628999787797e-03
1.338012334524307789e-02
-5.983090085770470523e-03
-4.692209233194688522e-03
1.531644476409255162e-02
6.925718715246276247e-03
-1.566469628524735924e-02
-4.046768804613520842e-03
1.402556381666109075e-02
6.280278260662797152e-03
-9.855732606817824148e-03
-5.337649660246412964e-03
4.343956906096124726e-03
-2.110447509695134727e-03
-9.210292190465096951e-03
-1.465007074997970449e-03
-1.741262010170885333e-04
-3.401328374502909924e-03
-1.741262010170885333e-04
7.571159171357422224e-03
6.925718715246276247e-03
6.280278260662797152e-03
6.280278260662797152e-03
8.216599628999787797e-03
3.053076010701261112e-03
-7.919411353171312840e-03
4.343956906096124726e-03
1.338012334524307789e-02
-2.755887942862855766e-03
-1.179205384671000445e-02
3.053076010701261112e-03
1.116754679081566337e-03
-7.919411353171312840e-03
1.762195121425946809e-03
7.571159171357422224e-03
-5.983090085770470523e-03
-4.083687079626763250e-02
-4.277319181641381363e-02
-3.438246729669280910e-02
-5.374567733823809590e-02
-6.988168465932886875e-02
-6.278184155520705190e-02
-6.084552067668091979e-02
-7.117256520394477093e-02
-7.956328859573957857e-02
-7.504520680130610799e-02
-7.375432627493339055e-02
-8.859945196129181966e-02
-9.053577264376144740e-02
-8.020872884601004671e-02
-8.149960934199107498e-02
-1.015082562530960075e-01
-1.034445768445273472e-01
-8.989033241779154082e-02
-9.053577264376144740e-02
-1.015082562530960075e-01
-9.053577264376144740e-02
-7.310888600946618965e-02
-7.891784834395210169e-02
-8.408137031572593401e-02
-7.052712493239710057e-02
-5.761831918203874636e-02
-7.633608732160013233e-02
-9.505385418306389056e-02
-9.699017482000193979e-02
-9.892649544328691036e-02
-1.060263376118761869e-01
-8.924489219030107279e-02
-8.279048983189696287e-02
-9.440841396771659788e-02
-1.015082562530960075e-01
-1.073172179864538833e-01
-1.015082562530960075e-01
-1.027991366488993918e-01
-1.137716197684053299e-01
-1.111898590738089609e-01
-1.066717777999226513e-01
-1.040900170386382939e-01
-1.240986623044335602e-01
-1.240986623044335602e-01
-1.124807394241376102e-01
-1.337802643300118888e-01
-1.518525872007625566e-01
-1.331348242055643283e-01
-1.299076235606353436e-01
-1.395892253819877027e-01
-1.363620248126782286e-01
-1.189351410848811241e-01
-1.182897009256222987e-01
-1.408801055991286688e-01
-1.408801055991286688e-01
-1.305530636926466315e-01
-1.389437852711488119e-01
-1.524980272813785120e-01
-1.408801055991286688e-01
-1.182897009256222987e-01
-1.266804228778788399e-01
-1.421709858102229163e-01
-1.408801055991286688e-01
-1.286167432920723996e-01
-1.208714615535697590e-01
-1.370074649295638380e-01
-1.240986623044335602e-01
-1.105444188963726759e-01
-1.292621834271088233e-01
-1.324893840796033118e-01
-1.240986623044335602e-01
-1.299076235606353436e-01
-1.415255457054307442e-01
-1.408801055991286688e-01
-1.260349827367885922e-01
-1.247441024500659523e-01
-1.324893840796033118e-01
-1.234532221572894883e-01
-1.144170599382672293e-01
-1.318439439521306156e-01
-1.415255457054307442e-01
-1.311985038231444634e-01
-1.208714615535697590e-01
-1.279713031555207436e-01
-1.305530636926466315e-01
-1.253895425941848885e-01
-1.305530636926466315e-01
-1.408801055991286688e-01
-1.318439439521306156e-01
-1.092535385369526324e-01
-1.137716197684053299e-01
-1.311985038231444634e-01
-1.318439439521306156e-01
-1.337802643300118888e-01
-1.331348242055643283e-01
-1.505617070349956066e-01
-1.389437852711488119e-01
-1.234532221572894883e-01
-1.402346654913131374e-01
-1.376529050449377678e-01
-1.182897009256222987e-01
-1.182897009256222987e-01
-1.389437852711488119e-01
-1.460436264072324519e-01
-1.286167432920723996e-01
-1.318439439521306156e-01
-1.376529050449377678e-01
-1.286167432920723996e-01
-1.273258630174574080e-01
-1.324893840796033118e-01
-1.473345065941469301e-01
-1.537889074380824894e-01
-1.382983451588000179e-01
-1.499162669498481648e-01
-1.479799466853375378e-01
-1.382983451588000179e-01
-1.415255457054307442e-01
-1.537889074380824894e-01
-1.557252276618168452e-01
-1.402346654913131374e-01
-1.234532221572894883e-01
-1.363620248126782286e-01
-1.363620248126782286e-01
-1.299076235606353436e-01
-1.344257044529477696e-01
-1.453981863115085815e-01
-1.512071471186349214e-01
-1.421709858102229163e-01
-1.370074649295638380e-01
-1.344257044529477696e-01
-1.266804228778788399e-01
-1.247441024500659523e-01
-1.299076235606353436e-01
-1.402346654913131374e-01
-1.382983451588000179e-01
-1.292621834271088233e-01
-1.363620248126782286e-01
-1.389437852711488119e-01
-1.273258630174574080e-01
-1.253895425941848885e-01
-1.357165846942791632e-01
-1.447527462142748078e-01
-1.311985038231444634e-01
-1.273258630174574080e-01
-1.441073061155275781e-01
-1.486253867750182422e-01
-1.260349827367885922e-01
-1.234532221572894883e-01
-1.292621834271088233e-01
-1.273258630174574080e-01
-1.157079402734435547e-01
-1.240986623044335602e-01
-1.434618660152704450e-01
-1.311985038231444634e-01
-1.111898590738089609e-01
-1.176442607648500172e-01
-1.318439439521306156e-01
-1.305530636926466315e-01
-1.279713031555207436e-01
-1.357165846942791632e-01
-1.337802643300118888e-01
-1.182897009256222987e-01
-1.273258630174574080e-01
-1.408801055991286688e-01
-1.363620248126782286e-01
-1.331348242055643283e-01
-1.376529050449377678e-01
-1.473345065941469301e-01
-1.395892253819877027e-01
-1.324893840796033118e-01
-1.363620248126782286e-01
-1.428164259135034087e-01
-1.389437852711488119e-01
-1.421709858102229163e-01
-1.460436264072324519e-01
-1.479799466853375378e-01
-1.344257044529477696e-01
-1.311985038231444634e-01
-1.563706677333733808e-01
-1.589524280045075955e-01
-1.453981863115085815e-01
-1.447527462142748078e-01
-1.512071471186349214e-01
-1.512071471186349214e-01
-1.395892253819877027e-01
-1.395892253819877027e-01
-1.524980272813785120e-01
-1.479799466853375378e-01
-1.357165846942791632e-01
-1.421709858102229163e-01
-1.447527462142748078e-01
-1.311985038231444634e-01
-1.324893840796033118e-01
-1.466890665014464190e-01
-1.589524280045075955e-01
-1.512071471186349214e-01
-1.441073061155275781e-01
-1.608887481920113771e-01
-1.595978680685199436e-01
-1.415255457054307442e-01
-1.479799466853375378e-01
-1.634705084208860626e-01
-1.505617070349956066e-01
-1.344257044529477696e-01
-1.408801055991286688e-01
-1.499162669498481648e-01
-1.408801055991286688e-01
-1.344257044529477696e-01
-1.512071471186349214e-01
-1.641159484743344166e-01
-1.466890665014464190e-01
-1.376529050449377678e-01
-1.428164259135034087e-01
-1.473345065941469301e-01
-1.382983451588000179e-01
-1.305530636926466315e-01
-1.389437852711488119e-01
-1.428164259135034087e-01
-1.311985038231444634e-01
-1.305530636926466315e-01
-1.350711445743701944e-01
-1.389437852711488119e-01
-1.266804228778788399e-01
-1.299076235606353436e-01
-1.318439439521306156e-01
-1.434618660152704450e-01
-1.311985038231444634e-01
-1.286167432920723996e-01
-1.395892253819877027e-01
-1.266804228778788399e-01
-1.202260213988548543e-01
-1.344257044529477696e-01
-1.492708268631890434e-01
-1.589524280045075955e-01
-1.808973893346301764e-01
-2.228509870327055609e-01
-2.415687439580445073e-01
-2.506049020224079271e-01
-2.706135366919273366e-01
-2.951402481976472814e-01
-3.138580002652027190e-01
-2.873949711130538986e-01
-2.564138606230290662e-01
-2.428596236995073099e-01
-2.286599462135274763e-01
-2.163965878002720444e-01
-2.157511478687688111e-01
-2.189783475112658806e-01
-2.021969089600510472e-01
-1.725066690318790563e-01
-1.718612289980399055e-01
-1.815428293473715371e-01
-1.796065093046319561e-01
-1.737975490950365298e-01
-1.776701892483298906e-01
-1.802519493203860179e-01
-1.725066690318790563e-01
-1.615341882514922389e-01
-1.731521090642118565e-01
-1.731521090642118565e-01
-1.621796283094667501e-01
-1.641159484743344166e-01
-1.692794688476020326e-01
-1.595978680685199436e-01
-1.434618660152704450e-01
-1.524980272813785120e-01
-1.692794688476020326e-01
-1.570161078034217894e-01
-1.499162669498481648e-01
-1.692794688476020326e-01
-1.841245893832681446e-01
-1.757338691784653406e-01
-1.595978680685199436e-01
-1.621796283094667501e-01
-1.679885887633343344e-01
-1.621796283094667501e-01
-1.634705084208860626e-01
-1.763793092032610588e-01
-1.770247492265486500e-01
-1.628250683659313580e-01
-1.583069879389888968e-01
-1.776701892483298906e-01
-1.789610692873715436e-01
-1.718612289980399055e-01
-1.860609093943725867e-01
-1.918698693463802840e-01
-1.789610692873715436e-01
-1.621796283094667501e-01
-1.686340288062240234e-01
-1.770247492265486500e-01
-1.789610692873715436e-01
-1.686340288062240234e-01
-1.834791493765521864e-01
-1.938061893032845262e-01
-1.808973893346301764e-01
-1.718612289980399055e-01
-1.860609093943725867e-01
-1.737975490950365298e-01
-1.499162669498481648e-01
-1.492708268631890434e-01
-1.666977086730341284e-01
-1.686340288062240234e-01
-1.537889074380824894e-01
-1.524980272813785120e-01
-1.647613885262728672e-01
-1.621796283094667501e-01
-1.421709858102229163e-01
-1.441073061155275781e-01
-1.615341882514922389e-01
-1.544343475141705113e-01
-1.421709858102229163e-01
-1.473345065941469301e-01
-1.505617070349956066e-01
-1.402346654913131374e-01
-1.376529050449377678e-01
-1.628250683659313580e-01
-1.796065093046319561e-01
-1.602433081310206120e-01
-1.441073061155275781e-01
-1.550797875887486299e-01
-1.718612289980399055e-01
-1.686340288062240234e-01
-1.802519493203860179e-01
-2.138148280652441002e-01
-2.338234653833275445e-01
-2.254327466836354432e-01
-2.196237874352622299e-01
-2.222055471162196483e-01
-2.073604286224881577e-01
-1.892881093827671890e-01
-1.892881093827671890e-01
-2.009060290294044648e-01
-2.125239481887160053e-01
-2.473777027474195478e-01
-2.751316152893021894e-01
-2.602864996227349792e-01
-2.364052249322270427e-01
-2.163965878002720444e-01
-2.112330683061749426e-01
-2.092967484710968051e-01
-1.912244293577334275e-01
-1.815428293473715371e-01
-1.905789893675837732e-01
-1.996151490927413619e-01
-1.802519493203860179e-01
-1.737975490950365298e-01
-1.899335493759277682e-01
-1.828337093683316539e-01
-1.718612289980399055e-01
-1.815428293473715371e-01
-1.905789893675837732e-01
-1.828337093683316539e-01
-1.776701892483298906e-01
-1.834791493765521864e-01
-1.867063493950631425e-01
-1.828337093683316539e-01
-1.757338691784653406e-01
-1.763793092032610588e-01
-1.796065093046319561e-01
-1.834791493765521864e-01
-1.847700293884759759e-01
-1.976788291764641770e-01
-2.034877888846828853e-01
-1.886426693880984828e-01
-1.828337093683316539e-01
-1.873517893942473478e-01
-1.808973893346301764e-01
-1.867063493950631425e-01
-1.957425092466458239e-01
-1.957425092466458239e-01
-1.879972293919269788e-01
-1.712157889626926277e-01
-1.783156292686047806e-01
-1.944516292859095330e-01
-1.776701892483298906e-01
-1.718612289980399055e-01
-1.860609093943725867e-01
-1.892881093827671890e-01
-1.718612289980399055e-01
-1.531434673604863406e-01
-1.531434673604863406e-01
-1.531434673604863406e-01
-1.389437852711488119e-01
-1.279713031555207436e-01
-1.337802643300118888e-01
-1.273258630174574080e-01
-1.144170599382672293e-01
-1.150625001066138964e-01
-1.253895425941848885e-01
-1.228077820086301841e-01
-1.137716197684053299e-01
-1.176442607648500172e-01
-1.266804228778788399e-01
-1.163533804387615334e-01
-9.376297375085052010e-02
-1.015082562530960075e-01
-1.195805812426229409e-01
-1.002173758512245882e-01
-8.795401173076733414e-02
-9.957193564801336549e-02
-1.073172179864538833e-01
-9.505385418306389056e-02
-8.730857149872228717e-02
-1.073172179864538833e-01
-1.105444188963726759e-01
-8.279048983189696287e-02
-7.956328859573957857e-02
-1.002173758512245882e-01
-9.763561502927942115e-02
-8.537225079348154111e-02
-8.989033241779154082e-02
-1.034445768445273472e-01
-9.440841396771659788e-02
-7.310888600946618965e-02
-8.989033241779154082e-02
-1.015082562530960075e-01
-8.279048983189696287e-02
-8.537225079348154111e-02
-9.182665309115023433e-02
-1.008628160529188023e-01
-9.053577264376144740e-02
-7.633608732160013233e-02
-9.376297375085052010e-02
-9.892649544328691036e-02
-8.085416909475995340e-02
-8.149960934199107498e-02
-9.505385418306389056e-02
-9.182665309115023433e-02
-7.246344574248020365e-02
-6.859080410863072075e-02
-8.214504958770341148e-02
-7.375432627493339055e-02
-6.213640126388675355e-02
-6.988168465932886875e-02
-8.085416909475995340e-02
-7.439976653888003000e-02
-5.568199826698894128e-02
-6.859080410863072075e-02
-8.795401173076733414e-02
-7.246344574248020365e-02
-6.213640126388675355e-02
-7.375432627493339055e-02
-8.279048983189696287e-02
-7.052712493239710057e-02
-5.697287887854507460e-02
-6.536360270527197258e-02
-7.117256520394477093e-02
-5.890919978446085281e-02
-6.020008038079538437e-02
-6.859080410863072075e-02
-6.988168465932886875e-02
-6.213640126388675355e-02
-5.890919978446085281e-02
-6.213640126388675355e-02
-5.632743857352728867e-02
-4.277319181641381363e-02
-4.922759511785734787e-02
-6.600904298898591094e-02
-6.342728184500501243e-02
-5.632743857352728867e-02
-7.375432627493339055e-02
-6.923624438474185183e-02
-4.793671446975622530e-02
-4.148231113783928947e-02
-5.439111764934345672e-02
-5.761831918203874636e-02
-4.341863215341490445e-02
-4.406407248889188111e-02
-6.020008038079538437e-02
-6.471816242003747277e-02
-4.987303543962440244e-02
-4.212775147788860863e-02
-5.439111764934345672e-02
-5.697287887854507460e-02
-4.987303543962440244e-02
-4.987303543962440244e-02
-5.826375948401008031e-02
-4.858215479456973185e-02
-2.986438475625874389e-02
-5.116391607858616908e-02
-6.084552067668091979e-02
-3.244614621708663549e-02
-3.760966906553697697e-02
-4.922759511785734787e-02
-5.439111764934345672e-02
-5.310023702560862091e-02
-4.212775147788860863e-02
-4.535495315527349192e-02
-5.116391607858616908e-02
-4.277319181641381363e-02
-4.212775147788860863e-02
-5.180935639578443386e-02
-5.310023702560862091e-02
-4.341863215341490445e-02
-4.148231113783928947e-02
-4.922759511785734787e-02
-4.212775147788860863e-02
-3.567334800880495038e-02
-4.406407248889188111e-02
-5.761831918203874636e-02
-5.245479671145680811e-02
-3.373702693834879085e-02
-3.760966906553697697e-02
-6.471816242003747277e-02
-4.470951282284474360e-02
-1.760101748389608645e-02
-3.825510941473275750e-02
-5.116391607858616908e-02
-4.858215479456973185e-02
-4.148231113783928947e-02
-4.729127414342215729e-02
-4.729127414342215729e-02
-3.438246729669280910e-02
-3.502790765351093683e-02
-4.535495315527349192e-02
-4.987303543962440244e-02
-3.438246729669280910e-02
-3.309158657848065843e-02
-4.664583381556219877e-02
-5.180935639578443386e-02
-3.696422871481885863e-02
-3.180070585416672202e-02
-4.083687079626763250e-02
-4.922759511785734787e-02
-3.567334800880495038e-02
-3.244614621708663549e-02
-5.180935639578443386e-02
-5.568199826698894128e-02
-4.341863215341490445e-02
-3.696422871481885863e-02
-4.148231113783928947e-02
-3.309158657848065843e-02
-2.405542138014027387e-02
-3.502790765351093683e-02
-4.600039348617990242e-02
-4.406407248889188111e-02
-3.438246729669280910e-02
-3.180070585416672202e-02
-4.083687079626763250e-02
-3.954599010854842334e-02
-2.857350401669123130e-02
-4.019143045317008500e-02
-3.890054976240264750e-02
-4.148231113783928947e-02
-3.115526548972269438e-02
-2.986438475625874389e-02
-4.212775147788860863e-02
-2.792806364461775104e-02
-2.986438475625874389e-02
-4.470951282284474360e-02
-4.083687079626763250e-02
-2.405542138014027387e-02
-2.534630214107025381e-02
-4.148231113783928947e-02
-3.825510941473275750e-02
-2.470086176136732092e-02
-3.438246729669280910e-02
-4.729127414342215729e-02
-3.760966906553697697e-02
-2.470086176136732092e-02
-2.792806364461775104e-02
-4.019143045317008500e-02
-3.309158657848065843e-02
-2.792806364461775104e-02
-3.567334800880495038e-02
-4.406407248889188111e-02
-3.631878836257307341e-02
-2.147365983996252226e-02
-2.857350401669123130e-02
-4.277319181641381363e-02
-3.115526548972269438e-02
-2.470086176136732092e-02
-2.986438475625874389e-02
-3.309158657848065843e-02
-3.373702693834879085e-02
-3.502790765351093683e-02
-4.277319181641381363e-02
-3.631878836257307341e-02
-1.308293466566645691e-02
-2.276454061310317911e-02
-3.825510941473275750e-02
-3.115526548972269438e-02
-1.953733866880114078e-02
-2.986438475625874389e-02
-4.729127414342215729e-02
-3.373702693834879085e-02
-1.695557708587536183e-02
-2.663718289589667165e-02
-3.631878836257307341e-02
-2.728262327102015661e-02
-1.953733866880114078e-02
-3.631878836257307341e-02
-4.341863215341490445e-02
-2.082821945110246986e-02
-2.534630214107025381e-02
-4.212775147788860863e-02
-3.890054976240264750e-02
-1.760101748389608645e-02
-1.372837507285318281e-02
-4.083687079626763250e-02
-4.019143045317008500e-02
-2.276454061310317911e-02
-3.696422871481885863e-02
-5.051847575986556649e-02
-3.244614621708663549e-02
-7.919411353171312840e-03
-1.243749425695206412e-02
-3.050982512375455258e-02
-1.824645788039092054e-02
-1.243749425695206412e-02
-3.567334800880495038e-02
-4.148231113783928947e-02
-2.599174251924551982e-02
-1.824645788039092054e-02
-3.115526548972269438e-02
-4.277319181641381363e-02
-2.534630214107025381e-02
-2.018277906071475059e-02
-3.825510941473275750e-02
-4.019143045317008500e-02
-2.857350401669123130e-02
-2.470086176136732092e-02
-2.728262327102015661e-02
-3.244614621708663549e-02
-3.050982512375455258e-02
-2.792806364461775104e-02
-3.502790765351093683e-02
-2.147365983996252226e-02
-1.372837507285318281e-02
-2.728262327102015661e-02
-3.309158657848065843e-02
-2.276454061310317911e-02
-2.147365983996252226e-02
-3.696422871481885863e-02
-4.083687079626763250e-02
-2.663718289589667165e-02
-2.599174251924551982e-02
-3.244614621708663549e-02
-2.211910022729668412e-02
-2.276454061310317911e-02
-2.599174251924551982e-02
-3.180070585416672202e-02
-3.502790765351093683e-02
-2.728262327102015661e-02
-2.728262327102015661e-02
-3.825510941473275750e-02
-3.696422871481885863e-02
-2.405542138014027387e-02
-2.211910022729668412e-02
-3.180070585416672202e-02
-2.728262327102015661e-02
-1.566469628524735924e-02
-2.147365983996252226e-02
-4.083687079626763250e-02
-3.438246729669280910e-02
-1.243749425695206412e-02
-2.599174251924551982e-02
-4.019143045317008500e-02
-2.082821945110246986e-02
-1.437381547851224184e-02
-2.405542138014027387e-02
-3.050982512375455258e-02
-2.018277906071475059e-02
-7.919411353171312840e-03
-2.276454061310317911e-02
-3.438246729669280910e-02
-2.728262327102015661e-02
-2.857350401669123130e-02
-3.567334800880495038e-02
-2.728262327102015661e-02
-1.372837507285318281e-02
-1.372837507285318281e-02
-2.857350401669123130e-02
-3.180070585416672202e-02
-1.953733866880114078e-02
-2.340998099738555993e-02
-3.050982512375455258e-02
-2.211910022729668412e-02
-1.889189827535986410e-02
-2.986438475625874389e-02
-3.631878836257307341e-02
-1.889189827535986410e-02
-1.243749425695206412e-02
-1.953733866880114078e-02
-1.760101748389608645e-02
-1.501925588264363398e-02
-2.211910022729668412e-02
-3.115526548972269438e-02
-2.857350401669123130e-02
-1.050117302164288446e-02
-9.855732606817824148e-03
-3.050982512375455258e-02
-2.211910022729668412e-02
-1.243749425695206412e-02
-2.082821945110246986e-02
-2.211910022729668412e-02
-2.211910022729668412e-02
-1.243749425695206412e-02
-1.953733866880114078e-02
-3.115526548972269438e-02
-2.728262327102015661e-02
-1.695557708587536183e-02
-1.501925588264363398e-02
-1.760101748389608645e-02
-9.855732606817824148e-03
-1.465007074997970449e-03
-1.824645788039092054e-02
-2.857350401669123130e-02
-1.308293466566645691e-02
-4.046768804613520842e-03
-1.953733866880114078e-02
-2.470086176136732092e-02
-1.760101748389608645e-02
-2.082821945110246986e-02
-3.309158657848065843e-02
-3.244614621708663549e-02
-1.953733866880114078e-02
-9.855732606817824148e-03
-2.082821945110246986e-02
-2.599174251924551982e-02
-1.179205384671000445e-02
-1.889189827535986410e-02
-3.696422871481885863e-02
-1.824645788039092054e-02
2.407635565299770519e-03
-1.308293466566645691e-02
-2.082821945110246986e-02
-7.919411353171312840e-03
1.116754679081566337e-03
-1.243749425695206412e-02
-2.857350401669123130e-02
6.925718715246276247e-03
1.762195121425946809e-03
-2.792806364461775104e-02
-2.082821945110246986e-02
-1.308293466566645691e-02
-1.631013668632519398e-02
-2.599174251924551982e-02
-1.889189827535986410e-02
-2.755887942862855766e-03
-1.243749425695206412e-02
-1.760101748389608645e-02
-1.114661343494205425e-02
-1.114661343494205425e-02
-2.470086176136732092e-02
-2.405542138014027387e-02
-1.465007074997970449e-03
-7.919411353171312840e-03
-2.340998099738555993e-02
-2.792806364461775104e-02
-1.953733866880114078e-02
-9.210292190465096951e-03
-1.179205384671000445e-02
-1.631013668632519398e-02
-1.243749425695206412e-02
