-4.194991132051129057e-03
-1.194027604579339652e-02
-9.358514432321385357e-03
9.359257996619518849e-03
5.486615319613363795e-03
-1.387659723985912308e-02
-1.516747802826934333e-02
4.195734439514708924e-03
9.359257996619518849e-03
-2.904110291702011182e-03
-3.223485926628910647e-04
6.777496205831567977e-03
-2.904110291702011182e-03
-6.131312381111087007e-03
3.550294001760434526e-03
1.516822211540791443e-02
6.777496205831567977e-03
-1.000395483798044438e-02
3.230918359182766153e-04
1.323190072870694678e-02
-2.258669869233287386e-03
-1.194027604579339652e-02
1.065013890119459461e-02
1.774998398577487535e-02
4.195734439514708924e-03
-8.067633616420266662e-03
9.359257996619518849e-03
3.550294001760434526e-03
-1.710379919943072480e-02
-1.000395483798044438e-02
2.259413130836662731e-03
6.777496205831567977e-03
-3.549550712639515382e-03
-3.549550712639515382e-03
1.000469844814411147e-02
1.194101981188921968e-02
9.685322660288875340e-04
-1.613229445238673065e-03
8.713817546627922184e-03
6.132055761957744267e-03
-1.323115684336428899e-02
-6.131312381111087007e-03
1.129557935577807370e-02
2.259413130836662731e-03
-1.129483564471556178e-02
-6.131312381111087007e-03
4.841174878800202919e-03
-2.258669869233287386e-03
-9.358514432321385357e-03
-6.776752794410256797e-03
6.777496205831567977e-03
1.129557935577807370e-02
-5.485871966286026691e-03
-6.776752794410256797e-03
7.422936651233058569e-03
-4.194991132051129057e-03
-2.420364337615943384e-02
-6.776752794410256797e-03
1.323190072870694678e-02
8.713817546627922184e-03
-1.452203763482806664e-02
-1.000395483798044438e-02
7.422936651233058569e-03
-9.358514432321385357e-03
-2.097644150053845635e-02
2.259413130836662731e-03
1.194101981188921968e-02
6.777496205831567977e-03
-4.840431549933299493e-03
-2.258669869233287386e-03
6.777496205831567977e-03
-4.194991132051129057e-03
-1.387659723985912308e-02
4.195734439514708924e-03
1.710454351588630573e-02
-9.358514432321385357e-03
-2.355820300408595358e-02
-3.549550712639515382e-03
6.777496205831567977e-03
-7.422193206178206992e-03
-7.422193206178206992e-03
7.422936651233058569e-03
1.258646026953158525e-02
-6.131312381111087007e-03
-1.710379919943072480e-02
9.685322660288875340e-04
7.422936651233058569e-03
-8.713074025134659450e-03
-4.194991132051129057e-03
1.323190072870694678e-02
8.068377098165768757e-03
-1.323115684336428899e-02
-1.904012035685376247e-02
-2.258669869233287386e-03
6.777496205831567977e-03
-9.677890197146155060e-04
-5.485871966286026691e-03
2.259413130836662731e-03
1.613972697668941692e-03
-9.358514432321385357e-03
-7.422193206178206992e-03
-3.223485926628910647e-04
9.685322660288875340e-04
-8.067633616420266662e-03
-1.323115684336428899e-02
9.685322660288875340e-04
6.777496205831567977e-03
-4.840431549933299493e-03
-9.677890197146155060e-04
8.068377098165768757e-03
3.550294001760434526e-03
-2.258669869233287386e-03
-2.904110291702011182e-03
1.065013890119459461e-02
1.065013890119459461e-02
-6.131312381111087007e-03
-8.067633616420266662e-03
1.065013890119459461e-02
1.323190072870694678e-02
-1.064939524211183652e-02
-4.840431549933299493e-03
1.710454351588630573e-02
1.000469844814411147e-02
-2.258669869233287386e-03
4.195734439514708924e-03
1.387734118940819883e-02
-1.516747802826934333e-02
-3.259436807428706118e-02
3.230918359182766153e-04
8.713817546627922184e-03
-2.904110291702011182e-03
-6.776752794410256797e-03
2.259413130836662731e-03
2.355894828366977833e-02
2.291350780000023235e-02
5.486615319613363795e-03
-4.194991132051129057e-03
-7.422193206178206992e-03
-8.713074025134659450e-03
-8.067633616420266662e-03
-9.677890197146155060e-04
1.516822211540791443e-02
9.359257996619518849e-03
-8.067633616420266662e-03
-1.581291842018295313e-02
-3.549550712639515382e-03
-6.776752794410256797e-03
-1.839467997257138165e-02
-5.485871966286026691e-03
1.645910304752895570e-02
1.613972697668941692e-03
-1.323115684336428899e-02
-3.223485926628910647e-04
1.258646026953158525e-02
-2.904110291702011182e-03
-1.000395483798044438e-02
2.904853565533827009e-03
1.129557935577807370e-02
-4.194991132051129057e-03
-1.516747802826934333e-02
-4.840431549933299493e-03
2.904853565533827009e-03
3.230918359182766153e-04
-6.776752794410256797e-03
9.685322660288875340e-04
4.841174878800202919e-03
-6.131312381111087007e-03
-1.064939524211183652e-02
1.613972697668941692e-03
7.422936651233058569e-03
-8.067633616420266662e-03
-1.452203763482806664e-02
7.422936651233058569e-03
1.323190072870694678e-02
-1.613229445238673065e-03
-6.776752794410256797e-03
2.904853565533827009e-03
9.359257996619518849e-03
-2.904110291702011182e-03
-1.129483564471556178e-02
1.613972697668941692e-03
5.486615319613363795e-03
-2.904110291702011182e-03
-7.422193206178206992e-03
5.486615319613363795e-03
1.000469844814411147e-02
-2.904110291702011182e-03
-1.904012035685376247e-02
2.904853565533827009e-03
1.774998398577487535e-02
-3.549550712639515382e-03
9.685322660288875340e-04
5.486615319613363795e-03
-2.258669869233287386e-03
-1.839467997257138165e-02
-1.000395483798044438e-02
7.422936651233058569e-03
3.550294001760434526e-03
-1.000395483798044438e-02
-7.422193206178206992e-03
-3.549550712639515382e-03
-7.422193206178206992e-03
-1.064939524211183652e-02
-9.358514432321385357e-03
7.422936651233058569e-03
4.195734439514708924e-03
-1.194027604579339652e-02
-9.358514432321385357e-03
-1.613229445238673065e-03
1.613972697668941692e-03
-7.422193206178206992e-03
-5.485871966286026691e-03
7.422936651233058569e-03
6.777496205831567977e-03
-1.000395483798044438e-02
-1.387659723985912308e-02
9.685322660288875340e-04
8.713817546627922184e-03
9.685322660288875340e-04
-1.613229445238673065e-03
1.258646026953158525e-02
1.129557935577807370e-02
-1.613229445238673065e-03
-3.549550712639515382e-03
6.777496205831567977e-03
-2.904110291702011182e-03
-1.645835881057067240e-02
-9.677890197146155060e-04
1.581366258070282527e-02
1.194101981188921968e-02
-4.840431549933299493e-03
-8.713074025134659450e-03
6.132055761957744267e-03
-9.677890197146155060e-04
-1.774923958676488667e-02
-6.776752794410256797e-03
1.000469844814411147e-02
4.195734439514708924e-03
-9.358514432321385357e-03
-6.131312381111087007e-03
4.841174878800202919e-03
-3.549550712639515382e-03
-1.064939524211183652e-02
-2.258669869233287386e-03
2.549526974387106293e-02
2.291350780000023235e-02
5.486615319613363795e-03
-2.904110291702011182e-03
-9.677890197146155060e-04
3.550294001760434526e-03
-1.452203763482806664e-02
-3.223485926628910647e-04
2.097718635818068833e-02
-4.840431549933299493e-03
-1.968556073960847641e-02
-3.549550712639515382e-03
3.550294001760434526e-03
1.613972697668941692e-03
-1.000395483798044438e-02
-5.485871966286026691e-03
1.387734118940819883e-02
-4.194991132051129057e-03
-1.387659723985912308e-02
7.422936651233058569e-03
1.839542445719288821e-02
4.841174878800202919e-03
1.613972697668941692e-03
1.129557935577807370e-02
1.452278165164244683e-02
-7.422193206178206992e-03
-2.355820300408595358e-02
-5.485871966286026691e-03
7.422936651233058569e-03
-1.613229445238673065e-03
-1.000395483798044438e-02
2.259413130836662731e-03
8.713817546627922184e-03
-2.258669869233287386e-03
-1.194027604579339652e-02
4.841174878800202919e-03
2.259413130836662731e-03
-1.904012035685376247e-02
-2.097644150053845635e-02
-2.904110291702011182e-03
-2.904110291702011182e-03
-1.129483564471556178e-02
-1.129483564471556178e-02
9.685322660288875340e-04
4.195734439514708924e-03
-6.776752794410256797e-03
-9.358514432321385357e-03
5.486615319613363795e-03
1.387734118940819883e-02
2.904853565533827009e-03
-4.194991132051129057e-03
1.000469844814411147e-02
1.387734118940819883e-02
-1.000395483798044438e-02
-1.968556073960847641e-02
-1.129483564471556178e-02
-3.065804701297913937e-02
-7.261166693893450486e-02
-9.713839561256421007e-02
-1.113380796329117572e-01
-1.268286431826126659e-01
-1.461918463944638091e-01
-1.591006477803542651e-01
-1.532916872314284973e-01
-1.597460878338026191e-01
-1.926635285608302439e-01
-1.920180885842235341e-01
-1.662004882853054255e-01
-1.584552077253995606e-01
-1.778184087180729733e-01
-1.797547287427363472e-01
-1.668459283221608302e-01
-1.804001687479441784e-01
-2.036360079329941897e-01
-1.978270483195192497e-01
-1.862091287270519757e-01
-2.004088081627664053e-01
-2.120267271597402470e-01
-2.126721670897424588e-01
-2.016996880753687549e-01
-2.029905679819563602e-01
-2.184811263921737634e-01
-2.146084868707340831e-01
-2.004088081627664053e-01
-1.913726486061140264e-01
-2.029905679819563602e-01
-2.081540875481842079e-01
-1.881454486929889924e-01
-1.913726486061140264e-01
-2.126721670897424588e-01
-1.926635285608302439e-01
-1.616824079850900375e-01
-1.636187281228025370e-01
-1.713640085379335432e-01
-1.603915278857410698e-01
-1.429646459536151326e-01
-1.532916872314284973e-01
-1.636187281228025370e-01
-1.500644868736387139e-01
-1.332830444044059703e-01
-1.403828855737430104e-01
-1.513553670212850477e-01
-1.461918463944638091e-01
-1.468372864781031240e-01
-1.520008070928415833e-01
-1.610369679361696171e-01
-1.539371272984570993e-01
-1.345739246306170145e-01
-1.358648048507813400e-01
-1.397374454749957806e-01
-1.248923227865770258e-01
-1.229560023769256105e-01
-1.384465652729716112e-01
-1.539371272984570993e-01
-1.403828855737430104e-01
-1.190833615167576909e-01
-1.184379213680983867e-01
-1.319921641721464312e-01
-1.345739246306170145e-01
-1.229560023769256105e-01
-1.371556850648989467e-01
-1.552280074279881461e-01
-1.468372864781031240e-01
-1.410283256709767841e-01
-1.487736067199545431e-01
-1.571643276109604415e-01
-1.442555261344864448e-01
-1.384465652729716112e-01
-1.726548885860168525e-01
-1.894363286627527287e-01
-1.662004882853054255e-01
-1.513553670212850477e-01
-1.461918463944638091e-01
-1.610369679361696171e-01
-1.545825673639757980e-01
-1.436100860448057404e-01
-1.520008070928415833e-01
-1.455464063093163674e-01
-1.300558438124159721e-01
-1.197288016639017627e-01
-1.300558438124159721e-01
-1.416737657667006545e-01
-1.294104036894800913e-01
-1.139198402850905012e-01
-1.165016009130379615e-01
-1.468372864781031240e-01
-1.436100860448057404e-01
-1.190833615167576909e-01
-1.307012839338383969e-01
-1.358648048507813400e-01
-1.236014425149889462e-01
-1.281195234390715143e-01
-1.365102449585968714e-01
-1.461918463944638091e-01
-1.371556850648989467e-01
-1.139198402850905012e-01
-1.242468826515406022e-01
-1.436100860448057404e-01
-1.313467240537473657e-01
-1.210196819536530910e-01
-1.319921641721464312e-01
-1.397374454749957806e-01
-1.300558438124159721e-01
-1.165016009130379615e-01
-1.274740833115988181e-01
-1.378011251696911188e-01
-1.268286431826126659e-01
-1.307012839338383969e-01
-1.507099269482168324e-01
-1.532916872314284973e-01
-1.384465652729716112e-01
-1.345739246306170145e-01
-1.507099269482168324e-01
-1.571643276109604415e-01
-1.449009662226572459e-01
-1.371556850648989467e-01
-1.378011251696911188e-01
-1.384465652729716112e-01
-1.313467240537473657e-01
-1.319921641721464312e-01
-1.500644868736387139e-01
-1.455464063093163674e-01
-1.261832030521148340e-01
-1.268286431826126659e-01
-1.591006477803542651e-01
-1.791092887360203889e-01
-1.668459283221608302e-01
-1.603915278857410698e-01
-1.707185685116332508e-01
-1.636187281228025370e-01
-1.365102449585968714e-01
-1.339284845182682204e-01
-1.532916872314284973e-01
-1.520008070928415833e-01
-1.261832030521148340e-01
-1.352193647414559052e-01
-1.558734474904888145e-01
-1.461918463944638091e-01
-1.339284845182682204e-01
-1.390920053747386476e-01
-1.416737657667006545e-01
-1.371556850648989467e-01
-1.281195234390715143e-01
-1.223105622373470425e-01
-1.371556850648989467e-01
-1.390920053747386476e-01
-1.248923227865770258e-01
-1.287649635650325308e-01
-1.455464063093163674e-01
-1.494190467975506920e-01
-1.410283256709767841e-01
-1.397374454749957806e-01
-1.468372864781031240e-01
-1.371556850648989467e-01
-1.229560023769256105e-01
-1.378011251696911188e-01
-1.558734474904888145e-01
-1.513553670212850477e-01
-1.403828855737430104e-01
-1.481281666408467146e-01
-1.655550482469418938e-01
-1.571643276109604415e-01
-1.403828855737430104e-01
-1.365102449585968714e-01
-1.507099269482168324e-01
-1.571643276109604415e-01
-1.416737657667006545e-01
-1.461918463944638091e-01
-1.629732880784064974e-01
-1.765275286940983790e-01
-1.881454486929889924e-01
-2.229992057655412196e-01
-2.552711991526628310e-01
-2.694708750569958511e-01
-2.817342309375217013e-01
-2.914158273044620273e-01
-3.010974233356638052e-01
-2.856068695246047895e-01
-2.501076804624347005e-01
-2.352625636940750553e-01
-2.191265663071586545e-01
-2.068632076656431451e-01
-1.978270483195192497e-01
-1.945998484816211516e-01
-2.010542481198189790e-01
-1.875000087058484866e-01
-1.765275286940983790e-01
-1.771729687068397396e-01
-1.842728087475666854e-01
-1.720094485627292613e-01
-1.552280074279881461e-01
-1.674913683575081080e-01
-1.842728087475666854e-01
-1.674913683575081080e-01
-1.532916872314284973e-01
-1.662004882853054255e-01
-1.616824079850900375e-01
-1.591006477803542651e-01
-1.636187281228025370e-01
-1.765275286940983790e-01
-1.849182487422353915e-01
-1.752366486641001586e-01
-1.681368083913472589e-01
-1.739457686280729831e-01
-1.823364887545313451e-01
-1.662004882853054255e-01
-1.558734474904888145e-01
-1.784638487277998564e-01
-1.700731284838212787e-01
-1.571643276109604415e-01
-1.707185685116332508e-01
-1.810456087516456591e-01
-1.849182487422353915e-01
-1.623278480325023310e-01
-1.468372864781031240e-01
-1.681368083913472589e-01
-1.700731284838212787e-01
-1.532916872314284973e-01
-1.739457686280729831e-01
-1.933089685359323795e-01
-1.894363286627527287e-01
-1.733003286077980931e-01
-1.733003286077980931e-01
-1.816910487538407892e-01
-1.623278480325023310e-01
-1.474827265602307591e-01
-1.694276884545047324e-01
-1.926635285608302439e-01
-1.881454486929889924e-01
-1.765275286940983790e-01
-1.771729687068397396e-01
-1.810456087516456591e-01
-1.752366486641001586e-01
-1.655550482469418938e-01
-1.752366486641001586e-01
-1.771729687068397396e-01
-1.726548885860168525e-01
-1.771729687068397396e-01
-1.810456087516456591e-01
-1.836273687513951813e-01
-1.700731284838212787e-01
-1.545825673639757980e-01
-1.481281666408467146e-01
-1.720094485627292613e-01
-1.900817686453777355e-01
-1.649096082070702352e-01
-1.636187281228025370e-01
-1.694276884545047324e-01
-1.513553670212850477e-01
-1.429646459536151326e-01
-1.578097676689349527e-01
-1.939544085095281645e-01
-2.029905679819563602e-01
-1.797547287427363472e-01
-1.804001687479441784e-01
-1.965361683888726674e-01
-1.887908886786231477e-01
-1.687822484236800591e-01
-1.797547287427363472e-01
-1.984724882825865677e-01
-1.965361683888726674e-01
-1.804001687479441784e-01
-1.984724882825865677e-01
-1.952452884522095644e-01
-1.694276884545047324e-01
-1.894363286627527287e-01
-2.307444845202439865e-01
-2.649527964386884094e-01
-2.565620788102496164e-01
-2.320353642916952452e-01
-2.255809653744478283e-01
-2.210628860431036458e-01
-2.042814478825309976e-01
-2.010542481198189790e-01
-2.158993667172204312e-01
-2.081540875481842079e-01
-1.823364887545313451e-01
-1.771729687068397396e-01
-1.875000087058484866e-01
-1.836273687513951813e-01
-1.733003286077980931e-01
-1.720094485627292613e-01
-1.816910487538407892e-01
-1.887908886786231477e-01
-1.778184087180729733e-01
-1.739457686280729831e-01
-1.842728087475666854e-01
-1.836273687513951813e-01
-1.752366486641001586e-01
-1.752366486641001586e-01
-1.894363286627527287e-01
-1.894363286627527287e-01
-1.649096082070702352e-01
-1.610369679361696171e-01
-1.797547287427363472e-01
-1.829819287537155503e-01
-1.681368083913472589e-01
-1.668459283221608302e-01
-1.745912086468397462e-01
-1.720094485627292613e-01
-1.629732880784064974e-01
-1.629732880784064974e-01
-1.784638487277998564e-01
-1.849182487422353915e-01
-1.629732880784064974e-01
-1.720094485627292613e-01
-1.971816083549473575e-01
-1.907272086264999444e-01
-1.655550482469418938e-01
-1.694276884545047324e-01
-1.797547287427363472e-01
-1.752366486641001586e-01
-1.700731284838212787e-01
-1.784638487277998564e-01
-1.816910487538407892e-01
-1.662004882853054255e-01
-1.345739246306170145e-01
-1.248923227865770258e-01
-1.365102449585968714e-01
-1.319921641721464312e-01
-1.216651220962567947e-01
-1.203742418095341549e-01
-1.242468826515406022e-01
-1.307012839338383969e-01
-1.190833615167576909e-01
-8.745679245061843687e-02
-9.455663480275511290e-02
-9.520207500748156804e-02
-7.842062919136516541e-02
-8.874767289193563613e-02
-1.055291180768875847e-01
-9.068399354253209310e-02
-6.163918234845411348e-02
-6.873902536893439219e-02
-8.745679245061843687e-02
-8.229327062462843401e-02
-7.067534616077431053e-02
-7.648430845422815594e-02
-8.616591200322964994e-02
-8.229327062462843401e-02
-8.100239015294974365e-02
-8.293871085819048972e-02
-7.712974870145927753e-02
-6.293006291131852947e-02
-5.970286149275061405e-02
-7.648430845422815594e-02
-8.616591200322964994e-02
-7.002990589834823254e-02
-5.970286149275061405e-02
-6.938446563440159309e-02
-7.067534616077431053e-02
-6.486638374421005437e-02
-6.615726429186530311e-02
-6.873902536893439219e-02
-6.680270456341297347e-02
-5.453933914392905535e-02
-5.453933914392905535e-02
-6.938446563440159309e-02
-7.002990589834823254e-02
-5.970286149275061405e-02
-4.679405543805437162e-02
-5.453933914392905535e-02
-6.422094346809892329e-02
-5.066669731839468227e-02
-4.421229415403793439e-02
-5.518477944285749004e-02
-5.712110033051231994e-02
-4.356685382922442784e-02
-4.485773447732555042e-02
-5.453933914392905535e-02
-5.583021974026358691e-02
-3.904877151288310699e-02
-3.582156981263828754e-02
-4.937581669770629844e-02
-5.453933914392905535e-02
-4.033965218231294614e-02
-3.646701015573583504e-02
-5.066669731839468227e-02
-5.195757793299549121e-02
-3.840333117588201617e-02
-4.227597317503040131e-02
-5.776654062335495610e-02
-5.324845854150694890e-02
-3.904877151288310699e-02
-4.614861511933376903e-02
-5.905742120447321497e-02
-4.679405543805437162e-02
-3.130348736827315292e-02
-4.227597317503040131e-02
-5.260301823801327714e-02
-5.324845854150694890e-02
-4.098509251474169446e-02
-3.453068912187085004e-02
-3.840333117588201617e-02
-4.163053284564810497e-02
-3.259436807428706118e-02
-4.227597317503040131e-02
-5.776654062335495610e-02
-5.195757793299549121e-02
-3.388524877420096004e-02
-3.711245049730749201e-02
-5.970286149275061405e-02
-4.679405543805437162e-02
-3.194892772204127596e-02
-3.711245049730749201e-02
-4.163053284564810497e-02
-4.292141350289035984e-02
-3.840333117588201617e-02
-4.485773447732555042e-02
-4.098509251474169446e-02
-2.872172593794886097e-02
-2.613996448322275512e-02
-4.292141350289035984e-02
-5.389389884347828286e-02
-4.485773447732555042e-02
-3.065804701297913937e-02
-3.517612946801662588e-02
-4.485773447732555042e-02
-2.936716629781699339e-02
-2.872172593794886097e-02
-3.775789083735681118e-02
-3.904877151288310699e-02
-2.484908374670524722e-02
-2.807628557655483803e-02
-3.969421184836008365e-02
-4.292141350289035984e-02
-3.453068912187085004e-02
-3.582156981263828754e-02
-5.324845854150694890e-02
-4.421229415403793439e-02
-2.678540484919089693e-02
-2.613996448322275512e-02
-3.453068912187085004e-02
-4.421229415403793439e-02
-3.001260665616101164e-02
-2.291276263048835915e-02
-3.904877151288310699e-02
-3.517612946801662588e-02
-1.129483564471556178e-02
-1.452203763482806664e-02
-4.550317479909260499e-02
-5.260301823801327714e-02
-3.323980842500517952e-02
-2.678540484919089693e-02
-3.517612946801662588e-02
-3.582156981263828754e-02
-1.968556073960847641e-02
-1.904012035685376247e-02
-4.163053284564810497e-02
-3.904877151288310699e-02
-1.000395483798044438e-02
-2.613996448322275512e-02
-4.614861511933376903e-02
-2.743084521363492456e-02
-1.516747802826934333e-02
-2.807628557655483803e-02
-4.033965218231294614e-02
-2.097644150053845635e-02
-1.000395483798044438e-02
-2.420364337615943384e-02
-4.485773447732555042e-02
-3.517612946801662588e-02
-2.097644150053845635e-02
-3.646701015573583504e-02
-3.840333117588201617e-02
-2.097644150053845635e-02
-2.291276263048835915e-02
-3.388524877420096004e-02
-4.356685382922442784e-02
-3.259436807428706118e-02
-2.420364337615943384e-02
-3.001260665616101164e-02
-3.582156981263828754e-02
-3.582156981263828754e-02
-3.259436807428706118e-02
-3.646701015573583504e-02
-2.549452411572694643e-02
-1.000395483798044438e-02
-1.323115684336428899e-02
-3.711245049730749201e-02
-3.711245049730749201e-02
-2.484908374670524722e-02
-1.968556073960847641e-02
-1.839467997257138165e-02
-2.162188187871372236e-02
-3.130348736827315292e-02
-2.936716629781699339e-02
-4.098509251474169446e-02
-3.969421184836008365e-02
-1.387659723985912308e-02
-8.713074025134659450e-03
-2.807628557655483803e-02
-3.775789083735681118e-02
-2.743084521363492456e-02
-1.645835881057067240e-02
-2.678540484919089693e-02
-2.678540484919089693e-02
-8.713074025134659450e-03
-1.516747802826934333e-02
-3.582156981263828754e-02
-3.001260665616101164e-02
-1.581291842018295313e-02
-2.743084521363492456e-02
-3.775789083735681118e-02
-2.872172593794886097e-02
-1.774923958676488667e-02
-2.033100112083552347e-02
-3.582156981263828754e-02
-2.484908374670524722e-02
-1.452203763482806664e-02
-2.678540484919089693e-02
-2.484908374670524722e-02
-1.581291842018295313e-02
-1.581291842018295313e-02
-2.807628557655483803e-02
-3.775789083735681118e-02
-2.872172593794886097e-02
-8.713074025134659450e-03
-2.420364337615943384e-02
-4.163053284564810497e-02
-2.743084521363492456e-02
-1.064939524211183652e-02
-1.064939524211183652e-02
-1.516747802826934333e-02
-1.064939524211183652e-02
-1.000395483798044438e-02
-3.001260665616101164e-02
-3.453068912187085004e-02
-1.000395483798044438e-02
-1.064939524211183652e-02
-3.001260665616101164e-02
-2.936716629781699339e-02
-1.581291842018295313e-02
-1.645835881057067240e-02
-2.807628557655483803e-02
-1.645835881057067240e-02
-1.452203763482806664e-02
-1.194027604579339652e-02
-2.355820300408595358e-02
-2.936716629781699339e-02
-2.033100112083552347e-02
-1.839467997257138165e-02
-3.130348736827315292e-02
-2.097644150053845635e-02
-4.840431549933299493e-03
-2.097644150053845635e-02
-4.098509251474169446e-02
-2.872172593794886097e-02
-6.131312381111087007e-03
-6.776752794410256797e-03
-2.743084521363492456e-02
-2.872172593794886097e-02
-1.774923958676488667e-02
-2.097644150053845635e-02
-2.743084521363492456e-02
-2.097644150053845635e-02
-2.097644150053845635e-02
-3.453068912187085004e-02
-4.227597317503040131e-02
-2.097644150053845635e-02
-9.677890197146155060e-04
-1.129483564471556178e-02
-2.872172593794886097e-02
-2.291276263048835915e-02
-6.776752794410256797e-03
-1.710379919943072480e-02
-2.807628557655483803e-02
-2.033100112083552347e-02
-1.710379919943072480e-02
-2.936716629781699339e-02
-2.226732225536487420e-02
-4.194991132051129057e-03
-5.485871966286026691e-03
-4.163053284564810497e-02
-2.033100112083552347e-02
-5.485871966286026691e-03
-8.713074025134659450e-03
-2.355820300408595358e-02
-2.743084521363492456e-02
-1.129483564471556178e-02
-1.516747802826934333e-02
-1.774923958676488667e-02
-4.194991132051129057e-03
-4.840431549933299493e-03
-1.516747802826934333e-02
-2.807628557655483803e-02
-2.097644150053845635e-02
2.259413130836662731e-03
-6.776752794410256797e-03
-2.872172593794886097e-02
-2.162188187871372236e-02
-3.549550712639515382e-03
-1.645835881057067240e-02
-2.872172593794886097e-02
-2.226732225536487420e-02
-1.516747802826934333e-02
-1.904012035685376247e-02
-1.968556073960847641e-02
-4.840431549933299493e-03
-9.677890197146155060e-04
-1.323115684336428899e-02
-2.097644150053845635e-02
-8.713074025134659450e-03
-8.713074025134659450e-03
-2.743084521363492456e-02
-3.323980842500517952e-02
-1.516747802826934333e-02
-4.840431549933299493e-03
-1.710379919943072480e-02
-2.549452411572694643e-02
-1.516747802826934333e-02
-1.581291842018295313e-02
-2.613996448322275512e-02
-1.839467997257138165e-02
-9.677890197146155060e-04
-7.422193206178206992e-03
-2.936716629781699339e-02
-1.581291842018295313e-02
-4.194991132051129057e-03
-8.713074025134659450e-03
-1.774923958676488667e-02
-1.581291842018295313e-02
-8.713074025134659450e-03
-1.516747802826934333e-02
-2.291276263048835915e-02
-2.033100112083552347e-02
-1.839467997257138165e-02
-2.355820300408595358e-02
-2.549452411572694643e-02
-1.774923958676488667e-02
-9.358514432321385357e-03
-1.710379919943072480e-02
-2.613996448322275512e-02
-6.776752794410256797e-03
4.195734439514708924e-03
-6.776752794410256797e-03
-2.549452411572694643e-02
-1.968556073960847641e-02
-3.549550712639515382e-03
-1.774923958676488667e-02
-2.484908374670524722e-02
-1.968556073960847641e-02
-1.645835881057067240e-02
-1.774923958676488667e-02
-1.452203763482806664e-02
-9.677890197146155060e-04
-1.000395483798044438e-02
-2.743084521363492456e-02
-2.162188187871372236e-02
2.904853565533827009e-03
6.132055761957744267e-03
-1.194027604579339652e-02
-2.678540484919089693e-02
-1.774923958676488667e-02
-2.904110291702011182e-03
-1.710379919943072480e-02
-1.258571644534356437e-02
-9.677890197146155060e-04
-9.358514432321385357e-03
-1.968556073960847641e-02
