9.368378582871983440e-03
2.913974105894112654e-03
-4.831311064608101447e-03
2.913974105894112654e-03
5.495735878326968304e-03
-2.249549365568981329e-03
-5.476751485545605647e-03
7.432057223713428584e-03
3.559414546707273530e-03
-1.257659601501792679e-02
-2.894989792620705771e-03
4.850295432925477712e-03
4.850295432925477712e-03
2.913974105894112654e-03
-1.604108936987813649e-03
9.776527926277367442e-04
-6.122191904957219322e-03
-1.322203641762165205e-02
-4.831311064608101447e-03
-3.132280752371485733e-04
-9.994834389326356927e-03
-6.767632322839389758e-03
7.432057223713428584e-03
1.453190227462286543e-02
1.623093228854344261e-03
9.776527926277367442e-04
4.204854989051654002e-03
4.204854989051654002e-03
2.913974105894112654e-03
-2.249549365568981329e-03
-4.831311064608101447e-03
-4.831311064608101447e-03
-8.703953567316347062e-03
-1.604108936987813649e-03
2.268533666608618660e-03
-5.476751485545605647e-03
-1.128571520522747562e-02
2.268533666608618660e-03
1.324102134250182417e-02
-3.540430218144763330e-03
-8.703953567316347062e-03
5.495735878326968304e-03
-3.132280752371485733e-04
-6.122191904957219322e-03
-3.132280752371485733e-04
8.722938128288504345e-03
7.432057223713428584e-03
3.559414546707273530e-03
6.786616773721831919e-03
3.559414546707273530e-03
-9.586685068772027307e-04
-4.185870642139377651e-03
5.495735878326968304e-03
1.001381903898312942e-02
-6.767632322839389758e-03
-4.185870642139377651e-03
1.065925949662549499e-02
6.141176325259678492e-03
-8.058513154017177271e-03
-9.586685068772027307e-04
1.130469995580085651e-02
9.776527926277367442e-04
-9.349393979084297257e-03
5.495735878326968304e-03
1.582278321286878509e-02
-3.540430218144763330e-03
4.850295432925477712e-03
1.130469995580085651e-02
-6.122191904957219322e-03
-9.349393979084297257e-03
-1.604108936987813649e-03
4.850295432925477712e-03
6.141176325259678492e-03
2.268533666608618660e-03
-9.586685068772027307e-04
3.559414546707273530e-03
7.432057223713428584e-03
4.850295432925477712e-03
5.495735878326968304e-03
4.850295432925477712e-03
-5.476751485545605647e-03
-9.349393979084297257e-03
-3.132280752371485733e-04
5.495735878326968304e-03
1.623093228854344261e-03
-3.540430218144763330e-03
-8.703953567316347062e-03
-6.767632322839389758e-03
-3.540430218144763330e-03
-1.604108936987813649e-03
1.001381903898312942e-02
9.776527926277367442e-04
4.204854989051654002e-03
1.195014041650210856e-02
8.722938128288504345e-03
-5.476751485545605647e-03
-1.128571520522747562e-02
-2.249549365568981329e-03
6.141176325259678492e-03
6.141176325259678492e-03
6.786616773721831919e-03
3.322123579305724661e-04
-1.604108936987813649e-03
-9.586685068772027307e-04
9.776527926277367442e-04
4.850295432925477712e-03
4.850295432925477712e-03
6.141176325259678492e-03
1.065925949662549499e-02
1.259558087873635657e-02
-6.122191904957219322e-03
-2.249549365568981329e-03
1.711366415723603041e-02
1.130469995580085651e-02
-3.540430218144763330e-03
4.204854989051654002e-03
6.141176325259678492e-03
-2.249549365568981329e-03
-4.185870642139377651e-03
1.001381903898312942e-02
1.517734274298021546e-02
-5.476751485545605647e-03
-1.257659601501792679e-02
4.850295432925477712e-03
6.786616773721831919e-03
-9.349393979084297257e-03
-1.128571520522747562e-02
8.077497675238021202e-03
6.786616773721831919e-03
-1.193115561088653465e-02
-8.703953567316347062e-03
4.850295432925477712e-03
-1.604108936987813649e-03
-4.831311064608101447e-03
6.786616773721831919e-03
1.388646180779673500e-02
-3.132280752371485733e-04
-1.257659601501792679e-02
3.559414546707273530e-03
8.077497675238021202e-03
-5.476751485545605647e-03
-7.413072739192116956e-03
6.786616773721831919e-03
8.077497675238021202e-03
-9.349393979084297257e-03
-6.122191904957219322e-03
2.913974105894112654e-03
-8.058513154017177271e-03
-5.476751485545605647e-03
6.141176325259678492e-03
1.623093228854344261e-03
3.322123579305724661e-04
-4.831311064608101447e-03
-9.586685068772027307e-04
9.776527926277367442e-04
-1.322203641762165205e-02
-1.064027479804074972e-02
9.368378582871983440e-03
4.850295432925477712e-03
-8.703953567316347062e-03
-2.894989792620705771e-03
5.495735878326968304e-03
2.268533666608618660e-03
-6.767632322839389758e-03
-2.249549365568981329e-03
5.495735878326968304e-03
-4.185870642139377651e-03
-5.476751485545605647e-03
9.368378582871983440e-03
9.368378582871983440e-03
-3.132280752371485733e-04
3.559414546707273530e-03
3.559414546707273530e-03
5.495735878326968304e-03
1.623093228854344261e-03
9.776527926277367442e-04
6.786616773721831919e-03
-3.132280752371485733e-04
-6.122191904957219322e-03
9.776527926277367442e-04
7.432057223713428584e-03
1.623093228854344261e-03
-3.132280752371485733e-04
4.850295432925477712e-03
-3.132280752371485733e-04
-6.122191904957219322e-03
-2.249549365568981329e-03
8.077497675238021202e-03
5.495735878326968304e-03
-8.058513154017177271e-03
2.913974105894112654e-03
1.130469995580085651e-02
4.204854989051654002e-03
-3.540430218144763330e-03
3.322123579305724661e-04
7.432057223713428584e-03
-8.703953567316347062e-03
-6.122191904957219322e-03
7.432057223713428584e-03
8.722938128288504345e-03
-7.413072739192116956e-03
-9.994834389326356927e-03
6.141176325259678492e-03
9.368378582871983440e-03
-4.831311064608101447e-03
-1.604108936987813649e-03
1.195014041650210856e-02
4.204854989051654002e-03
-6.767632322839389758e-03
-3.540430218144763330e-03
-4.831311064608101447e-03
-3.132280752371485733e-04
4.850295432925477712e-03
-9.586685068772027307e-04
-2.249549365568981329e-03
-7.413072739192116956e-03
4.850295432925477712e-03
2.268533666608618660e-03
-1.604108936987813649e-03
3.322123579305724661e-04
-2.249549365568981329e-03
-3.540430218144763330e-03
-8.703953567316347062e-03
-2.894989792620705771e-03
1.130469995580085651e-02
4.204854989051654002e-03
4.850295432925477712e-03
-3.132280752371485733e-04
2.913974105894112654e-03
4.204854989051654002e-03
-4.831311064608101447e-03
-3.132280752371485733e-04
1.195014041650210856e-02
-4.831311064608101447e-03
-1.709467880117543359e-02
-6.122191904957219322e-03
1.130469995580085651e-02
2.913974105894112654e-03
-9.586685068772027307e-04
6.141176325259678492e-03
6.141176325259678492e-03
3.322123579305724661e-04
5.495735878326968304e-03
6.786616773721831919e-03
-6.122191904957219322e-03
-1.451291721824965464e-02
-1.604108936987813649e-03
7.432057223713428584e-03
-4.185870642139377651e-03
-5.476751485545605647e-03
7.432057223713428584e-03
6.141176325259678492e-03
-8.703953567316347062e-03
-5.476751485545605647e-03
8.077497675238021202e-03
4.850295432925477712e-03
-1.604108936987813649e-03
5.495735878326968304e-03
1.130469995580085651e-02
1.623093228854344261e-03
-1.604108936987813649e-03
3.559414546707273530e-03
3.559414546707273530e-03
-3.540430218144763330e-03
-3.540430218144763330e-03
2.913974105894112654e-03
-3.540430218144763330e-03
-1.064027479804074972e-02
-4.185870642139377651e-03
8.722938128288504345e-03
1.324102134250182417e-02
6.786616773721831919e-03
6.786616773721831919e-03
4.204854989051654002e-03
-1.604108936987813649e-03
-4.185870642139377651e-03
-3.132280752371485733e-04
4.850295432925477712e-03
2.268533666608618660e-03
2.268533666608618660e-03
1.582278321286878509e-02
1.195014041650210856e-02
-3.540430218144763330e-03
3.322123579305724661e-04
1.001381903898312942e-02
3.322123579305724661e-04
-6.122191904957219322e-03
-3.132280752371485733e-04
9.776527926277367442e-04
-4.831311064608101447e-03
-1.386747681869948678e-02
-2.249549365568981329e-03
4.204854989051654002e-03
-3.132280752371485733e-04
9.368378582871983440e-03
1.840454510772993046e-02
5.495735878326968304e-03
-2.548540377699204384e-02
-3.839421092864192531e-02
-3.581244954710705031e-02
-4.678493525023164068e-02
-6.163006226565670431e-02
-6.356638312136020375e-02
-7.066622614184048246e-02
-8.809311277613574021e-02
-8.938399322352452714e-02
-7.712062872811387138e-02
-6.937534560634617264e-02
-7.712062872811387138e-02
-8.551135186314162695e-02
-8.163871044810022681e-02
-9.132031388322481291e-02
-1.003564767812736847e-01
-9.390207474157996614e-02
-8.099327020694424561e-02
-8.744767255016583363e-02
-1.016473571710125867e-01
-9.777471598359888105e-02
-9.648383557566120317e-02
-1.003564767812736847e-01
-1.010019169769016401e-01
-9.906559638547030033e-02
-1.010019169769016401e-01
-1.106835197294024908e-01
-1.042291179322969441e-01
-8.099327020694424561e-02
-8.292959092585583392e-02
-8.873855300058863804e-02
-8.938399322352452714e-02
-1.016473571710125867e-01
-1.235923228691628850e-01
-1.345648050619381308e-01
-1.203651221410044769e-01
-1.203651221410044769e-01
-1.300467242119776046e-01
-1.171379213749972337e-01
-1.248832031498317008e-01
-1.287558439555187562e-01
-1.448918467265212229e-01
-1.390828858378050370e-01
-1.177833615312291471e-01
-1.261740834244466924e-01
-1.313376044623861816e-01
-1.268195235594831161e-01
-1.177833615312291471e-01
-1.248832031498317008e-01
-1.287558439555187562e-01
-1.197196819908299403e-01
-1.235923228691628850e-01
-1.365011254035231048e-01
-1.326284847067444872e-01
-1.106835197294024908e-01
-1.197196819908299403e-01
-1.287558439555187562e-01
-1.203651221410044769e-01
-1.184288016859440518e-01
-1.229468827265591813e-01
-1.268195235594831161e-01
-1.158470410579965915e-01
-1.061654384873431667e-01
-1.177833615312291471e-01
-1.203651221410044769e-01
-1.210105622896637811e-01
-1.287558439555187562e-01
-1.345648050619381308e-01
-1.339193649450525214e-01
-1.210105622896637811e-01
-1.235923228691628850e-01
-1.332739248266534560e-01
-1.235923228691628850e-01
-1.248832031498317008e-01
-1.294012840845049084e-01
-1.294012840845049084e-01
-1.197196819908299403e-01
-1.132652804058178475e-01
-1.197196819908299403e-01
-1.171379213749972337e-01
-1.093926393821060827e-01
-1.126198402389881892e-01
-1.313376044623861816e-01
-1.410192061476447378e-01
-1.332739248266534560e-01
-1.287558439555187562e-01
-1.403737660458777015e-01
-1.403737660458777015e-01
-1.371465655143619955e-01
-1.513462475704567822e-01
-1.578006482633949048e-01
-1.448918467265212229e-01
-1.358556852911743107e-01
-1.442464066338207118e-01
-1.565097681368818883e-01
-1.545734479357960822e-01
-1.603824084983056508e-01
-1.720003292567273689e-01
-1.668368089799763254e-01
-1.526371277211229227e-01
-1.571552082008942364e-01
-1.661913689385983162e-01
-1.494099273331368494e-01
-1.468281669955633362e-01
-1.468281669955633362e-01
-1.507008074928606334e-01
-1.377920056236874302e-01
-1.339193649450525214e-01
-1.448918467265212229e-01
-1.487644872510092142e-01
-1.294012840845049084e-01
-1.229468827265591813e-01
-1.352102451773120606e-01
-1.429555264438828743e-01
-1.326284847067444872e-01
-1.274649636930096364e-01
-1.319830445853220624e-01
-1.294012840845049084e-01
-1.300467242119776046e-01
-1.397283259425972091e-01
-1.461827269073925351e-01
-1.416646462479018709e-01
-1.410192061476447378e-01
-1.519916876465448041e-01
-1.500553674137528049e-01
-1.352102451773120606e-01
-1.384374457315029616e-01
-1.429555264438828743e-01
-1.306921643379386211e-01
-1.229468827265591813e-01
-1.358556852911743107e-01
-1.487644872510092142e-01
-1.416646462479018709e-01
-1.371465655143619955e-01
-1.390828858378050370e-01
-1.390828858378050370e-01
-1.397283259425972091e-01
-1.455372868177118306e-01
-1.494099273331368494e-01
-1.481190471673698994e-01
-1.455372868177118306e-01
-1.668368089799763254e-01
-2.036268888482748451e-01
-2.255718464429268266e-01
-2.384806442174394192e-01
-2.578438397551092720e-01
-2.746252747981294817e-01
-2.933430280773681176e-01
-3.004428651997290700e-01
-3.004428651997290700e-01
-2.933430280773681176e-01
-2.694617564310259894e-01
-2.559075202619940370e-01
-2.507440015478117346e-01
-2.326716852931500767e-01
-2.152448077911479629e-01
-2.087904084385492354e-01
-2.029814488927250693e-01
-1.958816092824342547e-01
-1.887817694901077203e-01
-1.829728095245517494e-01
-1.939452893571296244e-01
-1.849091295266216406e-01
-1.720003292567273689e-01
-1.687731290950669205e-01
-1.707094491965861494e-01
-1.590915283838665317e-01
-1.448918467265212229e-01
-1.616732886067087094e-01
-1.655459288957086272e-01
-1.487644872510092142e-01
-1.532825677941911380e-01
-1.649004888513125877e-01
-1.545734479357960822e-01
-1.545734479357960822e-01
-1.681276890582115158e-01
-1.778092894527603107e-01
-1.642550488054084212e-01
-1.487644872510092142e-01
-1.578006482633949048e-01
-1.674822490198479841e-01
-1.603824084983056508e-01
-1.494099273331368494e-01
-1.616732886067087094e-01
-1.545734479357960822e-01
-1.442464066338207118e-01
-1.481190471673698994e-01
-1.565097681368818883e-01
-1.597369684418410429e-01
-1.558643280713631896e-01
-1.649004888513125877e-01
-1.700640091642533491e-01
-1.545734479357960822e-01
-1.468281669955633362e-01
-1.655459288957086272e-01
-1.784547294670044693e-01
-1.700640091642533491e-01
-1.558643280713631896e-01
-1.603824084983056508e-01
-1.726457692845393410e-01
-1.661913689385983162e-01
-1.649004888513125877e-01
-1.752275293807041834e-01
-1.707094491965861494e-01
-1.597369684418410429e-01
-1.578006482633949048e-01
-1.571552082008942364e-01
-1.623187286586471600e-01
-1.707094491965861494e-01
-1.739366493356353516e-01
-1.752275293807041834e-01
-1.739366493356353516e-01
-1.758729694009790734e-01
-1.745820893589229428e-01
-1.752275293807041834e-01
-1.791001694797458299e-01
-1.836182495267468795e-01
-1.829728095245517494e-01
-1.778092894527603107e-01
-1.668368089799763254e-01
-1.758729694009790734e-01
-1.900726494658950827e-01
-1.739366493356353516e-01
-1.603824084983056508e-01
-1.700640091642533491e-01
-1.642550488054084212e-01
-1.487644872510092142e-01
-1.636096087579961278e-01
-1.803910495007059467e-01
-1.661913689385983162e-01
-1.526371277211229227e-01
-1.507008074928606334e-01
-1.649004888513125877e-01
-1.519916876465448041e-01
-1.507008074928606334e-01
-1.765184094197458364e-01
-1.823273695208502687e-01
-1.623187286586471600e-01
-1.597369684418410429e-01
-1.778092894527603107e-01
-1.771638494370062489e-01
-1.642550488054084212e-01
-1.700640091642533491e-01
-1.868454495151414818e-01
-1.907180894515292380e-01
-1.713548892274108226e-01
-1.584460883243856699e-01
-1.707094491965861494e-01
-1.668368089799763254e-01
-1.461827269073925351e-01
-1.603824084983056508e-01
-1.803910495007059467e-01
-1.636096087579961278e-01
-1.429555264438828743e-01
-1.610278485532603554e-01
-1.926544093994060347e-01
-2.184720074111172750e-01
-2.397715239618989358e-01
-2.604255990583137503e-01
-2.507440015478117346e-01
-2.249264065384473099e-01
-2.216992069935486143e-01
-2.281536060458293491e-01
-2.158902477181445789e-01
-1.952361693088384698e-01
-1.913635294356588190e-01
-1.907180894515292380e-01
-1.791001694797458299e-01
-1.758729694009790734e-01
-1.823273695208502687e-01
-1.739366493356353516e-01
-1.720003292567273689e-01
-1.823273695208502687e-01
-1.913635294356588190e-01
-1.752275293807041834e-01
-1.610278485532603554e-01
-1.842636895274374353e-01
-1.920089694182838258e-01
-1.778092894527603107e-01
-1.694185691304141983e-01
-1.823273695208502687e-01
-1.920089694182838258e-01
-1.803910495007059467e-01
-1.810364895089264792e-01
-1.997542490924253400e-01
-1.978179291941994933e-01
-1.868454495151414818e-01
-1.829728095245517494e-01
-1.894272094787545768e-01
-1.945907293337363342e-01
-1.816819295156424374e-01
-1.694185691304141983e-01
-1.991088091278534478e-01
-2.055632087059002799e-01
-1.842636895274374353e-01
-2.016905689771171239e-01
-2.120176081336282436e-01
-1.945907293337363342e-01
-1.920089694182838258e-01
-2.023360089356724956e-01
-2.023360089356724956e-01
-1.874908895083020610e-01
-1.816819295156424374e-01
-1.920089694182838258e-01
-1.932998493790201167e-01
-1.894272094787545768e-01
-1.900726494658950827e-01
-1.945907293337363342e-01
-1.881363294999580660e-01
-1.887817694901077203e-01
-1.958816092824342547e-01
-1.829728095245517494e-01
-1.661913689385983162e-01
-1.545734479357960822e-01
-1.597369684418410429e-01
-1.455372868177118306e-01
-1.248832031498317008e-01
-1.223014425824402451e-01
-1.171379213749972337e-01
-1.126198402389881892e-01
-1.042291179322969441e-01
-9.906559638547030033e-02
-1.042291179322969441e-01
-9.842015618529309506e-02
-8.809311277613574021e-02
-9.583839536941596293e-02
-9.842015618529309506e-02
-8.486591163109657998e-02
-8.163871044810022681e-02
-9.002943344494340749e-02
-8.744767255016583363e-02
-7.195710667125432280e-02
-7.002078587485449646e-02
-7.970238972007770428e-02
-6.743902479170316155e-02
-5.323933839936323409e-02
-5.969374139626104636e-02
-9.132031388322481291e-02
-8.099327020694424561e-02
-5.001213684383110092e-02
-5.194845778171774953e-02
-7.324798719458769369e-02
-7.389342745397442513e-02
-5.904830110341841021e-02
-5.388477870590158147e-02
-5.775742051316967718e-02
-5.194845778171774953e-02
-4.613949492694402466e-02
-5.840286080905521260e-02
-7.324798719458769369e-02
-6.614814424100501355e-02
-5.001213684383110092e-02
-5.904830110341841021e-02
-5.517565931441303917e-02
-5.065757715798291372e-02
-3.903965127021358228e-02
-4.743037557199869525e-02
-5.775742051316967718e-02
-4.291229328764778472e-02
-4.613949492694402466e-02
-5.388477870590158147e-02
-5.194845778171774953e-02
-4.678493525023164068e-02
-4.484861427579645010e-02
-4.743037557199869525e-02
-4.549405460213051811e-02
-4.162141262126617391e-02
-4.613949492694402466e-02
-4.872125621096046189e-02
-4.549405460213051811e-02
-4.484861427579645010e-02
-4.936669652815872666e-02
-4.291229328764778472e-02
-3.064892671085495124e-02
-4.162141262126617391e-02
-5.323933839936323409e-02
-4.033053194878810643e-02
-3.516700919791126978e-02
-4.678493525023164068e-02
-4.807581589223985929e-02
-3.452156884719315144e-02
-3.193980742906710191e-02
-3.839421092864192531e-02
-4.291229328764778472e-02
-3.903965127021358228e-02
-4.291229328764778472e-02
-4.291229328764778472e-02
-3.581244954710705031e-02
-3.774877058554437781e-02
-4.355773361855419523e-02
-4.613949492694402466e-02
-2.032188074547747192e-02
-1.709467880117543359e-02
-3.774877058554437781e-02
-3.774877058554437781e-02
-2.419452302827096446e-02
-2.871260562209698719e-02
-4.936669652815872666e-02
-5.646653991683514562e-02
-3.064892671085495124e-02
-2.677628451961133749e-02
-4.033053194878810643e-02
-3.323068814117924319e-02
-2.742172488863303670e-02
-3.968509161026290144e-02
-4.291229328764778472e-02
-3.774877058554437781e-02
-2.742172488863303670e-02
-2.871260562209698719e-02
-3.193980742906710191e-02
-2.613084414906552411e-02
-3.323068814117924319e-02
-3.968509161026290144e-02
-3.903965127021358228e-02
-2.806716525612884539e-02
-3.452156884719315144e-02
-4.678493525023164068e-02
-3.387612849494736622e-02
-1.451291721824965464e-02
-2.677628451961133749e-02
-4.484861427579645010e-02
-3.516700919791126978e-02
-2.225820189374161373e-02
-3.516700919791126978e-02
-3.774877058554437781e-02
-3.000348634946092830e-02
-2.742172488863303670e-02
-2.806716525612884539e-02
-2.742172488863303670e-02
-2.354908265161981262e-02
-2.354908265161981262e-02
-4.226685295521903640e-02
-3.129436707072308366e-02
-1.451291721824965464e-02
-3.323068814117924319e-02
-4.162141262126617391e-02
-2.354908265161981262e-02
-1.580379801276521334e-02
-3.258524778588522963e-02
-4.162141262126617391e-02
-1.838555958347676267e-02
-1.193115561088653465e-02
-3.839421092864192531e-02
-4.484861427579645010e-02
-1.774011919308904339e-02
-1.322203641762165205e-02
-3.129436707072308366e-02
-4.226685295521903640e-02
-2.483996340339444941e-02
-1.128571520522747562e-02
-3.581244954710705031e-02
-3.387612849494736622e-02
-2.161276151251456668e-02
-2.096732112975985274e-02
-3.000348634946092830e-02
-3.258524778588522963e-02
-1.967644035967097693e-02
-1.709467880117543359e-02
-2.354908265161981262e-02
-1.580379801276521334e-02
-2.096732112975985274e-02
-2.806716525612884539e-02
-1.774011919308904339e-02
-2.225820189374161373e-02
-2.419452302827096446e-02
-2.548540377699204384e-02
-2.871260562209698719e-02
-1.774011919308904339e-02
-1.580379801276521334e-02
-2.935804598654101483e-02
-2.742172488863303670e-02
-2.032188074547747192e-02
-2.419452302827096446e-02
-2.419452302827096446e-02
-1.838555958347676267e-02
-1.967644035967097693e-02
-3.258524778588522963e-02
-3.710333024092271614e-02
-2.354908265161981262e-02
-2.548540377699204384e-02
-2.871260562209698719e-02
-3.193980742906710191e-02
-2.935804598654101483e-02
-2.548540377699204384e-02
-2.677628451961133749e-02
-1.451291721824965464e-02
-1.193115561088653465e-02
-2.161276151251456668e-02
-3.000348634946092830e-02
-2.096732112975985274e-02
-1.580379801276521334e-02
-2.548540377699204384e-02
-2.935804598654101483e-02
-2.032188074547747192e-02
-1.515835761627037925e-02
-2.096732112975985274e-02
-2.935804598654101483e-02
-2.225820189374161373e-02
-1.774011919308904339e-02
-3.193980742906710191e-02
-3.452156884719315144e-02
-2.483996340339444941e-02
-2.613084414906552411e-02
-3.064892671085495124e-02
-2.548540377699204384e-02
-1.451291721824965464e-02
-1.774011919308904339e-02
-2.613084414906552411e-02
-1.774011919308904339e-02
-2.677628451961133749e-02
-3.323068814117924319e-02
-3.000348634946092830e-02
-2.354908265161981262e-02
-2.419452302827096446e-02
-2.742172488863303670e-02
-1.451291721824965464e-02
-6.122191904957219322e-03
-1.838555958347676267e-02
-3.129436707072308366e-02
-2.354908265161981262e-02
-1.257659601501792679e-02
-1.644923840773415691e-02
-2.677628451961133749e-02
-1.774011919308904339e-02
-9.994834389326356927e-03
-2.806716525612884539e-02
-4.033053194878810643e-02
-2.032188074547747192e-02
-5.476751485545605647e-03
-1.193115561088653465e-02
-2.161276151251456668e-02
-1.644923840773415691e-02
-1.644923840773415691e-02
-2.806716525612884539e-02
-2.677628451961133749e-02
-1.386747681869948678e-02
-9.994834389326356927e-03
-2.096732112975985274e-02
-1.903099997233681506e-02
-1.386747681869948678e-02
-2.354908265161981262e-02
-1.644923840773415691e-02
-4.185870642139377651e-03
-2.225820189374161373e-02
-2.483996340339444941e-02
-2.290364227344454662e-02
-1.128571520522747562e-02
-3.540430218144763330e-03
-2.096732112975985274e-02
-1.967644035967097693e-02
-7.413072739192116956e-03
-8.703953567316347062e-03
-1.451291721824965464e-02
-1.580379801276521334e-02
-1.064027479804074972e-02
-1.515835761627037925e-02
-2.742172488863303670e-02
-2.419452302827096446e-02
-1.386747681869948678e-02
-2.032188074547747192e-02
-2.871260562209698719e-02
-2.032188074547747192e-02
-1.128571520522747562e-02
-2.548540377699204384e-02
-2.548540377699204384e-02
-8.058513154017177271e-03
-1.604108936987813649e-03
-1.774011919308904339e-02
-2.613084414906552411e-02
-1.709467880117543359e-02
-1.967644035967097693e-02
-2.677628451961133749e-02
-1.580379801276521334e-02
-8.703953567316347062e-03
-1.709467880117543359e-02
-2.096732112975985274e-02
-1.128571520522747562e-02
-1.386747681869948678e-02
-1.580379801276521334e-02
-1.580379801276521334e-02
-1.386747681869948678e-02
-1.064027479804074972e-02
-4.185870642139377651e-03
-1.451291721824965464e-02
-7.413072739192116956e-03
-7.413072739192116956e-03
-1.903099997233681506e-02
-2.354908265161981262e-02
-5.476751485545605647e-03
-8.058513154017177271e-03
-2.677628451961133749e-02
-1.838555958347676267e-02
-9.349393979084297257e-03
-2.483996340339444941e-02
-2.290364227344454662e-02
-2.249549365568981329e-03
-4.831311064608101447e-03
-2.032188074547747192e-02
-1.967644035967097693e-02
-7.413072739192116956e-03
-4.185870642139377651e-03
-1.903099997233681506e-02
-2.354908265161981262e-02
-1.451291721824965464e-02
-1.386747681869948678e-02
-2.225820189374161373e-02
-2.032188074547747192e-02
-1.193115561088653465e-02
-1.967644035967097693e-02
-2.806716525612884539e-02
-2.096732112975985274e-02
-1.128571520522747562e-02
-1.967644035967097693e-02
-2.096732112975985274e-02
-1.257659601501792679e-02
-3.540430218144763330e-03
-1.515835761627037925e-02
-2.548540377699204384e-02
-1.322203641762165205e-02
-1.604108936987813649e-03
-2.161276151251456668e-02
-1.903099997233681506e-02
-6.767632322839389758e-03
-1.386747681869948678e-02
-1.386747681869948678e-02
-8.703953567316347062e-03
-1.064027479804074972e-02
-1.386747681869948678e-02
-2.483996340339444941e-02
-2.096732112975985274e-02
-9.349393979084297257e-03
-9.994834389326356927e-03
-1.257659601501792679e-02
-8.058513154017177271e-03
-2.894989792620705771e-03
-1.064027479804074972e-02
-1.709467880117543359e-02
-1.709467880117543359e-02
-1.128571520522747562e-02
-1.580379801276521334e-02
-1.257659601501792679e-02
3.322123579305724661e-04
-9.349393979084297257e-03
-1.322203641762165205e-02
-1.128571520522747562e-02
-7.413072739192116956e-03
-3.132280752371485733e-04
