-3.959197147240800518e-03
7.013290320617926454e-03
5.722409419101737171e-03
-5.250077996759472398e-03
-2.668316291607908397e-03
1.282225445317664025e-02
5.076968970639583745e-03
-1.105904174394645167e-02
-2.022875861497297478e-03
1.927665919033572095e-02
-8.655456199235800341e-05
-1.105904174394645167e-02
1.204326311988523912e-03
9.595052142005400242e-03
-6.540958840165700394e-03
-1.686800536738530809e-02
7.658730773668409597e-03
1.153137352411626182e-02
-4.604637572764858078e-03
-7.319949966895222815e-04
7.013290320617926454e-03
-2.022875861497297478e-03
-1.105904174394645167e-02
-3.313756720189076077e-03
5.076968970639583745e-03
-2.022875861497297478e-03
-1.428624377224174680e-02
-8.655456199235800341e-05
1.346769492000277069e-02
4.431528523706873557e-03
-7.186399259577314069e-03
-3.959197147240800518e-03
2.495207192087178782e-03
-2.022875861497297478e-03
-5.895518419228196194e-03
4.431528523706873557e-03
7.658730773668409597e-03
-3.313756720189076077e-03
-3.959197147240800518e-03
1.204326311988523912e-03
7.658730773668409597e-03
-2.022875861497297478e-03
-1.299536296550662939e-02
-8.655456199235800341e-05
1.849766751274017906e-03
-1.170448215266084446e-02
-7.319949966895222815e-04
8.304171228251888692e-03
-7.319949966895222815e-04
-7.319949966895222815e-04
-3.313756720189076077e-03
1.024049260118076177e-02
1.024049260118076177e-02
-1.364080336963802154e-02
-9.768160921936441810e-03
1.346769492000277069e-02
1.849766751274017906e-03
-4.604637572764858078e-03
1.024049260118076177e-02
9.595052142005400242e-03
-5.895518419228196194e-03
-7.831839677459484506e-03
7.658730773668409597e-03
5.722409419101737171e-03
-1.364080336963802154e-02
-5.250077996759472398e-03
9.595052142005400242e-03
7.013290320617926454e-03
-6.540958840165700394e-03
-2.668316291607908397e-03
7.658730773668409597e-03
-5.895518419228196194e-03
-1.234992255984757037e-02
1.849766751274017906e-03
1.217681398788172942e-02
1.849766751274017906e-03
-3.959197147240800518e-03
1.088593306188201382e-02
9.595052142005400242e-03
-1.105904174394645167e-02
-1.557712457286974939e-02
-2.668316291607908397e-03
1.204326311988523912e-03
-3.959197147240800518e-03
-1.377435429857243321e-03
5.076968970639583745e-03
6.367849869093333837e-03
5.588858742342495134e-04
2.495207192087178782e-03
2.495207192087178782e-03
-3.959197147240800518e-03
-7.831839677459484506e-03
2.495207192087178782e-03
9.595052142005400242e-03
8.949611684363034669e-03
1.204326311988523912e-03
-7.319949966895222815e-04
4.431528523706873557e-03
-2.022875861497297478e-03
-1.170448215266084446e-02
-5.250077996759472398e-03
5.076968970639583745e-03
2.495207192087178782e-03
1.204326311988523912e-03
9.595052142005400242e-03
4.431528523706873557e-03
-7.831839677459484506e-03
-1.041360133370439200e-02
-8.655456199235800341e-05
5.588858742342495134e-04
-7.831839677459484506e-03
5.076968970639583745e-03
8.949611684363034669e-03
1.088593306188201382e-02
4.431528523706873557e-03
-3.959197147240800518e-03
8.949611684363034669e-03
3.140647634431559254e-03
-7.186399259577314069e-03
1.204326311988523912e-03
6.367849869093333837e-03
-8.655456199235800341e-05
-5.895518419228196194e-03
-1.377435429857243321e-03
1.849766751274017906e-03
5.588858742342495134e-04
-7.186399259577314069e-03
-3.313756720189076077e-03
2.495207192087178782e-03
-3.959197147240800518e-03
-1.377435429857243321e-03
2.495207192087178782e-03
5.722409419101737171e-03
6.367849869093333837e-03
3.786088078305382965e-03
8.304171228251888692e-03
-3.959197147240800518e-03
-9.768160921936441810e-03
8.304171228251888692e-03
2.314930210614107864e-02
5.588858742342495134e-04
-2.009520732695690981e-02
-2.668316291607908397e-03
1.798577823065450332e-02
-2.022875861497297478e-03
-1.944976693809685742e-02
4.431528523706873557e-03
1.540401632966670320e-02
-5.250077996759472398e-03
-5.895518419228196194e-03
1.346769492000277069e-02
1.927665919033572095e-02
-3.313756720189076077e-03
-1.170448215266084446e-02
4.431528523706873557e-03
-2.022875861497297478e-03
-1.751344576235425166e-02
-5.895518419228196194e-03
6.367849869093333837e-03
-2.668316291607908397e-03
-1.299536296550662939e-02
-2.668316291607908397e-03
2.495207192087178782e-03
-8.477280093812211703e-03
-7.186399259577314069e-03
3.140647634431559254e-03
3.786088078305382965e-03
-2.022875861497297478e-03
-1.557712457286974939e-02
-2.668316291607908397e-03
1.346769492000277069e-02
3.786088078305382965e-03
-5.895518419228196194e-03
8.304171228251888692e-03
7.013290320617926454e-03
-1.234992255984757037e-02
-5.250077996759472398e-03
8.949611684363034669e-03
3.786088078305382965e-03
-8.477280093812211703e-03
-7.186399259577314069e-03
8.949611684363034669e-03
6.367849869093333837e-03
-9.122720508637272019e-03
-1.377435429857243321e-03
1.282225445317664025e-02
6.367849869093333837e-03
-9.768160921936441810e-03
1.849766751274017906e-03
1.024049260118076177e-02
1.204326311988523912e-03
-8.655456199235800341e-05
1.282225445317664025e-02
1.153137352411626182e-02
-2.022875861497297478e-03
-7.831839677459484506e-03
3.140647634431559254e-03
6.367849869093333837e-03
-8.477280093812211703e-03
-9.122720508637272019e-03
-8.655456199235800341e-05
-4.604637572764858078e-03
-8.477280093812211703e-03
-3.313756720189076077e-03
5.722409419101737171e-03
3.140647634431559254e-03
-9.122720508637272019e-03
-2.022875861497297478e-03
1.217681398788172942e-02
1.849766751274017906e-03
-1.557712457286974939e-02
-8.655456199235800341e-05
1.153137352411626182e-02
-2.668316291607908397e-03
-1.105904174394645167e-02
-8.655456199235800341e-05
4.431528523706873557e-03
-5.250077996759472398e-03
-7.831839677459484506e-03
5.722409419101737171e-03
5.588858742342495134e-04
-1.041360133370439200e-02
1.849766751274017906e-03
8.949611684363034669e-03
1.204326311988523912e-03
-1.493168417331958153e-02
-5.895518419228196194e-03
1.669489727709816407e-02
8.949611684363034669e-03
-7.186399259577314069e-03
1.849766751274017906e-03
1.088593306188201382e-02
2.495207192087178782e-03
-1.299536296550662939e-02
-5.895518419228196194e-03
7.658730773668409597e-03
-2.668316291607908397e-03
-8.655456199235800341e-05
1.411313538836012071e-02
1.088593306188201382e-02
-8.655456199235800341e-05
-8.477280093812211703e-03
-8.655456199235800341e-05
-7.319949966895222815e-04
-1.622256497089047400e-02
-1.234992255984757037e-02
4.431528523706873557e-03
5.076968970639583745e-03
-5.895518419228196194e-03
-2.668316291607908397e-03
6.367849869093333837e-03
-8.655456199235800341e-05
-4.604637572764858078e-03
-7.319949966895222815e-04
7.658730773668409597e-03
-2.022875861497297478e-03
-9.768160921936441810e-03
-2.022875861497297478e-03
5.076968970639583745e-03
-5.895518419228196194e-03
-1.299536296550662939e-02
-2.668316291607908397e-03
2.495207192087178782e-03
-1.105904174394645167e-02
-1.815888615579552834e-02
-4.604637572764858078e-03
-2.668316291607908397e-03
-7.186399259577314069e-03
-5.250077996759472398e-03
8.949611684363034669e-03
3.140647634431559254e-03
-1.493168417331958153e-02
-7.831839677459484506e-03
2.495207192087178782e-03
-1.041360133370439200e-02
-5.895518419228196194e-03
1.604945680261593566e-02
1.992209967247404734e-02
4.431528523706873557e-03
-5.895518419228196194e-03
5.722409419101737171e-03
1.346769492000277069e-02
-3.313756720189076077e-03
-8.477280093812211703e-03
3.786088078305382965e-03
1.217681398788172942e-02
-3.313756720189076077e-03
-7.831839677459484506e-03
5.588858742342495134e-04
-3.313756720189076077e-03
-1.170448215266084446e-02
-5.895518419228196194e-03
7.658730773668409597e-03
8.304171228251888692e-03
-7.831839677459484506e-03
-1.105904174394645167e-02
-2.668316291607908397e-03
-1.299536296550662939e-02
-3.752209724939703506e-02
-4.526738130255658632e-02
-2.719505150368561885e-02
-6.269426962027679906e-02
-6.721235159562510830e-02
-6.011250845803850495e-02
-8.012115682898546254e-02
-8.270291780272032156e-02
-8.205747756156434036e-02
-6.914867241939148812e-02
-6.592147103884471449e-02
-8.012115682898546254e-02
-8.334835804235751766e-02
-7.560307506646068987e-02
-8.141203731889135042e-02
-9.109364079956350224e-02
-8.657555921776172170e-02
-7.302131402587441755e-02
-7.883027633300443426e-02
-9.496628209620006089e-02
-8.657555921776172170e-02
-8.399379828047592866e-02
-1.046478850988705744e-01
-1.098114065608033485e-01
-9.367540167005827811e-02
-8.463923851707377821e-02
-9.690260272403605768e-02
-1.052933252869170389e-01
-9.625716251627380871e-02
-8.463923851707377821e-02
-9.432084188388856205e-02
-9.496628209620006089e-02
-1.014206841358937794e-01
-1.052933252869170389e-01
-1.027115645256326815e-01
-1.143294877604379423e-01
-1.188475688858492418e-01
-1.040024449093071013e-01
-1.117477270840225856e-01
-1.240110900811792760e-01
-1.117477270840225856e-01
-1.065842056584624942e-01
-1.227202097914279477e-01
-1.246565302237829798e-01
-1.085205262044137697e-01
-1.091659663833670635e-01
-1.317563716925587158e-01
-1.433742937012691954e-01
-1.582194155555143311e-01
-1.872642168750928704e-01
-1.956549366883564289e-01
-1.769371767555991681e-01
-1.608011757964611377e-01
-1.530558950011648989e-01
-1.530558950011648989e-01
-1.433742937012691954e-01
-1.420834135022648326e-01
-1.595102956790057647e-01
-1.582194155555143311e-01
-1.498286946056293090e-01
-1.543467751488112327e-01
-1.588648556180149995e-01
-1.640283760636958021e-01
-1.575739754915019830e-01
-1.491832545219899941e-01
-1.582194155555143311e-01
-1.524104549250768770e-01
-1.524104549250768770e-01
-1.556376552904161770e-01
-1.485378144368425524e-01
-1.362744525319321554e-01
-1.259474105044517955e-01
-1.375653327581431995e-01
-1.485378144368425524e-01
-1.395016530861230564e-01
-1.395016530861230564e-01
-1.556376552904161770e-01
-1.627374959613288041e-01
-1.466014941723319254e-01
-1.298200513101388509e-01
-1.395016530861230564e-01
-1.478923743501834309e-01
-1.433742937012691954e-01
-1.472469342620126298e-01
-1.504741346877569441e-01
-1.395016530861230564e-01
-1.291746111796410190e-01
-1.356290124165582256e-01
-1.537013350757430175e-01
-1.517650148474807281e-01
-1.420834135022648326e-01
-1.575739754915019830e-01
-1.717736565512062441e-01
-1.433742937012691954e-01
-1.285291710476297311e-01
-1.524104549250768770e-01
-1.646738161126162225e-01
-1.485378144368425524e-01
-1.343381321812735507e-01
-1.491832545219899941e-01
-1.601557357384866265e-01
-1.543467751488112327e-01
-1.575739754915019830e-01
-1.575739754915019830e-01
-1.485378144368425524e-01
-1.420834135022648326e-01
-1.395016530861230564e-01
-1.478923743501834309e-01
-1.427288536025219656e-01
-1.362744525319321554e-01
-1.420834135022648326e-01
-1.382107728689820902e-01
-1.343381321812735507e-01
-1.388562129783075250e-01
-1.485378144368425524e-01
-1.485378144368425524e-01
-1.336926920613645819e-01
-1.375653327581431995e-01
-1.498286946056293090e-01
-1.485378144368425524e-01
-1.395016530861230564e-01
-1.298200513101388509e-01
-1.349835722996726162e-01
-1.362744525319321554e-01
-1.298200513101388509e-01
-1.246565302237829798e-01
-1.369198926457944054e-01
-1.517650148474807281e-01
-1.343381321812735507e-01
-1.240110900811792760e-01
-1.382107728689820902e-01
-1.240110900811792760e-01
-1.240110900811792760e-01
-1.336926920613645819e-01
-1.446651738942268395e-01
-1.414379734004977962e-01
-1.194930090405641465e-01
-1.265928506425151312e-01
-1.356290124165582256e-01
-1.265928506425151312e-01
-1.207838893454500351e-01
-1.349835722996726162e-01
-1.453106139884408066e-01
-1.330472519399421572e-01
-1.156203680895568908e-01
-1.272382907790667872e-01
-1.272382907790667872e-01
-1.175566885718755117e-01
-1.317563716925587158e-01
-1.427288536025219656e-01
-1.272382907790667872e-01
-1.136840475936082839e-01
-1.265928506425151312e-01
-1.485378144368425524e-01
-1.569285354259832843e-01
-1.717736565512062441e-01
-2.111454956757103929e-01
-2.524536487469450918e-01
-2.511627690564210980e-01
-2.447083705139334597e-01
-2.737531627762965769e-01
-2.963435546650785568e-01
-2.963435546650785568e-01
-2.873073981290747980e-01
-2.769803617295778508e-01
-2.672987647576174908e-01
-2.466446900924079699e-01
-2.363176521846703793e-01
-2.363176521846703793e-01
-2.285723735019740133e-01
-2.059819761094825452e-01
-1.917822968061493327e-01
-1.975912566091473366e-01
-1.943640567336402114e-01
-1.762917367353242781e-01
-1.711282165188734439e-01
-1.853278968820575301e-01
-1.892005368545781607e-01
-1.769371767555991681e-01
-1.840370168791718442e-01
-1.963003766634585645e-01
-1.840370168791718442e-01
-1.814552568553260414e-01
-1.988821365488195880e-01
-1.924277367902789138e-01
-1.691918964128316105e-01
-1.640283760636958021e-01
-1.711282165188734439e-01
-1.691918964128316105e-01
-1.498286946056293090e-01
-1.556376552904161770e-01
-1.633829360132672548e-01
-1.588648556180149995e-01
-1.459560540811413176e-01
-1.562830953589546823e-01
-1.653192561600285160e-01
-1.517650148474807281e-01
-1.530558950011648989e-01
-1.679010163345964202e-01
-1.775826167743659312e-01
-1.653192561600285160e-01
-1.582194155555143311e-01
-1.672555762932184109e-01
-1.672555762932184109e-01
-1.517650148474807281e-01
-1.472469342620126298e-01
-1.679010163345964202e-01
-1.730645366113474637e-01
-1.556376552904161770e-01
-1.530558950011648989e-01
-1.633829360132672548e-01
-1.640283760636958021e-01
-1.485378144368425524e-01
-1.498286946056293090e-01
-1.685464563744680788e-01
-1.633829360132672548e-01
-1.517650148474807281e-01
-1.498286946056293090e-01
-1.453106139884408066e-01
-1.459560540811413176e-01
-1.478923743501834309e-01
-1.511195747683728996e-01
-1.653192561600285160e-01
-1.498286946056293090e-01
-1.272382907790667872e-01
-1.498286946056293090e-01
-1.691918964128316105e-01
-1.582194155555143311e-01
-1.517650148474807281e-01
-1.582194155555143311e-01
-1.582194155555143311e-01
-1.420834135022648326e-01
-1.504741346877569441e-01
-1.750008566902554463e-01
-1.833915768754703635e-01
-1.627374959613288041e-01
-1.575739754915019830e-01
-1.730645366113474637e-01
-1.666101362503287220e-01
-1.478923743501834309e-01
-1.498286946056293090e-01
-1.562830953589546823e-01
-1.556376552904161770e-01
-1.478923743501834309e-01
-1.440197337985029691e-01
-1.485378144368425524e-01
-1.491832545219899941e-01
-1.459560540811413176e-01
-1.646738161126162225e-01
-1.575739754915019830e-01
-1.427288536025219656e-01
-1.375653327581431995e-01
-1.491832545219899941e-01
-1.659646962059326825e-01
-1.478923743501834309e-01
-1.395016530861230564e-01
-1.498286946056293090e-01
-1.491832545219899941e-01
-1.253019703648732275e-01
-1.369198926457944054e-01
-1.453106139884408066e-01
-1.304654914391250031e-01
-1.207838893454500351e-01
-1.369198926457944054e-01
-1.504741346877569441e-01
-1.446651738942268395e-01
-1.382107728689820902e-01
-1.453106139884408066e-01
-1.491832545219899941e-01
-1.414379734004977962e-01
-1.362744525319321554e-01
-1.459560540811413176e-01
-1.466014941723319254e-01
-1.388562129783075250e-01
-1.324018118170062763e-01
-1.349835722996726162e-01
-1.446651738942268395e-01
-1.388562129783075250e-01
-1.420834135022648326e-01
-1.601557357384866265e-01
-1.543467751488112327e-01
-1.427288536025219656e-01
-1.524104549250768770e-01
-1.608011757964611377e-01
-1.640283760636958021e-01
-1.582194155555143311e-01
-1.582194155555143311e-01
-1.646738161126162225e-01
-1.537013350757430175e-01
-1.407925332972173038e-01
-1.485378144368425524e-01
-1.601557357384866265e-01
-1.582194155555143311e-01
-1.653192561600285160e-01
-1.756462967135430375e-01
-1.562830953589546823e-01
-1.420834135022648326e-01
-1.530558950011648989e-01
-1.666101362503287220e-01
-1.595102956790057647e-01
-1.459560540811413176e-01
-1.498286946056293090e-01
-1.633829360132672548e-01
-1.620920559078804501e-01
-1.466014941723319254e-01
-1.427288536025219656e-01
-1.562830953589546823e-01
-1.537013350757430175e-01
-1.485378144368425524e-01
-1.595102956790057647e-01
-1.646738161126162225e-01
-1.504741346877569441e-01
-1.440197337985029691e-01
-1.711282165188734439e-01
-1.659646962059326825e-01
-1.569285354259832843e-01
-1.704827764850342930e-01
-1.827461368702625322e-01
-1.756462967135430375e-01
-1.582194155555143311e-01
-1.653192561600285160e-01
-1.879096568697615766e-01
-1.633829360132672548e-01
-1.543467751488112327e-01
-1.698373364496870153e-01
-1.679010163345964202e-01
-1.549922152203677683e-01
-1.446651738942268395e-01
-1.524104549250768770e-01
-1.640283760636958021e-01
-1.549922152203677683e-01
-1.582194155555143311e-01
-1.672555762932184109e-01
-1.575739754915019830e-01
-1.491832545219899941e-01
-1.472469342620126298e-01
-1.588648556180149995e-01
-1.588648556180149995e-01
-1.459560540811413176e-01
-1.504741346877569441e-01
-1.608011757964611377e-01
-1.537013350757430175e-01
-1.466014941723319254e-01
-1.562830953589546823e-01
-1.685464563744680788e-01
-1.537013350757430175e-01
-1.459560540811413176e-01
-1.614466158529257456e-01
-1.640283760636958021e-01
-1.543467751488112327e-01
-1.395016530861230564e-01
-1.427288536025219656e-01
-1.543467751488112327e-01
-1.446651738942268395e-01
-1.543467751488112327e-01
-1.679010163345964202e-01
-1.640283760636958021e-01
-1.524104549250768770e-01
-1.530558950011648989e-01
-1.704827764850342930e-01
-1.775826167743659312e-01
-1.743554166654597282e-01
-1.808098168455991583e-01
-1.872642168750928704e-01
-1.756462967135430375e-01
-1.646738161126162225e-01
-1.646738161126162225e-01
-1.679010163345964202e-01
-1.672555762932184109e-01
-1.582194155555143311e-01
-1.627374959613288041e-01
-1.504741346877569441e-01
-1.517650148474807281e-01
-1.679010163345964202e-01
-1.788734968073804055e-01
-1.659646962059326825e-01
-1.517650148474807281e-01
-1.537013350757430175e-01
-1.659646962059326825e-01
-1.549922152203677683e-01
-1.472469342620126298e-01
-1.595102956790057647e-01
-1.608011757964611377e-01
-1.491832545219899941e-01
-1.427288536025219656e-01
-1.478923743501834309e-01
-1.472469342620126298e-01
-1.459560540811413176e-01
-1.375653327581431995e-01
-1.478923743501834309e-01
-1.614466158529257456e-01
-1.453106139884408066e-01
-1.446651738942268395e-01
-1.569285354259832843e-01
-1.608011757964611377e-01
-1.595102956790057647e-01
-1.556376552904161770e-01
-1.588648556180149995e-01
-1.595102956790057647e-01
-1.498286946056293090e-01
-1.504741346877569441e-01
-1.646738161126162225e-01
-1.608011757964611377e-01
-1.575739754915019830e-01
-1.575739754915019830e-01
-1.472469342620126298e-01
-1.285291710476297311e-01
-1.201384491937655952e-01
-1.278837309141032108e-01
-1.162658082518444047e-01
-9.367540167005827811e-02
-9.883892333821897580e-02
-1.072296458419632614e-01
-9.367540167005827811e-02
-7.947571658175434095e-02
-8.593011898571667473e-02
-8.463923851707377821e-02
-7.560307506646068987e-02
-7.302131402587441755e-02
-8.012115682898546254e-02
-8.851187990478592837e-02
-7.753939583094648924e-02
-6.011250845803850495e-02
-7.366675428830049555e-02
-7.624851532280985111e-02
-5.882162786778977193e-02
-5.946706816367530735e-02
-6.398515019226636014e-02
-5.623986666903313392e-02
-5.172178451260300847e-02
-5.623986666903313392e-02
-6.785779187173623939e-02
-6.527603075817367539e-02
-5.172178451260300847e-02
-5.301266513633784427e-02
-6.592147103884471449e-02
-6.269426962027679906e-02
-3.752209724939703506e-02
-4.010385862483367703e-02
-6.011250845803850495e-02
-4.720370228156411940e-02
-4.333106030983913115e-02
-5.753074727145524037e-02
-6.979411269093915848e-02
-6.269426962027679906e-02
-4.139473930340820118e-02
-4.978546356558055663e-02
-5.946706816367530735e-02
-4.333106030983913115e-02
-3.945841828326202005e-02
-5.107634419845119567e-02
-5.817618757038367505e-02
-4.462194097317428998e-02
-3.881297794016447256e-02
-5.301266513633784427e-02
-5.623986666903313392e-02
-3.945841828326202005e-02
-3.429489549579933794e-02
-5.043090388277882141e-02
-4.914002324685995404e-02
-3.235857442534317840e-02
-3.816753759554281089e-02
-4.914002324685995404e-02
-4.139473930340820118e-02
-3.364945514050532438e-02
-4.333106030983913115e-02
-5.172178451260300847e-02
-4.268561997588626866e-02
-3.687665690172714505e-02
-4.397650064226787947e-02
-4.204017964040929201e-02
-2.654961113161213859e-02
-2.719505150368561885e-02
-4.655826195675061285e-02
-5.430354575398332884e-02
-3.816753759554281089e-02
-2.848593224325313145e-02
-3.494033584956746097e-02
-4.462194097317428998e-02
-3.816753759554281089e-02
-3.106769370408102304e-02
-4.526738130255658632e-02
-4.978546356558055663e-02
-2.719505150368561885e-02
-2.719505150368561885e-02
-4.268561997588626866e-02
-3.945841828326202005e-02
-2.784049187423143223e-02
-3.106769370408102304e-02
-4.204017964040929201e-02
-3.881297794016447256e-02
-1.428624377224174680e-02
-1.234992255984757037e-02
-3.494033584956746097e-02
-3.816753759554281089e-02
-2.654961113161213859e-02
-2.784049187423143223e-02
-3.042225334116110957e-02
-2.590417075801454416e-02
-2.332240924836170848e-02
-3.042225334116110957e-02
-5.043090388277882141e-02
-3.042225334116110957e-02
-2.074064771429107168e-02
-3.558577620181324619e-02
-3.171313406547504599e-02
-2.461329000623990737e-02
-3.364945514050532438e-02
-3.494033584956746097e-02
-2.784049187423143223e-02
-2.977681297671708194e-02
-3.752209724939703506e-02
-3.945841828326202005e-02
-2.332240924836170848e-02
-1.880432654770913814e-02
-3.235857442534317840e-02
-4.074929896488299619e-02
-2.654961113161213859e-02
-1.493168417331958153e-02
-3.042225334116110957e-02
-4.204017964040929201e-02
-2.009520732695690981e-02
-2.074064771429107168e-02
-3.171313406547504599e-02
-3.235857442534317840e-02
-1.880432654770913814e-02
-1.880432654770913814e-02
-3.171313406547504599e-02
-3.235857442534317840e-02
-2.074064771429107168e-02
-2.525873038289105921e-02
-3.945841828326202005e-02
-3.752209724939703506e-02
-2.009520732695690981e-02
-1.751344576235425166e-02
-2.977681297671708194e-02
-2.138608810009756667e-02
-1.944976693809685742e-02
-2.332240924836170848e-02
-3.494033584956746097e-02
-3.042225334116110957e-02
-1.428624377224174680e-02
-2.396784962806464137e-02
-3.881297794016447256e-02
-3.494033584956746097e-02
-2.396784962806464137e-02
-2.590417075801454416e-02
-3.171313406547504599e-02
-1.751344576235425166e-02
-1.815888615579552834e-02
-3.364945514050532438e-02
-3.042225334116110957e-02
-1.686800536738530809e-02
-9.768160921936441810e-03
-2.654961113161213859e-02
-2.784049187423143223e-02
-7.831839677459484506e-03
-2.138608810009756667e-02
-3.945841828326202005e-02
-2.977681297671708194e-02
-1.493168417331958153e-02
-1.234992255984757037e-02
-2.525873038289105921e-02
-1.880432654770913814e-02
-2.022875861497297478e-03
-1.751344576235425166e-02
-2.590417075801454416e-02
-2.203152848437994749e-02
-2.138608810009756667e-02
-2.784049187423143223e-02
-2.913137261074894013e-02
-1.880432654770913814e-02
-1.751344576235425166e-02
-2.396784962806464137e-02
-2.138608810009756667e-02
-1.299536296550662939e-02
-1.880432654770913814e-02
-3.429489549579933794e-02
-2.396784962806464137e-02
-7.831839677459484506e-03
-1.622256497089047400e-02
-2.848593224325313145e-02
-2.461329000623990737e-02
-1.493168417331958153e-02
-2.525873038289105921e-02
-2.913137261074894013e-02
-1.751344576235425166e-02
-1.944976693809685742e-02
-2.590417075801454416e-02
-3.042225334116110957e-02
-2.267696886713466142e-02
-1.428624377224174680e-02
-1.493168417331958153e-02
-1.751344576235425166e-02
-1.622256497089047400e-02
-1.364080336963802154e-02
-3.106769370408102304e-02
-3.623121655253136453e-02
-1.170448215266084446e-02
-1.234992255984757037e-02
-2.848593224325313145e-02
-2.138608810009756667e-02
-3.313756720189076077e-03
-9.768160921936441810e-03
-2.654961113161213859e-02
-9.768160921936441810e-03
1.849766751274017906e-03
-1.751344576235425166e-02
-2.784049187423143223e-02
-1.428624377224174680e-02
-1.880432654770913814e-02
-3.623121655253136453e-02
-2.848593224325313145e-02
-6.540958840165700394e-03
-1.299536296550662939e-02
-2.784049187423143223e-02
-2.913137261074894013e-02
-2.074064771429107168e-02
-2.396784962806464137e-02
-2.203152848437994749e-02
-9.122720508637272019e-03
-1.299536296550662939e-02
-2.396784962806464137e-02
-2.784049187423143223e-02
-2.138608810009756667e-02
-9.768160921936441810e-03
-1.105904174394645167e-02
-2.784049187423143223e-02
-2.654961113161213859e-02
-9.768160921936441810e-03
-2.590417075801454416e-02
-3.558577620181324619e-02
-2.138608810009756667e-02
-1.105904174394645167e-02
-2.138608810009756667e-02
-2.654961113161213859e-02
-1.622256497089047400e-02
-1.041360133370439200e-02
-2.654961113161213859e-02
-2.719505150368561885e-02
-9.768160921936441810e-03
-8.477280093812211703e-03
-2.848593224325313145e-02
-2.525873038289105921e-02
-7.186399259577314069e-03
-1.234992255984757037e-02
-2.654961113161213859e-02
-1.815888615579552834e-02
-1.041360133370439200e-02
-2.719505150368561885e-02
-2.654961113161213859e-02
-7.831839677459484506e-03
-5.895518419228196194e-03
-2.074064771429107168e-02
-1.751344576235425166e-02
-2.138608810009756667e-02
-1.686800536738530809e-02
-1.493168417331958153e-02
-2.138608810009756667e-02
-1.364080336963802154e-02
-5.250077996759472398e-03
-1.041360133370439200e-02
-1.364080336963802154e-02
-6.540958840165700394e-03
-1.170448215266084446e-02
-2.590417075801454416e-02
-1.364080336963802154e-02
-8.655456199235800341e-05
-4.604637572764858078e-03
-2.267696886713466142e-02
-3.171313406547504599e-02
-2.009520732695690981e-02
-1.686800536738530809e-02
-2.138608810009756667e-02
-9.768160921936441810e-03
-1.234992255984757037e-02
-2.784049187423143223e-02
-3.171313406547504599e-02
-1.622256497089047400e-02
-1.428624377224174680e-02
-2.203152848437994749e-02
-1.041360133370439200e-02
-8.655456199235800341e-05
-9.122720508637272019e-03
-2.590417075801454416e-02
-2.461329000623990737e-02
-1.557712457286974939e-02
-2.267696886713466142e-02
-2.719505150368561885e-02
-2.074064771429107168e-02
-4.604637572764858078e-03
-1.686800536738530809e-02
-3.816753759554281089e-02
-1.880432654770913814e-02
-7.186399259577314069e-03
-1.234992255984757037e-02
-1.105904174394645167e-02
-1.377435429857243321e-03
-9.768160921936441810e-03
-3.106769370408102304e-02
-2.267696886713466142e-02
-7.319949966895222815e-04
-9.122720508637272019e-03
-1.815888615579552834e-02
-7.319949966895222815e-04
1.204326311988523912e-03
-1.815888615579552834e-02
-2.848593224325313145e-02
-8.477280093812211703e-03
5.076968970639583745e-03
1.204326311988523912e-03
-7.186399259577314069e-03
-1.493168417331958153e-02
-1.944976693809685742e-02
-2.138608810009756667e-02
-1.622256497089047400e-02
-7.831839677459484506e-03
-7.831839677459484506e-03
-1.751344576235425166e-02
-1.428624377224174680e-02
-4.604637572764858078e-03
-1.686800536738530809e-02
-2.784049187423143223e-02
-2.668316291607908397e-03
-4.604637572764858078e-03
-1.493168417331958153e-02
-1.686800536738530809e-02
-1.751344576235425166e-02
-1.299536296550662939e-02
-2.074064771429107168e-02
-2.332240924836170848e-02
-1.234992255984757037e-02
-2.009520732695690981e-02
-2.654961113161213859e-02
-2.074064771429107168e-02
-4.604637572764858078e-03
-7.186399259577314069e-03
