-4.457136365825675739e-03
-1.229934215274397502e-03
-3.166255510192783618e-03
-6.393457637813071415e-03
3.933589305121998336e-03
2.642708415846684034e-03
-1.026610014052131703e-02
-5.748017215344347619e-03
5.869910650508458616e-03
2.642708415846684034e-03
-1.229934215274397502e-03
3.933589305121998336e-03
9.097112923420525021e-03
-8.329778896044359726e-03
-5.102576791349733298e-03
7.063870934036486915e-04
3.288148859720507744e-03
3.288148859720507744e-03
3.288148859720507744e-03
1.351827532689142686e-03
1.351827532689142686e-03
-6.393457637813071415e-03
1.997267973502303562e-03
7.160791555083534377e-03
-4.457136365825675739e-03
-4.457136365825675739e-03
4.579029752054708524e-03
3.933589305121998336e-03
-2.520815080082172699e-03
-1.875374648442118541e-03
-3.166255510192783618e-03
7.160791555083534377e-03
6.094665564937429281e-05
-8.329778896044359726e-03
8.451672465778159449e-03
7.063870934036486915e-04
-9.620659727222147239e-03
4.579029752054708524e-03
7.063870934036486915e-04
-2.520815080082172699e-03
7.063870934036486915e-04
1.167887476929685420e-02
3.288148859720507744e-03
-1.875374648442118541e-03
4.579029752054708524e-03
8.451672465778159449e-03
1.351827532689142686e-03
-1.229934215274397502e-03
5.869910650508458616e-03
5.224470200516861951e-03
3.933589305121998336e-03
7.063870934036486915e-04
-8.975219312397086924e-03
-5.844937805772332240e-04
-1.229934215274397502e-03
-9.620659727222147239e-03
-1.875374648442118541e-03
8.451672465778159449e-03
5.224470200516861951e-03
-1.229934215274397502e-03
1.351827532689142686e-03
1.997267973502303562e-03
-6.393457637813071415e-03
-5.748017215344347619e-03
-1.875374648442118541e-03
-1.229934215274397502e-03
-3.811695938773951298e-03
-1.875374648442118541e-03
1.351827532689142686e-03
-5.748017215344347619e-03
-2.520815080082172699e-03
3.288148859720507744e-03
-3.166255510192783618e-03
-7.038898058750575615e-03
2.642708415846684034e-03
1.038799384329713860e-02
-2.520815080082172699e-03
-1.155698096253132690e-02
-2.520815080082172699e-03
5.869910650508458616e-03
4.579029752054708524e-03
-3.166255510192783618e-03
4.579029752054708524e-03
4.579029752054708524e-03
-7.684338478162189290e-03
-1.091154055228926723e-02
1.997267973502303562e-03
1.232431523459176503e-02
7.063870934036486915e-04
-8.975219312397086924e-03
-5.844937805772332240e-04
1.426063663966381512e-02
1.997267973502303562e-03
-3.811695938773951298e-03
7.063870934036486915e-04
-4.457136365825675739e-03
-7.684338478162189290e-03
-3.166255510192783618e-03
1.490607711108182798e-02
1.351827532689142686e-03
-1.349330218409150461e-02
8.451672465778159449e-03
7.160791555083534377e-03
-1.026610014052131703e-02
5.224470200516861951e-03
1.232431523459176503e-02
7.063870934036486915e-04
-8.329778896044359726e-03
-4.457136365825675739e-03
7.160791555083534377e-03
-1.875374648442118541e-03
-9.620659727222147239e-03
1.296975570141789547e-02
2.136048190949324521e-02
-5.844937805772332240e-04
-1.155698096253132690e-02
-3.811695938773951298e-03
1.351827532689142686e-03
-2.520815080082172699e-03
-5.844937805772332240e-04
5.869910650508458616e-03
6.094665564937429281e-05
-1.220242137124571968e-02
-4.457136365825675739e-03
1.296975570141789547e-02
6.515351102033051234e-03
-7.684338478162189290e-03
-5.748017215344347619e-03
7.160791555083534377e-03
3.933589305121998336e-03
-5.748017215344347619e-03
2.642708415846684034e-03
1.232431523459176503e-02
5.224470200516861951e-03
1.351827532689142686e-03
7.160791555083534377e-03
8.451672465778159449e-03
1.351827532689142686e-03
-5.844937805772332240e-04
7.806232009667013472e-03
2.642708415846684034e-03
-8.329778896044359726e-03
-3.811695938773951298e-03
1.351827532689142686e-03
-3.811695938773951298e-03
-5.844937805772332240e-04
9.097112923420525021e-03
-7.684338478162189290e-03
-1.026610014052131703e-02
-5.102576791349733298e-03
7.160791555083534377e-03
1.361519616977524549e-02
7.160791555083534377e-03
2.642708415846684034e-03
3.288148859720507744e-03
2.642708415846684034e-03
7.063870934036486915e-04
-1.875374648442118541e-03
7.063870934036486915e-04
1.351827532689142686e-03
-3.811695938773951298e-03
-5.102576791349733298e-03
1.351827532689142686e-03
7.063870934036486915e-04
5.869910650508458616e-03
1.877871997175084573e-02
5.869910650508458616e-03
-7.684338478162189290e-03
-1.875374648442118541e-03
3.288148859720507744e-03
-3.811695938773951298e-03
6.094665564937429281e-05
1.361519616977524549e-02
3.933589305121998336e-03
-1.026610014052131703e-02
-3.811695938773951298e-03
8.451672465778159449e-03
3.288148859720507744e-03
-5.102576791349733298e-03
5.869910650508458616e-03
1.232431523459176503e-02
6.094665564937429281e-05
-9.620659727222147239e-03
7.160791555083534377e-03
2.523312486206563676e-02
7.063870934036486915e-04
-5.748017215344347619e-03
3.933589305121998336e-03
5.869910650508458616e-03
-1.875374648442118541e-03
-7.038898058750575615e-03
7.806232009667013472e-03
4.579029752054708524e-03
-7.684338478162189290e-03
-5.102576791349733298e-03
3.933589305121998336e-03
2.642708415846684034e-03
-3.166255510192783618e-03
6.515351102033051234e-03
1.296975570141789547e-02
-1.155698096253132690e-02
-2.123858693287594690e-02
1.997267973502303562e-03
1.490607711108182798e-02
9.742553382595886546e-03
6.094665564937429281e-05
9.097112923420525021e-03
9.742553382595886546e-03
-8.329778896044359726e-03
-4.457136365825675739e-03
7.160791555083534377e-03
3.933589305121998336e-03
-1.284786177843244559e-02
-5.102576791349733298e-03
9.097112923420525021e-03
3.933589305121998336e-03
-5.844937805772332240e-04
5.224470200516861951e-03
7.806232009667013472e-03
-1.875374648442118541e-03
-1.229934215274397502e-03
8.451672465778159449e-03
1.232431523459176503e-02
-5.748017215344347619e-03
3.933589305121998336e-03
3.288148859720507744e-03
-6.393457637813071415e-03
-1.091154055228926723e-02
7.160791555083534377e-03
1.555151758403106044e-02
-5.844937805772332240e-04
-2.520815080082172699e-03
6.515351102033051234e-03
4.579029752054708524e-03
-1.875374648442118541e-03
-3.166255510192783618e-03
7.160791555083534377e-03
5.224470200516861951e-03
-5.748017215344347619e-03
-5.748017215344347619e-03
3.933589305121998336e-03
3.288148859720507744e-03
-3.166255510192783618e-03
3.933589305121998336e-03
1.167887476929685420e-02
3.288148859720507744e-03
-2.520815080082172699e-03
1.997267973502303562e-03
4.579029752054708524e-03
-3.811695938773951298e-03
2.642708415846684034e-03
1.684239853452496050e-02
1.490607711108182798e-02
7.063870934036486915e-04
-1.229934215274397502e-03
5.224470200516861951e-03
5.869910650508458616e-03
1.351827532689142686e-03
2.642708415846684034e-03
3.933589305121998336e-03
-8.329778896044359726e-03
-8.329778896044359726e-03
7.806232009667013472e-03
1.426063663966381512e-02
-1.229934215274397502e-03
8.451672465778159449e-03
1.942416045388917212e-02
7.063870934036486915e-04
-1.875374648442118541e-03
1.619695805851328885e-02
1.232431523459176503e-02
6.094665564937429281e-05
-2.520815080082172699e-03
2.642708415846684034e-03
3.933589305121998336e-03
-7.684338478162189290e-03
-5.748017215344347619e-03
1.103343430553138660e-02
9.742553382595886546e-03
-3.811695938773951298e-03
-3.811695938773951298e-03
2.642708415846684034e-03
2.642708415846684034e-03
2.642708415846684034e-03
2.642708415846684034e-03
1.997267973502303562e-03
-5.748017215344347619e-03
-1.155698096253132690e-02
1.232431523459176503e-02
2.587856535952326453e-02
1.997267973502303562e-03
-1.091154055228926723e-02
7.063870934036486915e-04
3.288148859720507744e-03
-3.166255510192783618e-03
-1.229934215274397502e-03
3.288148859720507744e-03
-2.520815080082172699e-03
-1.220242137124571968e-02
-2.188402731868244189e-02
-3.608371542039812141e-02
-6.125588796946601633e-02
-7.481013376779266366e-02
-7.222837271504545242e-02
-7.481013376779266366e-02
-8.642805820430154995e-02
-8.190997653747622564e-02
-7.093749217955114261e-02
-7.158293244805946642e-02
-8.384629726094239288e-02
-8.126453629328267425e-02
-7.287381298051265333e-02
-7.803733504953136446e-02
-8.965525934934071017e-02
-9.417334088864315333e-02
-9.546422131478493611e-02
-1.057912645055019141e-01
-1.045003841278919765e-01
-1.083730252425318952e-01
-1.083730252425318952e-01
-1.057912645055019141e-01
-1.012731831573354668e-01
-8.900981912337080360e-02
-9.288246045642978288e-02
-1.006277429586752703e-01
-9.675510173485868393e-02
-8.965525934934071017e-02
-9.288246045642978288e-02
-1.032095037442175567e-01
-9.804598214886617313e-02
-7.610101428504556509e-02
-8.449173749906080388e-02
-1.038549439368132710e-01
-9.546422131478493611e-02
-9.546422131478493611e-02
-1.096639056019519387e-01
-1.045003841278919765e-01
-9.094613979672949711e-02
-9.481878110247343727e-02
-1.032095037442175567e-01
-1.006277429586752703e-01
-8.965525934934071017e-02
-1.006277429586752703e-01
-1.199909482591490217e-01
-1.122456663026074608e-01
-9.804598214886617313e-02
-1.051458243174554497e-01
-1.161183073081417660e-01
-1.103093457793882237e-01
-1.225727088628687511e-01
-1.606536749570715017e-01
-1.948619959522250866e-01
-1.800168760402094392e-01
-1.567810345775395575e-01
-1.664626354245175577e-01
-1.600082348975906399e-01
-1.419359126190826714e-01
-1.406450324110100070e-01
-1.470994333909168006e-01
-1.412904725158021790e-01
-1.374178318643792807e-01
-1.477448734805975050e-01
-1.703352756682718905e-01
-1.825986360821314491e-01
-1.903439160633126903e-01
-1.916347960391000527e-01
-1.767896759539091533e-01
-1.664626354245175577e-01
-1.658171953786133912e-01
-1.690443955930529540e-01
-1.580719147100868582e-01
-1.399995923047079316e-01
-1.406450324110100070e-01
-1.399995923047079316e-01
-1.328997510355911515e-01
-1.335451911585270324e-01
-1.399995923047079316e-01
-1.393541521968924002e-01
-1.206363884123504704e-01
-1.109547859553110527e-01
-1.335451911585270324e-01
-1.464539932997261928e-01
-1.187000679482022036e-01
-1.096639056019519387e-01
-1.264453497230366708e-01
-1.219272687142094469e-01
-1.090184654229986450e-01
-1.161183073081417660e-01
-1.270907898611000064e-01
-1.232181490100128229e-01
-1.193455081044341171e-01
-1.322543109111435911e-01
-1.393541521968924002e-01
-1.322543109111435911e-01
-1.412904725158021790e-01
-1.567810345775395575e-01
-1.490357536554274276e-01
-1.316088707851825745e-01
-1.341906312799494572e-01
-1.625899951264653254e-01
-1.896984760731630359e-01
-2.000255157349837276e-01
-2.180978342168451434e-01
-2.439154300060408787e-01
-2.542424676500640857e-01
-2.419791104050865727e-01
-2.187432741408414927e-01
-2.051890354214798151e-01
-1.851803960999518495e-01
-1.703352756682718905e-01
-1.612991150150460129e-01
-1.690443955930529540e-01
-1.600082348975906399e-01
-1.632354351799136793e-01
-1.709807157036191683e-01
-1.800168760402094392e-01
-1.690443955930529540e-01
-1.658171953786133912e-01
-1.748533558840446034e-01
-1.593627948365998748e-01
-1.490357536554274276e-01
-1.580719147100868582e-01
-1.503266338242141842e-01
-1.335451911585270324e-01
-1.412904725158021790e-01
-1.541992742943278927e-01
-1.496811937405748694e-01
-1.354815115182574914e-01
-1.361269516351431008e-01
-1.522629540660656033e-01
-1.477448734805975050e-01
-1.419359126190826714e-01
-1.483903135687683061e-01
-1.529083941436617522e-01
-1.464539932997261928e-01
-1.425813527208497078e-01
-1.470994333909168006e-01
-1.490357536554274276e-01
-1.341906312799494572e-01
-1.277362299976516624e-01
-1.399995923047079316e-01
-1.425813527208497078e-01
-1.328997510355911515e-01
-1.445176730170878443e-01
-1.606536749570715017e-01
-1.522629540660656033e-01
-1.658171953786133912e-01
-1.967983158820434397e-01
-2.251976732981972873e-01
-2.400427907906443892e-01
-2.464971894529988106e-01
-2.748965417885269602e-01
-2.994232528402314131e-01
-2.910325361441010728e-01
-2.748965417885269602e-01
-2.671512641661095699e-01
-2.406882306636237701e-01
-2.122888748333107145e-01
-2.019618356286976280e-01
-1.961528759069413042e-01
-1.864712760998266106e-01
-1.819531960739109167e-01
-1.851803960999518495e-01
-1.825986360821314491e-01
-1.735624758299323389e-01
-1.651717553312010978e-01
-1.677535155118032861e-01
-1.664626354245175577e-01
-1.606536749570715017e-01
-1.567810345775395575e-01
-1.548447143673961079e-01
-1.516175139869577748e-01
-1.425813527208497078e-01
-1.600082348975906399e-01
-1.735624758299323389e-01
-1.464539932997261928e-01
-1.451631131128117147e-01
-1.683989555531812954e-01
-1.625899951264653254e-01
-1.561355945090010522e-01
-1.541992742943278927e-01
-1.587173547740992063e-01
-1.574264746445681595e-01
-1.587173547740992063e-01
-1.664626354245175577e-01
-1.703352756682718905e-01
-1.716261557374583191e-01
-1.793714360259652807e-01
-1.916347960391000527e-01
-1.929256760088637890e-01
-1.787259960102112188e-01
-1.554901544389526435e-01
-1.567810345775395575e-01
-1.748533558840446034e-01
-1.832440760888474074e-01
-1.748533558840446034e-01
-1.703352756682718905e-01
-1.819531960739109167e-01
-1.742079158577443110e-01
-1.664626354245175577e-01
-1.838895160940552387e-01
-1.825986360821314491e-01
-1.638808752318521300e-01
-1.638808752318521300e-01
-1.742079158577443110e-01
-1.690443955930529540e-01
-1.567810345775395575e-01
-1.541992742943278927e-01
-1.632354351799136793e-01
-1.541992742943278927e-01
-1.393541521968924002e-01
-1.529083941436617522e-01
-1.651717553312010978e-01
-1.561355945090010522e-01
-1.522629540660656033e-01
-1.554901544389526435e-01
-1.548447143673961079e-01
-1.451631131128117147e-01
-1.496811937405748694e-01
-1.548447143673961079e-01
-1.464539932997261928e-01
-1.380632719767280747e-01
-1.380632719767280747e-01
-1.509720739063418193e-01
-1.438722329198540706e-01
-1.387087120875669655e-01
-1.529083941436617522e-01
-1.535538342197497741e-01
-1.483903135687683061e-01
-1.535538342197497741e-01
-1.632354351799136793e-01
-1.632354351799136793e-01
-1.503266338242141842e-01
-1.567810345775395575e-01
-1.690443955930529540e-01
-1.541992742943278927e-01
-1.425813527208497078e-01
-1.574264746445681595e-01
-1.780805559929508064e-01
-1.671080754689135972e-01
-1.509720739063418193e-01
-1.580719147100868582e-01
-1.574264746445681595e-01
-1.477448734805975050e-01
-1.516175139869577748e-01
-1.587173547740992063e-01
-1.509720739063418193e-01
-1.445176730170878443e-01
-1.490357536554274276e-01
-1.561355945090010522e-01
-1.606536749570715017e-01
-1.554901544389526435e-01
-1.625899951264653254e-01
-1.774351159741840434e-01
-1.683989555531812954e-01
-1.593627948365998748e-01
-1.612991150150460129e-01
-1.645263152822806774e-01
-1.632354351799136793e-01
-1.664626354245175577e-01
-1.677535155118032861e-01
-1.664626354245175577e-01
-1.529083941436617522e-01
-1.561355945090010522e-01
-1.658171953786133912e-01
-1.587173547740992063e-01
-1.509720739063418193e-01
-1.561355945090010522e-01
-1.625899951264653254e-01
-1.554901544389526435e-01
-1.574264746445681595e-01
-1.832440760888474074e-01
-1.800168760402094392e-01
-1.600082348975906399e-01
-1.567810345775395575e-01
-1.600082348975906399e-01
-1.651717553312010978e-01
-1.600082348975906399e-01
-1.451631131128117147e-01
-1.664626354245175577e-01
-1.716261557374583191e-01
-1.574264746445681595e-01
-1.645263152822806774e-01
-1.580719147100868582e-01
-1.419359126190826714e-01
-1.451631131128117147e-01
-1.393541521968924002e-01
-1.290271102662146063e-01
-1.148274269790228175e-01
-1.096639056019519387e-01
-1.167637474704292799e-01
-1.199909482591490217e-01
-1.103093457793882237e-01
-1.077275850605481367e-01
-1.064367046920331461e-01
-9.610966152558120257e-02
-8.642805820430154995e-02
-9.546422131478493611e-02
-1.083730252425318952e-01
-9.417334088864315333e-02
-7.610101428504556509e-02
-9.933686255680385102e-02
-9.933686255680385102e-02
-8.255541678014921558e-02
-6.900117136490813152e-02
-8.707349843634659692e-02
-9.030069957379360801e-02
-7.287381298051265333e-02
-6.448308941085123536e-02
-8.126453629328267425e-02
-8.578261797073949424e-02
-6.448308941085123536e-02
-6.577396997675855062e-02
-7.997365580033921617e-02
-8.513717773565865343e-02
-6.577396997675855062e-02
-7.481013376779266366e-02
-9.288246045642978288e-02
-7.674645454139472633e-02
-6.641941025742958971e-02
-7.222837271504545242e-02
-7.351925324445929277e-02
-6.319220883886167428e-02
-5.609236558412433737e-02
-6.641941025742958971e-02
-6.835573109032111461e-02
-5.673780588761800914e-02
-5.867412678896855027e-02
-7.093749217955114261e-02
-6.577396997675855062e-02
-5.221972373118788369e-02
-5.286516404381735867e-02
-6.190132826078631467e-02
-5.351060435492271949e-02
-4.382899952842400637e-02
-5.351060435492271949e-02
-5.996500738226018257e-02
-5.480148497256820406e-02
-5.157428341703607089e-02
-4.899252214520366522e-02
-3.866547681412768611e-02
-3.479283471438421316e-02
-4.963796246544482926e-02
-5.996500738226018257e-02
-4.770164150014899462e-02
-3.802003646798191028e-02
-5.092884310136369663e-02
-5.480148497256820406e-02
-3.931091715874934778e-02
-3.737459612031202028e-02
-4.963796246544482926e-02
-5.157428341703607089e-02
-3.350195400227207188e-02
-3.221107328405992121e-02
-5.092884310136369663e-02
-5.157428341703607089e-02
-4.189267852199307640e-02
-4.770164150014899462e-02
-5.286516404381735867e-02
-3.802003646798191028e-02
-3.092019255974598479e-02
-5.480148497256820406e-02
-6.319220883886167428e-02
-3.479283471438421316e-02
-2.962931182933381535e-02
-4.576532052114146154e-02
-4.447443986085275469e-02
-2.962931182933381535e-02
-3.285651364392805363e-02
-4.318355919447114388e-02
-4.382899952842400637e-02
-3.737459612031202028e-02
-3.802003646798191028e-02
-4.576532052114146154e-02
-3.866547681412768611e-02
-2.575666960147593443e-02
-3.350195400227207188e-02
-4.770164150014899462e-02
-3.931091715874934778e-02
-2.962931182933381535e-02
-3.350195400227207188e-02
-4.318355919447114388e-02
-3.866547681412768611e-02
-2.833843109281630745e-02
-3.414739435909019960e-02
-2.962931182933381535e-02
-2.446578884664951659e-02
-2.446578884664951659e-02
-3.414739435909019960e-02
-4.511988019175916520e-02
-3.414739435909019960e-02
-3.027475219530195716e-02
-3.543827506815233619e-02
-2.833843109281630745e-02
-2.640210997659941938e-02
-3.285651364392805363e-02
-3.414739435909019960e-02
-2.446578884664951659e-02
-2.317490808571953664e-02
-3.156563292266589826e-02
-3.672915577111623975e-02
-2.317490808571953664e-02
-2.317490808571953664e-02
-4.382899952842400637e-02
-3.350195400227207188e-02
-1.607506379145462461e-02
-2.252946770296482271e-02
-3.931091715874934778e-02
-3.092019255974598479e-02
-1.930226576629401336e-02
-3.027475219530195716e-02
-3.802003646798191028e-02
-2.898387146183800667e-02
-2.317490808571953664e-02
-3.027475219530195716e-02
-2.962931182933381535e-02
-2.188402731868244189e-02
-1.801138498093912688e-02
-3.543827506815233619e-02
-2.769299072227049408e-02
-1.542962339190445675e-02
-2.511122922482478259e-02
-3.285651364392805363e-02
-1.672050418947534922e-02
-9.620659727222147239e-03
-2.640210997659941938e-02
-3.027475219530195716e-02
-2.059314654554178503e-02
-1.026610014052131703e-02
-2.769299072227049408e-02
-4.576532052114146154e-02
-3.350195400227207188e-02
-1.865682537438040356e-02
-2.898387146183800667e-02
-3.931091715874934778e-02
-6.393457637813071415e-03
-6.393457637813071415e-03
-3.866547681412768611e-02
-3.608371542039812141e-02
-1.542962339190445675e-02
-1.672050418947534922e-02
-3.156563292266589826e-02
-2.898387146183800667e-02
-2.059314654554178503e-02
-2.833843109281630745e-02
-3.479283471438421316e-02
-1.220242137124571968e-02
-9.620659727222147239e-03
-3.285651364392805363e-02
-3.608371542039812141e-02
-2.511122922482478259e-02
-2.252946770296482271e-02
-2.382034846694658370e-02
-1.994770615668173264e-02
-1.865682537438040356e-02
-1.801138498093912688e-02
-1.865682537438040356e-02
-2.059314654554178503e-02
-2.188402731868244189e-02
-2.640210997659941938e-02
-2.511122922482478259e-02
-1.091154055228926723e-02
-1.413874258822289676e-02
-1.865682537438040356e-02
-1.736594458597018331e-02
-2.898387146183800667e-02
-2.833843109281630745e-02
-2.511122922482478259e-02
-1.994770615668173264e-02
-1.542962339190445675e-02
-1.801138498093912688e-02
-2.446578884664951659e-02
-1.930226576629401336e-02
-1.349330218409150461e-02
-2.704755035019701381e-02
-2.704755035019701381e-02
-1.736594458597018331e-02
-1.865682537438040356e-02
-2.704755035019701381e-02
-2.382034846694658370e-02
-1.091154055228926723e-02
-1.478418299082662202e-02
-3.027475219530195716e-02
-1.801138498093912688e-02
-7.038898058750575615e-03
-2.382034846694658370e-02
-3.221107328405992121e-02
-3.221107328405992121e-02
-1.478418299082662202e-02
-1.607506379145462461e-02
-2.898387146183800667e-02
-1.736594458597018331e-02
5.869910650508458616e-03
-1.865682537438040356e-02
-2.833843109281630745e-02
-6.393457637813071415e-03
-1.672050418947534922e-02
-2.640210997659941938e-02
-2.382034846694658370e-02
-1.413874258822289676e-02
-1.026610014052131703e-02
-2.188402731868244189e-02
-2.123858693287594690e-02
-8.975219312397086924e-03
-2.188402731868244189e-02
-2.575666960147593443e-02
-1.478418299082662202e-02
-5.748017215344347619e-03
-1.542962339190445675e-02
-2.962931182933381535e-02
-2.575666960147593443e-02
-1.220242137124571968e-02
-8.975219312397086924e-03
-1.736594458597018331e-02
-2.382034846694658370e-02
-2.059314654554178503e-02
-2.123858693287594690e-02
-1.865682537438040356e-02
-9.620659727222147239e-03
-2.123858693287594690e-02
-3.092019255974598479e-02
-1.478418299082662202e-02
-6.393457637813071415e-03
-1.220242137124571968e-02
-2.059314654554178503e-02
-2.252946770296482271e-02
-5.102576791349733298e-03
-1.284786177843244559e-02
-2.898387146183800667e-02
-1.672050418947534922e-02
-6.393457637813071415e-03
-1.026610014052131703e-02
-2.317490808571953664e-02
-1.736594458597018331e-02
-1.026610014052131703e-02
-2.382034846694658370e-02
-2.833843109281630745e-02
-1.155698096253132690e-02
-1.091154055228926723e-02
-1.865682537438040356e-02
-1.413874258822289676e-02
-2.520815080082172699e-03
-1.413874258822289676e-02
-2.252946770296482271e-02
6.094665564937429281e-05
-3.811695938773951298e-03
-2.188402731868244189e-02
-7.684338478162189290e-03
-5.844937805772332240e-04
-1.284786177843244559e-02
-2.575666960147593443e-02
-2.317490808571953664e-02
-3.811695938773951298e-03
-7.038898058750575615e-03
-2.252946770296482271e-02
-1.413874258822289676e-02
-6.393457637813071415e-03
-1.349330218409150461e-02
-2.252946770296482271e-02
-1.155698096253132690e-02
3.288148859720507744e-03
-1.413874258822289676e-02
-3.156563292266589826e-02
-4.457136365825675739e-03
2.642708415846684034e-03
-1.349330218409150461e-02
-1.413874258822289676e-02
-5.748017215344347619e-03
-5.748017215344347619e-03
-1.865682537438040356e-02
-2.123858693287594690e-02
-8.975219312397086924e-03
-1.155698096253132690e-02
-2.123858693287594690e-02
-1.478418299082662202e-02
-4.457136365825675739e-03
-1.672050418947534922e-02
-2.833843109281630745e-02
-1.091154055228926723e-02
-1.229934215274397502e-03
-1.672050418947534922e-02
-2.059314654554178503e-02
-1.284786177843244559e-02
-1.026610014052131703e-02
-2.575666960147593443e-02
-2.769299072227049408e-02
-7.684338478162189290e-03
3.933589305121998336e-03
-1.026610014052131703e-02
-2.123858693287594690e-02
-7.684338478162189290e-03
-1.155698096253132690e-02
-2.446578884664951659e-02
-1.349330218409150461e-02
1.351827532689142686e-03
-7.684338478162189290e-03
-2.382034846694658370e-02
-1.542962339190445675e-02
-2.520815080082172699e-03
-1.026610014052131703e-02
-2.123858693287594690e-02
-1.478418299082662202e-02
-1.155698096253132690e-02
-1.736594458597018331e-02
-1.413874258822289676e-02
-7.684338478162189290e-03
-1.349330218409150461e-02
-2.511122922482478259e-02
-1.155698096253132690e-02
-1.875374648442118541e-03
-2.188402731868244189e-02
-3.543827506815233619e-02
-1.284786177843244559e-02
-5.748017215344347619e-03
-1.607506379145462461e-02
-1.672050418947534922e-02
-2.520815080082172699e-03
-4.457136365825675739e-03
-1.801138498093912688e-02
-2.317490808571953664e-02
-8.975219312397086924e-03
2.642708415846684034e-03
-1.607506379145462461e-02
-1.349330218409150461e-02
-3.166255510192783618e-03
-8.329778896044359726e-03
-2.188402731868244189e-02
-1.865682537438040356e-02
-3.811695938773951298e-03
-2.520815080082172699e-03
-1.930226576629401336e-02
-1.994770615668173264e-02
-1.229934215274397502e-03
-1.229934215274397502e-03
