-1.969239760946095430e-03
-4.551001447758551421e-03
-1.100540555781925889e-02
-5.196441865640721858e-03
8.357807230920499819e-03
1.352133087370077646e-02
4.485164563092780554e-03
-1.323799335422037871e-03
3.194283686053012161e-03
7.066926335525636205e-03
-3.291847978914574924e-05
1.903402815129240366e-03
1.223044995382416289e-02
1.158500949618179732e-02
-3.905561028346937746e-03
-5.196441865640721858e-03
5.776045446250321902e-03
-3.291847978914574924e-05
-7.778203521885629357e-03
-5.196441865640721858e-03
6.125219503214651695e-04
-9.714524748028807721e-03
-1.616892873589037549e-02
5.776045446250321902e-03
1.739397367006745299e-02
-5.841882281993449055e-03
-1.358716715907171135e-02
3.194283686053012161e-03
-3.260120607409433546e-03
-1.616892873589037549e-02
-6.783589083703134293e-04
1.610309273182153333e-02
1.903402815129240366e-03
-5.841882281993449055e-03
6.421485890124145612e-03
1.545765226499540290e-02
1.903402815129240366e-03
-6.487322696818509371e-03
-3.260120607409433546e-03
-6.783589083703134293e-04
-8.423643932127689027e-03
-1.358716715907171135e-02
-1.969239760946095430e-03
-2.614680184940709751e-03
-6.487322696818509371e-03
-3.291847978914574924e-05
3.839724123807286560e-03
-2.614680184940709751e-03
-9.714524748028807721e-03
-1.969239760946095430e-03
1.352133087370077646e-02
1.158500949618179732e-02
-1.100540555781925889e-02
-1.165084596042298415e-02
7.712366782458346393e-03
-2.614680184940709751e-03
-8.423643932127689027e-03
-1.323799335422037871e-03
6.421485890124145612e-03
6.125219503214651695e-04
-4.551001447758551421e-03
4.485164563092780554e-03
5.130605003905941430e-03
5.776045446250321902e-03
2.548843249826404644e-03
1.158500949618179732e-02
4.485164563092780554e-03
-1.035996515368786675e-02
-2.614680184940709751e-03
5.776045446250321902e-03
-2.614680184940709751e-03
-4.551001447758551421e-03
1.158500949618179732e-02
1.739397367006745299e-02
3.839724123807286560e-03
-6.487322696818509371e-03
3.839724123807286560e-03
1.093956904007065134e-02
-5.841882281993449055e-03
-1.681436912627809477e-02
2.548843249826404644e-03
1.158500949618179732e-02
-2.614680184940709751e-03
-2.614680184940709751e-03
6.125219503214651695e-04
-3.905561028346937746e-03
-7.778203521885629357e-03
-6.783589083703134293e-04
1.158500949618179732e-02
4.485164563092780554e-03
-7.132763110117679162e-03
-3.291847978914574924e-05
4.485164563092780554e-03
-8.423643932127689027e-03
-1.294172676105098674e-02
-6.783589083703134293e-04
9.648688132436689102e-03
2.548843249826404644e-03
-7.132763110117679162e-03
1.257962381961519327e-03
2.548843249826404644e-03
-9.069084340842081815e-03
-8.423643932127689027e-03
5.130605003905941430e-03
1.257962381961519327e-03
-9.069084340842081815e-03
-6.783589083703134293e-04
1.158500949618179732e-02
3.839724123807286560e-03
-1.423260755556654544e-02
5.776045446250321902e-03
1.287589041299952441e-02
-1.810524990247230903e-02
-2.004157105531589878e-02
6.125219503214651695e-04
-6.783589083703134293e-04
1.903402815129240366e-03
-3.905561028346937746e-03
-3.291847978914574924e-05
4.485164563092780554e-03
-4.551001447758551421e-03
-1.969239760946095430e-03
7.066926335525636205e-03
1.029412858548717224e-02
1.257962381961519327e-03
6.125219503214651695e-04
7.712366782458346393e-03
-6.783589083703134293e-04
-9.069084340842081815e-03
3.194283686053012161e-03
7.066926335525636205e-03
-7.132763110117679162e-03
-1.229628636150081888e-02
4.485164563092780554e-03
1.158500949618179732e-02
-1.323799335422037871e-03
-3.260120607409433546e-03
9.648688132436689102e-03
5.776045446250321902e-03
-1.165084596042298415e-02
-8.423643932127689027e-03
4.485164563092780554e-03
-3.905561028346937746e-03
-7.778203521885629357e-03
9.648688132436689102e-03
5.130605003905941430e-03
-3.260120607409433546e-03
-6.487322696818509371e-03
-3.260120607409433546e-03
4.485164563092780554e-03
-1.969239760946095430e-03
-1.100540555781925889e-02
2.548843249826404644e-03
5.776045446250321902e-03
-1.229628636150081888e-02
-1.294172676105098674e-02
5.130605003905941430e-03
9.648688132436689102e-03
-3.260120607409433546e-03
-1.100540555781925889e-02
-6.487322696818509371e-03
-9.069084340842081815e-03
-6.487322696818509371e-03
4.485164563092780554e-03
1.352133087370077646e-02
-9.714524748028807721e-03
-1.100540555781925889e-02
6.421485890124145612e-03
1.287589041299952441e-02
-6.783589083703134293e-04
-5.841882281993449055e-03
3.839724123807286560e-03
5.130605003905941430e-03
2.548843249826404644e-03
5.130605003905941430e-03
1.545765226499540290e-02
2.548843249826404644e-03
-1.552348834397676569e-02
-8.423643932127689027e-03
-2.614680184940709751e-03
-1.969239760946095430e-03
4.485164563092780554e-03
1.257962381961519327e-03
-3.291847978914574924e-05
-1.294172676105098674e-02
-1.487804795053548901e-02
1.257962381961519327e-03
1.223044995382416289e-02
3.839724123807286560e-03
-1.035996515368786675e-02
-4.551001447758551421e-03
-3.905561028346937746e-03
-8.423643932127689027e-03
1.257962381961519327e-03
8.357807230920499819e-03
6.125219503214651695e-04
-4.551001447758551421e-03
-6.783589083703134293e-04
1.158500949618179732e-02
1.903402815129240366e-03
-2.614680184940709751e-03
4.485164563092780554e-03
5.130605003905941430e-03
-6.487322696818509371e-03
-1.939613067256118484e-02
-3.905561028346937746e-03
9.003247680912096484e-03
-3.291847978914574924e-05
-1.100540555781925889e-02
-1.323799335422037871e-03
-6.783589083703134293e-04
-1.165084596042298415e-02
-4.551001447758551421e-03
1.158500949618179732e-02
7.066926335525636205e-03
-5.841882281993449055e-03
5.776045446250321902e-03
1.416677133593502447e-02
-1.323799335422037871e-03
-8.423643932127689027e-03
7.066926335525636205e-03
1.868485461443469831e-02
-1.969239760946095430e-03
-1.035996515368786675e-02
-3.905561028346937746e-03
-1.969239760946095430e-03
-4.551001447758551421e-03
-1.969239760946095430e-03
4.485164563092780554e-03
1.257962381961519327e-03
-9.714524748028807721e-03
6.125219503214651695e-04
1.868485461443469831e-02
1.674853320017888336e-02
-3.260120607409433546e-03
2.548843249826404644e-03
1.352133087370077646e-02
-3.291847978914574924e-05
-1.423260755556654544e-02
5.130605003905941430e-03
2.965734288891930248e-02
6.125219503214651695e-04
-9.714524748028807721e-03
1.481221179970049207e-02
5.130605003905941430e-03
-1.487804795053548901e-02
-6.487322696818509371e-03
8.357807230920499819e-03
-1.323799335422037871e-03
-1.810524990247230903e-02
-1.681436912627809477e-02
3.839724123807286560e-03
5.776045446250321902e-03
-4.551001447758551421e-03
3.839724123807286560e-03
4.485164563092780554e-03
-5.841882281993449055e-03
-9.069084340842081815e-03
6.421485890124145612e-03
1.287589041299952441e-02
-6.783589083703134293e-04
-1.323799335422037871e-03
8.357807230920499819e-03
6.125219503214651695e-04
-9.069084340842081815e-03
3.194283686053012161e-03
9.003247680912096484e-03
-5.196441865640721858e-03
-1.745980951513814716e-02
3.194283686053012161e-03
9.003247680912096484e-03
-9.069084340842081815e-03
-1.035996515368786675e-02
-6.783589083703134293e-04
6.125219503214651695e-04
-9.714524748028807721e-03
-8.423643932127689027e-03
2.548843249826404644e-03
-4.551001447758551421e-03
-1.100540555781925889e-02
-3.260120607409433546e-03
3.839724123807286560e-03
6.125219503214651695e-04
-3.260120607409433546e-03
-1.323799335422037871e-03
-1.969239760946095430e-03
-1.423260755556654544e-02
-1.423260755556654544e-02
2.548843249826404644e-03
1.416677133593502447e-02
7.712366782458346393e-03
-1.323799335422037871e-03
-2.614680184940709751e-03
-9.069084340842081815e-03
1.257962381961519327e-03
3.194283686053012161e-03
4.485164563092780554e-03
1.158500949618179732e-02
-7.132763110117679162e-03
-2.649597479893017749e-02
-4.973182701341372081e-02
-9.426720491221729503e-02
-1.110486497817895213e-01
-8.587648209296716573e-02
-9.943072651970297215e-02
-1.078214489249074148e-01
-1.013670470974883386e-01
-8.974912342602614501e-02
-8.845824298774473959e-02
-9.684896572809442716e-02
-8.523104186547669769e-02
-7.684031876993557830e-02
-9.362176470445504606e-02
-1.071760087489845858e-01
-1.078214489249074148e-01
-1.020124872870518118e-01
-1.129849702777381282e-01
-1.239574528306963686e-01
-1.078214489249074148e-01
-9.684896572809442716e-02
-1.104032096134428542e-01
-1.181484915336312724e-01
-1.071760087489845858e-01
-1.020124872870518118e-01
-1.175030513819468325e-01
-1.252483331022844482e-01
-1.162121710740304792e-01
-1.104032096134428542e-01
-1.104032096134428542e-01
-1.123395301139371583e-01
-1.123395301139371583e-01
-1.149212907600567490e-01
-1.271846534983200883e-01
-1.317027343694547881e-01
-1.207302521252415772e-01
-1.181484915336312724e-01
-1.226665725530544648e-01
-1.194393718324651132e-01
-1.142758506007979236e-01
-1.168576112287453839e-01
-1.187939316838058090e-01
-1.058851283925950071e-01
-1.000761667138139188e-01
-1.104032096134428542e-01
-1.155667309177985658e-01
-1.162121710740304792e-01
-1.258937732358109685e-01
-1.375116953806063691e-01
-1.258937732358109685e-01
-1.162121710740304792e-01
-1.258937732358109685e-01
-1.355753750571633276e-01
-1.278300936273062405e-01
-1.200848119796091851e-01
-1.323481744878538535e-01
-1.420297760824080768e-01
-1.246028929672480245e-01
-1.136304104400256421e-01
-1.246028929672480245e-01
-1.200848119796091851e-01
-1.187939316838058090e-01
-1.129849702777381282e-01
-1.278300936273062405e-01
-1.284755337547789367e-01
-1.071760087489845858e-01
-1.071760087489845858e-01
-1.091123292722038229e-01
-1.207302521252415772e-01
-1.252483331022844482e-01
-1.304118541281233945e-01
-1.349299349463244369e-01
-1.246028929672480245e-01
-1.097577694435809548e-01
-1.187939316838058090e-01
-1.310572942495458193e-01
-1.284755337547789367e-01
-1.310572942495458193e-01
-1.465478567101712315e-01
-1.536476975471359196e-01
-1.362208151664887623e-01
-1.336390547201133927e-01
-1.465478567101712315e-01
-1.413843359866842064e-01
-1.239574528306963686e-01
-1.304118541281233945e-01
-1.446115364501938672e-01
-1.446115364501938672e-01
-1.342844948339756428e-01
-1.433206562693225550e-01
-1.530022574785974143e-01
-1.413843359866842064e-01
-1.349299349463244369e-01
-1.549385776796832204e-01
-1.555840177436955685e-01
-1.510659372639242548e-01
-1.607475382014484921e-01
-1.839833790671026037e-01
-1.846288190632741077e-01
-1.607475382014484921e-01
-1.601020981495100415e-01
-1.652656185227776575e-01
-1.672019386378682526e-01
-1.523568174085490057e-01
-1.530022574785974143e-01
-1.659110585626493162e-01
-1.568748978671870020e-01
-1.504204971893461362e-01
-1.594566580960616875e-01
-1.633292983941139198e-01
-1.549385776796832204e-01
-1.536476975471359196e-01
-1.484841769565541370e-01
-1.484841769565541370e-01
-1.530022574785974143e-01
-1.562294578061962369e-01
-1.646201784813996483e-01
-1.613929782518770395e-01
-1.426752161766220439e-01
-1.426752161766220439e-01
-1.575203379266678638e-01
-1.439660963605131627e-01
-1.317027343694547881e-01
-1.555840177436955685e-01
-1.633292983941139198e-01
-1.452569765383646683e-01
-1.510659372639242548e-01
-1.484841769565541370e-01
-1.530022574785974143e-01
-1.542931376141645217e-01
-1.433206562693225550e-01
-1.568748978671870020e-01
-1.542931376141645217e-01
-1.342844948339756428e-01
-1.336390547201133927e-01
-1.439660963605131627e-01
-1.530022574785974143e-01
-1.517113773369924701e-01
-1.504204971893461362e-01
-1.581657779846423750e-01
-1.413843359866842064e-01
-1.323481744878538535e-01
-1.517113773369924701e-01
-1.697836987702121547e-01
-1.601020981495100415e-01
-1.471932967938105463e-01
-1.510659372639242548e-01
-1.542931376141645217e-01
-1.484841769565541370e-01
-1.478387368759381815e-01
-1.581657779846423750e-01
-1.607475382014484921e-01
-1.562294578061962369e-01
-1.549385776796832204e-01
-1.620384183007974599e-01
-1.478387368759381815e-01
-1.497750571132581143e-01
-1.646201784813996483e-01
-1.633292983941139198e-01
-1.459024166250237897e-01
-1.381571354853985412e-01
-1.517113773369924701e-01
-1.517113773369924701e-01
-1.452569765383646683e-01
-1.484841769565541370e-01
-1.594566580960616875e-01
-1.594566580960616875e-01
-1.530022574785974143e-01
-1.659110585626493162e-01
-1.755926589798075810e-01
-1.542931376141645217e-01
-1.471932967938105463e-01
-1.678473786732155304e-01
-1.814016190673530815e-01
-1.755926589798075810e-01
-1.684928187070546812e-01
-1.736563389235055155e-01
-1.717200188536409655e-01
-1.542931376141645217e-01
-1.497750571132581143e-01
-1.607475382014484921e-01
-1.659110585626493162e-01
-1.517113773369924701e-01
-1.530022574785974143e-01
-1.581657779846423750e-01
-1.542931376141645217e-01
-1.329936146047394629e-01
-1.452569765383646683e-01
-1.601020981495100415e-01
-1.484841769565541370e-01
-1.471932967938105463e-01
-1.639747384385099593e-01
-1.665564986010128479e-01
-1.517113773369924701e-01
-1.478387368759381815e-01
-1.633292983941139198e-01
-1.626838583482097533e-01
-1.530022574785974143e-01
-1.594566580960616875e-01
-1.646201784813996483e-01
-1.646201784813996483e-01
-1.601020981495100415e-01
-1.639747384385099593e-01
-1.749472189625471685e-01
-1.613929782518770395e-01
-1.542931376141645217e-01
-1.672019386378682526e-01
-1.659110585626493162e-01
-1.568748978671870020e-01
-1.517113773369924701e-01
-1.697836987702121547e-01
-1.768835390098058014e-01
-1.943104188252355868e-01
-2.433638524225951727e-01
-2.891900786218251085e-01
-3.033897528173454816e-01
-3.079078308191167679e-01
-3.188803056623399357e-01
-3.298527800753081607e-01
-3.072623911090506255e-01
-2.717632047581233223e-01
-2.562726492979106041e-01
-2.569180891259570387e-01
-2.478819313970941351e-01
-2.252915357901805748e-01
-2.188371367078811858e-01
-2.259369756901552506e-01
-2.149644971864415055e-01
-2.039920182487016120e-01
-2.039920182487016120e-01
-2.130281774054498811e-01
-2.027011383451213788e-01
-1.891468989943305701e-01
-2.001193785199184560e-01
-2.052828981462724300e-01
-1.962467387370008254e-01
-1.930195388765376663e-01
-2.039920182487016120e-01
-2.033465782976637826e-01
-1.814016190673530815e-01
-1.820470590695482116e-01
-2.052828981462724300e-01
-2.001193785199184560e-01
-1.781744190337803957e-01
-1.775289790225471620e-01
-1.814016190673530815e-01
-1.672019386378682526e-01
-1.646201784813996483e-01
-1.755926589798075810e-01
-1.846288190632741077e-01
-1.775289790225471620e-01
-1.510659372639242548e-01
-1.717200188536409655e-01
-1.801107390584437695e-01
-1.575203379266678638e-01
-1.568748978671870020e-01
-1.723654588784366837e-01
-1.807561790636516008e-01
-1.665564986010128479e-01
-1.646201784813996483e-01
-1.788198590435072788e-01
-1.755926589798075810e-01
-1.704291387995287010e-01
-1.846288190632741077e-01
-1.962467387370008254e-01
-1.859196990511033931e-01
-1.678473786732155304e-01
-1.730108989017242749e-01
-1.788198590435072788e-01
-1.691382587393874815e-01
-1.639747384385099593e-01
-1.743017789437804055e-01
-1.820470590695482116e-01
-1.852742590579428139e-01
-2.052828981462724300e-01
-2.298096150585031694e-01
-2.156099371104378548e-01
-1.904377789610851579e-01
-1.943104188252355868e-01
-2.214188963588110681e-01
-2.091555378029070766e-01
-1.846288190632741077e-01
-1.930195388765376663e-01
-1.981830586352266721e-01
-1.904377789610851579e-01
-1.846288190632741077e-01
-1.923740988999309565e-01
-1.904377789610851579e-01
-1.788198590435072788e-01
-1.730108989017242749e-01
-1.885014590086964148e-01
-1.936649788516398019e-01
-1.743017789437804055e-01
-1.697836987702121547e-01
-1.891468989943305701e-01
-1.910832189422073668e-01
-1.775289790225471620e-01
-1.781744190337803957e-01
-1.904377789610851579e-01
-1.872105790329090524e-01
-1.762380989955616428e-01
-1.788198590435072788e-01
-1.788198590435072788e-01
-1.659110585626493162e-01
-1.646201784813996483e-01
-1.755926589798075810e-01
-1.781744190337803957e-01
-1.626838583482097533e-01
-1.581657779846423750e-01
-1.730108989017242749e-01
-1.749472189625471685e-01
-1.704291387995287010e-01
-1.678473786732155304e-01
-1.885014590086964148e-01
-1.923740988999309565e-01
-1.581657779846423750e-01
-1.704291387995287010e-01
-2.020556983910761772e-01
-2.130281774054498811e-01
-2.362640138857603489e-01
-2.588544086011150824e-01
-2.556272094683702534e-01
-2.323913746074026676e-01
-2.162553770329278535e-01
-2.272278554856050903e-01
-2.349731341323053613e-01
-2.285187352750543965e-01
-2.562726492979106041e-01
-2.807993617122566121e-01
-2.678905659738273215e-01
-2.388457733746829348e-01
-2.246460958887031012e-01
-2.291641751675292937e-01
-2.123827374754476693e-01
-2.007648184784738277e-01
-2.104464176764295757e-01
-2.169008169539186071e-01
-2.039920182487016120e-01
-1.814016190673530815e-01
-1.956012987679169868e-01
-2.065737780378285038e-01
-1.878560190215559089e-01
-1.839833790671026037e-01
-1.994739385598585102e-01
-2.156099371104378548e-01
-2.149644971864415055e-01
-2.027011383451213788e-01
-2.072192179813505675e-01
-2.104464176764295757e-01
-1.904377789610851579e-01
-1.872105790329090524e-01
-2.065737780378285038e-01
-2.085100978638916303e-01
-1.981830586352266721e-01
-2.059283380928018659e-01
-2.123827374754476693e-01
-2.078646579233733860e-01
-2.091555378029070766e-01
-2.233552160812486420e-01
-2.252915357901805748e-01
-2.136736173339492950e-01
-2.214188963588110681e-01
-2.298096150585031694e-01
-2.201280165363499464e-01
-2.085100978638916303e-01
-2.059283380928018659e-01
-2.136736173339492950e-01
-2.117372975439444360e-01
-1.988284985982939901e-01
-1.981830586352266721e-01
-2.033465782976637826e-01
-1.930195388765376663e-01
-1.910832189422073668e-01
-2.052828981462724300e-01
-2.110918576109384048e-01
-2.072192179813505675e-01
-1.826924990702387674e-01
-2.072192179813505675e-01
-2.233552160812486420e-01
-2.065737780378285038e-01
-2.078646579233733860e-01
-2.169008169539186071e-01
-2.052828981462724300e-01
-1.736563389235055155e-01
-1.646201784813996483e-01
-1.743017789437804055e-01
-1.659110585626493162e-01
-1.465478567101712315e-01
-1.439660963605131627e-01
-1.446115364501938672e-01
-1.278300936273062405e-01
-1.149212907600567490e-01
-1.200848119796091851e-01
-1.258937732358109685e-01
-1.200848119796091851e-01
-1.065305685715483008e-01
-1.155667309177985658e-01
-1.194393718324651132e-01
-1.052396882121282573e-01
-1.052396882121282573e-01
-1.129849702777381282e-01
-1.097577694435809548e-01
-1.020124872870518118e-01
-9.491264511846253527e-02
-9.555808532318899040e-02
-9.491264511846253527e-02
-9.104000385823951547e-02
-9.297632449517756470e-02
-9.620352552640021315e-02
-9.039456364289222279e-02
-9.039456364289222279e-02
-8.974912342602614501e-02
-1.026579274750982762e-01
-9.491264511846253527e-02
-8.200384070525501556e-02
-9.878528632407501675e-02
-1.007216069064096331e-01
-8.264928094033585637e-02
-7.748575901716669989e-02
-8.845824298774473959e-02
-9.168544407206979940e-02
-7.619487852118567162e-02
-7.748575901716669989e-02
-8.652192231893707230e-02
-8.394016140594295905e-02
-7.232223699677575723e-02
-7.167679673738902579e-02
-8.781280276632585924e-02
-7.877663950707258778e-02
-6.134975238044759749e-02
-6.651327460757272547e-02
-6.715871487912039584e-02
-6.586783433450449365e-02
-6.844959541765582856e-02
-6.715871487912039584e-02
-6.780415514914750474e-02
-6.393151350617642947e-02
-5.424990915918570522e-02
-6.393151350617642947e-02
-7.942207974974557771e-02
-6.199519266416153584e-02
-6.586783433450449365e-02
-7.813119926287903638e-02
-6.264063294635491275e-02
-5.489534945963647772e-02
-6.264063294635491275e-02
-6.909503568464181456e-02
-6.199519266416153584e-02
-5.424990915918570522e-02
-5.876799123038267680e-02
-6.264063294635491275e-02
-4.585918511480002735e-02
-4.069566249802036850e-02
-5.683167035185654470e-02
-5.295902855372069951e-02
-4.134110283044911682e-02
-5.489534945963647772e-02
-7.038591621405565490e-02
-6.199519266416153584e-02
-3.811390115306423354e-02
-4.069566249802036850e-02
-5.876799123038267680e-02
-4.456830446974535676e-02
-3.682302047144325741e-02
-5.360446885721437127e-02
-5.683167035185654470e-02
-4.715006575376179399e-02
-4.973182701341372081e-02
-5.876799123038267680e-02
-5.360446885721437127e-02
-3.165949768398057529e-02
-3.036861697186843401e-02
-5.102270763410210463e-02
-5.102270763410210463e-02
-3.746846081301491438e-02
-3.746846081301491438e-02
-5.037726732451908163e-02
-5.295902855372069951e-02
-3.875934149158943853e-02
-4.198654316135552733e-02
-5.554078975856491240e-02
-4.585918511480002735e-02
-2.907773625365628334e-02
-3.230493803774869832e-02
-4.263198349073782367e-02
-4.715006575376179399e-02
-4.134110283044911682e-02
-3.424125908990838241e-02
-3.940478182859052936e-02
-3.940478182859052936e-02
-4.069566249802036850e-02
-4.973182701341372081e-02
-4.198654316135552733e-02
-2.714141516489831929e-02
-3.488669943757827241e-02
-4.198654316135552733e-02
-3.553213978372404824e-02
-3.165949768398057529e-02
-3.746846081301491438e-02
-3.940478182859052936e-02
-4.263198349073782367e-02
-1.552348834397676569e-02
-2.714141516489831929e-02
-5.554078975856491240e-02
-4.005022216406750601e-02
-4.263198349073782367e-02
-5.102270763410210463e-02
-4.521374479303297278e-02
-3.230493803774869832e-02
-3.230493803774869832e-02
-4.134110283044911682e-02
-4.005022216406750601e-02
-3.230493803774869832e-02
-3.682302047144325741e-02
-3.553213978372404824e-02
-2.391421331979337594e-02
-1.616892873589037549e-02
-2.778685552934234693e-02
-4.392286414493185021e-02
-4.327742381859778220e-02
-3.359581874071260188e-02
-3.295037838999448354e-02
-3.617758012834570991e-02
-2.778685552934234693e-02
-1.939613067256118484e-02
-2.843229589226226040e-02
-3.553213978372404824e-02
-2.714141516489831929e-02
-3.488669943757827241e-02
-4.134110283044911682e-02
-2.649597479893017749e-02
-1.875069028827880402e-02
-3.165949768398057529e-02
-3.165949768398057529e-02
-2.391421331979337594e-02
-2.585053443143436880e-02
-3.553213978372404824e-02
-3.230493803774869832e-02
-1.294172676105098674e-02
-2.326877294619578151e-02
-4.456830446974535676e-02
-3.553213978372404824e-02
-2.649597479893017749e-02
-2.520509406241266959e-02
-2.714141516489831929e-02
-2.972317661352441576e-02
-2.391421331979337594e-02
-2.262333257107229656e-02
-3.488669943757827241e-02
-3.230493803774869832e-02
-2.455965369186685621e-02
-3.101405732868656173e-02
-3.359581874071260188e-02
-2.907773625365628334e-02
-2.133245181624587872e-02
-2.907773625365628334e-02
-3.940478182859052936e-02
-2.520509406241266959e-02
-1.745980951513814716e-02
-3.295037838999448354e-02
-3.553213978372404824e-02
-2.843229589226226040e-02
-2.714141516489831929e-02
-3.424125908990838241e-02
-4.005022216406750601e-02
-1.745980951513814716e-02
-8.423643932127689027e-03
-3.682302047144325741e-02
-3.359581874071260188e-02
-2.455965369186685621e-02
-3.553213978372404824e-02
-3.875934149158943853e-02
-2.068701143654294583e-02
-1.229628636150081888e-02
-2.455965369186685621e-02
-2.326877294619578151e-02
-1.035996515368786675e-02
-1.487804795053548901e-02
-4.198654316135552733e-02
-3.295037838999448354e-02
-8.423643932127689027e-03
-7.778203521885629357e-03
-2.843229589226226040e-02
-2.907773625365628334e-02
-1.552348834397676569e-02
-1.552348834397676569e-02
-3.101405732868656173e-02
-3.230493803774869832e-02
-1.552348834397676569e-02
-2.326877294619578151e-02
-3.875934149158943853e-02
-2.972317661352441576e-02
-3.260120607409433546e-03
-1.294172676105098674e-02
-3.811390115306423354e-02
-2.714141516489831929e-02
-1.745980951513814716e-02
-2.907773625365628334e-02
-2.907773625365628334e-02
-1.745980951513814716e-02
-1.358716715907171135e-02
-2.714141516489831929e-02
-4.198654316135552733e-02
-2.585053443143436880e-02
-5.841882281993449055e-03
-2.004157105531589878e-02
-3.230493803774869832e-02
-1.875069028827880402e-02
-1.616892873589037549e-02
-2.004157105531589878e-02
-2.068701143654294583e-02
-1.035996515368786675e-02
-7.132763110117679162e-03
-1.939613067256118484e-02
-2.778685552934234693e-02
-1.875069028827880402e-02
-1.552348834397676569e-02
-2.585053443143436880e-02
-2.714141516489831929e-02
-2.262333257107229656e-02
-2.585053443143436880e-02
-2.068701143654294583e-02
-2.614680184940709751e-03
-7.778203521885629357e-03
-3.811390115306423354e-02
-2.907773625365628334e-02
-4.551001447758551421e-03
-1.229628636150081888e-02
-1.681436912627809477e-02
-2.262333257107229656e-02
-1.681436912627809477e-02
-2.197789219442114472e-02
-3.101405732868656173e-02
-1.552348834397676569e-02
-7.132763110117679162e-03
-2.004157105531589878e-02
-2.262333257107229656e-02
-1.810524990247230903e-02
-1.681436912627809477e-02
-1.810524990247230903e-02
-2.326877294619578151e-02
-2.004157105531589878e-02
-1.035996515368786675e-02
-1.875069028827880402e-02
-2.262333257107229656e-02
-7.778203521885629357e-03
-1.616892873589037549e-02
-2.197789219442114472e-02
-1.229628636150081888e-02
-1.035996515368786675e-02
-2.133245181624587872e-02
-2.520509406241266959e-02
-1.681436912627809477e-02
-9.714524748028807721e-03
-1.487804795053548901e-02
-2.004157105531589878e-02
-1.100540555781925889e-02
-9.714524748028807721e-03
-2.326877294619578151e-02
-2.391421331979337594e-02
-1.681436912627809477e-02
-1.229628636150081888e-02
-1.875069028827880402e-02
-1.681436912627809477e-02
-3.260120607409433546e-03
-1.358716715907171135e-02
-2.778685552934234693e-02
-2.197789219442114472e-02
-1.487804795053548901e-02
-1.423260755556654544e-02
-1.939613067256118484e-02
-1.294172676105098674e-02
-9.714524748028807721e-03
-2.843229589226226040e-02
-2.843229589226226040e-02
-1.035996515368786675e-02
-1.035996515368786675e-02
-2.262333257107229656e-02
-2.520509406241266959e-02
-1.294172676105098674e-02
-9.714524748028807721e-03
-2.326877294619578151e-02
-1.552348834397676569e-02
-9.069084340842081815e-03
-1.939613067256118484e-02
-2.907773625365628334e-02
-2.004157105531589878e-02
-1.358716715907171135e-02
-1.100540555781925889e-02
-2.714141516489831929e-02
-1.745980951513814716e-02
-5.841882281993449055e-03
-1.616892873589037549e-02
-1.616892873589037549e-02
-8.423643932127689027e-03
-8.423643932127689027e-03
-8.423643932127689027e-03
-1.810524990247230903e-02
-2.585053443143436880e-02
-9.069084340842081815e-03
-7.778203521885629357e-03
-1.358716715907171135e-02
-1.487804795053548901e-02
-1.294172676105098674e-02
-2.326877294619578151e-02
-2.391421331979337594e-02
-1.358716715907171135e-02
-1.358716715907171135e-02
-2.391421331979337594e-02
-2.133245181624587872e-02
-9.069084340842081815e-03
-1.487804795053548901e-02
-2.649597479893017749e-02
-2.391421331979337594e-02
-2.197789219442114472e-02
-2.262333257107229656e-02
-2.907773625365628334e-02
-1.487804795053548901e-02
5.130605003905941430e-03
-9.714524748028807721e-03
-3.165949768398057529e-02
-1.875069028827880402e-02
-3.905561028346937746e-03
-9.069084340842081815e-03
-1.423260755556654544e-02
-1.681436912627809477e-02
-5.841882281993449055e-03
-1.294172676105098674e-02
-2.326877294619578151e-02
-1.552348834397676569e-02
-7.132763110117679162e-03
-2.004157105531589878e-02
-2.133245181624587872e-02
-8.423643932127689027e-03
-8.423643932127689027e-03
-2.133245181624587872e-02
-2.197789219442114472e-02
-1.165084596042298415e-02
-1.552348834397676569e-02
-2.262333257107229656e-02
-1.616892873589037549e-02
-1.323799335422037871e-03
-5.196441865640721858e-03
-2.068701143654294583e-02
-1.294172676105098674e-02
-3.905561028346937746e-03
-2.068701143654294583e-02
-3.617758012834570991e-02
-3.260120607409433546e-03
1.903402815129240366e-03
-1.681436912627809477e-02
