6.542737629468220462e-03
-5.720630862271036676e-03
-5.075190429103315637e-03
7.188178091702468464e-03
7.833618555467936062e-03
-1.202547797982234101e-03
-5.720630862271036676e-03
2.670094888204133099e-03
8.833309129308020147e-05
-1.282047552622600506e-02
-6.366071293911090834e-03
5.897297168766968412e-03
2.670094888204133099e-03
-1.023871385164198955e-02
-6.366071293911090834e-03
3.960975795838095337e-03
-5.571073541084103908e-04
-1.475679676611818536e-02
-1.733855839792042275e-02
1.379213986687943816e-03
7.337735382257903893e-04
-7.011511724021701752e-03
3.960975795838095337e-03
1.170626137020214230e-02
-8.302392579654593874e-03
-1.282047552622600506e-02
-8.947833005178651433e-03
-1.202547797982234101e-03
7.337735382257903893e-04
-6.366071293911090834e-03
-3.784309558179543842e-03
7.337735382257903893e-04
-9.593273429173265754e-03
1.379213986687943816e-03
9.769939955946327359e-03
8.833309129308020147e-05
-5.720630862271036676e-03
-1.202547797982234101e-03
7.833618555467936062e-03
2.024654436679540481e-03
-1.282047552622600506e-02
-5.720630862271036676e-03
7.337735382257903893e-04
-3.784309558179543842e-03
-7.656952152602869432e-03
1.379213986687943816e-03
7.188178091702468464e-03
-5.720630862271036676e-03
-1.847988240326614573e-03
2.024654436679540481e-03
8.833309129308020147e-05
-2.493428681139775449e-03
-5.720630862271036676e-03
7.337735382257903893e-04
2.024654436679540481e-03
-4.429749994406151359e-03
-1.202547797982234101e-03
7.833618555467936062e-03
3.960975795838095337e-03
-7.656952152602869432e-03
-6.366071293911090834e-03
5.251856709591606887e-03
2.670094888204133099e-03
-7.011511724021701752e-03
3.315535341254616242e-03
2.024654436679540481e-03
-1.202547797982234101e-03
-3.138869120425269443e-03
-8.947833005178651433e-03
3.960975795838095337e-03
2.024654436679540481e-03
7.337735382257903893e-04
9.769939955946327359e-03
7.833618555467936062e-03
-5.720630862271036676e-03
-8.302392579654593874e-03
4.606416251949241314e-03
5.897297168766968412e-03
-5.720630862271036676e-03
-1.847988240326614573e-03
8.479059020762846899e-03
8.833309129308020147e-05
-9.593273429173265754e-03
-5.720630862271036676e-03
3.960975795838095337e-03
3.960975795838095337e-03
-9.593273429173265754e-03
2.024654436679540481e-03
1.299714232069604236e-02
-2.493428681139775449e-03
-8.302392579654593874e-03
8.479059020762846899e-03
1.428802327731482080e-02
-7.656952152602869432e-03
-3.138869120425269443e-03
1.751522569566432708e-02
4.606416251949241314e-03
-1.023871385164198955e-02
-5.571073541084103908e-04
7.188178091702468464e-03
8.833309129308020147e-05
-1.540223717636024503e-02
-7.656952152602869432e-03
6.542737629468220462e-03
-5.571073541084103908e-04
-9.593273429173265754e-03
-6.366071293911090834e-03
-1.202547797982234101e-03
-1.202547797982234101e-03
-1.088415427257949375e-02
2.024654436679540481e-03
1.235170184468437071e-02
-3.784309558179543842e-03
1.379213986687943816e-03
7.188178091702468464e-03
2.024654436679540481e-03
-8.302392579654593874e-03
-7.656952152602869432e-03
-5.571073541084103908e-04
-5.571073541084103908e-04
-7.011511724021701752e-03
-1.847988240326614573e-03
5.897297168766968412e-03
1.235170184468437071e-02
-5.571073541084103908e-04
-1.088415427257949375e-02
-5.571073541084103908e-04
7.337735382257903893e-04
-1.202547797982234101e-03
7.337735382257903893e-04
6.542737629468220462e-03
3.960975795838095337e-03
-3.138869120425269443e-03
4.606416251949241314e-03
4.606416251949241314e-03
-8.302392579654593874e-03
-1.023871385164198955e-02
2.670094888204133099e-03
8.479059020762846899e-03
-4.429749994406151359e-03
-5.571073541084103908e-04
1.106082089725290984e-02
-1.847988240326614573e-03
-1.669311799226136372e-02
8.833309129308020147e-05
1.816066618393108456e-02
2.024654436679540481e-03
-1.798399880205181489e-02
-7.011511724021701752e-03
-5.571073541084103908e-04
-5.075190429103315637e-03
-3.784309558179543842e-03
5.251856709591606887e-03
7.833618555467936062e-03
-2.493428681139775449e-03
-2.185664119476804501e-02
-5.075190429103315637e-03
4.606416251949241314e-03
-7.656952152602869432e-03
-1.088415427257949375e-02
2.670094888204133099e-03
1.106082089725290984e-02
-1.202547797982234101e-03
-9.593273429173265754e-03
1.379213986687943816e-03
3.960975795838095337e-03
-2.493428681139775449e-03
2.024654436679540481e-03
9.124499487588977331e-03
3.960975795838095337e-03
-1.282047552622600506e-02
1.041538042583489698e-02
2.332419014521036615e-02
-5.571073541084103908e-04
-1.540223717636024503e-02
7.337735382257903893e-04
2.024654436679540481e-03
-1.282047552622600506e-02
-1.282047552622600506e-02
1.379213986687943816e-03
9.124499487588977331e-03
3.315535341254616242e-03
8.833309129308020147e-05
8.479059020762846899e-03
1.364258279824070996e-02
-1.152959469199110742e-02
7.337735382257903893e-04
6.542737629468220462e-03
-1.023871385164198955e-02
-7.011511724021701752e-03
1.379213986687943816e-03
6.542737629468220462e-03
3.960975795838095337e-03
-7.011511724021701752e-03
-3.138869120425269443e-03
5.897297168766968412e-03
-5.571073541084103908e-04
-3.784309558179543842e-03
-2.493428681139775449e-03
-4.429749994406151359e-03
-8.947833005178651433e-03
-3.138869120425269443e-03
7.833618555467936062e-03
1.379213986687943816e-03
-1.604767758507463782e-02
-1.023871385164198955e-02
1.170626137020214230e-02
9.769939955946327359e-03
-3.138869120425269443e-03
4.606416251949241314e-03
1.557890424006025398e-02
5.897297168766968412e-03
-1.217503510987327786e-02
-7.011511724021701752e-03
2.670094888204133099e-03
-2.493428681139775449e-03
-5.571073541084103908e-04
6.542737629468220462e-03
2.024654436679540481e-03
-7.656952152602869432e-03
-1.798399880205181489e-02
-1.088415427257949375e-02
-5.571073541084103908e-04
-4.429749994406151359e-03
-3.138869120425269443e-03
8.479059020762846899e-03
2.670094888204133099e-03
-7.656952152602869432e-03
1.379213986687943816e-03
1.622434472372979997e-02
3.315535341254616242e-03
-3.784309558179543842e-03
-5.571073541084103908e-04
-5.075190429103315637e-03
-8.947833005178651433e-03
-8.947833005178651433e-03
5.251856709591606887e-03
1.041538042583489698e-02
-4.429749994406151359e-03
-1.475679676611818536e-02
9.124499487588977331e-03
8.479059020762846899e-03
-3.138869120425269443e-03
-5.571073541084103908e-04
6.542737629468220462e-03
-3.138869120425269443e-03
-1.217503510987327786e-02
-1.152959469199110742e-02
7.337735382257903893e-04
9.124499487588977331e-03
-8.947833005178651433e-03
-1.088415427257949375e-02
5.251856709591606887e-03
1.379213986687943816e-03
-3.784309558179543842e-03
3.315535341254616242e-03
1.106082089725290984e-02
7.337735382257903893e-04
-8.947833005178651433e-03
7.337735382257903893e-04
2.024654436679540481e-03
-1.282047552622600506e-02
-9.593273429173265754e-03
5.251856709591606887e-03
8.479059020762846899e-03
-1.282047552622600506e-02
-1.669311799226136372e-02
4.606416251949241314e-03
1.379213986687943816e-03
-7.011511724021701752e-03
8.479059020762846899e-03
1.170626137020214230e-02
-1.202547797982234101e-03
-1.023871385164198955e-02
-3.784309558179543842e-03
3.960975795838095337e-03
4.606416251949241314e-03
7.337735382257903893e-04
3.960975795838095337e-03
6.542737629468220462e-03
-5.720630862271036676e-03
-8.302392579654593874e-03
6.542737629468220462e-03
3.960975795838095337e-03
-8.947833005178651433e-03
-3.784309558179543842e-03
4.606416251949241314e-03
-1.847988240326614573e-03
-1.733855839792042275e-02
-1.862943920465554015e-02
9.769939955946327359e-03
1.106082089725290984e-02
-1.023871385164198955e-02
-6.366071293911090834e-03
1.751522569566432708e-02
7.188178091702468464e-03
-1.669311799226136372e-02
-1.798399880205181489e-02
-1.669311799226136372e-02
-2.250208158820932169e-02
-3.992897163422703954e-02
-5.477409931519261477e-02
-7.478274839338006075e-02
-1.109274010908762875e-01
-1.296451657972870208e-01
-1.141546019932171419e-01
-1.270634052238417411e-01
-1.548173301201707375e-01
-1.606262907913684757e-01
-1.606262907913684757e-01
-1.657898112853395389e-01
-1.780531720715732291e-01
-1.715987717256322043e-01
-1.715987717256322043e-01
-1.799894921459568309e-01
-1.806349321677380715e-01
-1.728896518068818722e-01
-1.741805318821008086e-01
-1.993526921441635125e-01
-2.161341310471396326e-01
-2.064525318040910662e-01
-2.045162119148873359e-01
-2.058070918425265461e-01
-1.954800522529289708e-01
-1.961254922385631261e-01
-2.122614913905049860e-01
-2.348518886253128102e-01
-2.335610088328632372e-01
-2.174250109206621318e-01
-2.154886911081241863e-01
-2.238794101981511631e-01
-2.212976505051784670e-01
-2.129069313370344219e-01
-2.206522105781818510e-01
-2.303338093254811980e-01
-2.290429295120262054e-01
-2.303338093254811980e-01
-2.490515659463472531e-01
-2.477606862198697968e-01
-2.283974896030436241e-01
-2.187158907881769920e-01
-2.380790880801839648e-01
-2.387245279666601050e-01
-2.212976505051784670e-01
-2.335610088328632372e-01
-2.477606862198697968e-01
-2.406608476170841726e-01
-2.393699678516352236e-01
-2.400154077351093207e-01
-2.361427684117618497e-01
-2.335610088328632372e-01
-2.374336481922103559e-01
-2.516333253813183291e-01
-2.606694832149933916e-01
-2.438880470044733073e-01
-2.348518886253128102e-01
-2.529242050898155014e-01
-2.458243666189154908e-01
-2.406608476170841726e-01
-2.387245279666601050e-01
-2.413062874975597794e-01
-2.400154077351093207e-01
-2.219430904306740615e-01
-2.445334868774526882e-01
-2.606694832149933916e-01
-2.367882083027357254e-01
-2.283974896030436241e-01
-2.342064487298376463e-01
-2.419517273765379173e-01
-2.413062874975597794e-01
-2.432426071299929049e-01
-2.555059644888348913e-01
-2.587331637039138599e-01
-2.490515659463472531e-01
-2.561514043348456227e-01
-2.768054786169358295e-01
-2.742237194154455437e-01
-2.613149230490279251e-01
-2.697056407552675950e-01
-2.800326775851633698e-01
-2.729328398057280225e-01
-2.697056407552675950e-01
-2.703510805683499996e-01
-2.742237194154455437e-01
-2.722873999986283877e-01
-2.742237194154455437e-01
-2.832598765160287968e-01
-2.858416356338242537e-01
-2.716419601900312841e-01
-2.684147611246121556e-01
-2.877779549564891681e-01
-3.058502679867629581e-01
-3.000413103546222260e-01
-2.916505935614885914e-01
-3.071411474441649858e-01
-3.090774666190849729e-01
-2.806781173743253532e-01
-2.697056407552675950e-01
-2.768054786169358295e-01
-2.606694832149933916e-01
-2.387245279666601050e-01
-2.361427684117618497e-01
-2.445334868774526882e-01
-2.335610088328632372e-01
-2.245248501176408951e-01
-2.277520496925635740e-01
-2.258157299521137418e-01
-2.109706114929341680e-01
-2.038707719488126457e-01
-2.245248501176408951e-01
-2.387245279666601050e-01
-2.225885303546704108e-01
-2.193613307196802253e-01
-2.342064487298376463e-01
-2.264611698670986328e-01
-2.187158907881769920e-01
-2.303338093254811980e-01
-2.348518886253128102e-01
-2.348518886253128102e-01
-2.245248501176408951e-01
-2.271066097805825024e-01
-2.361427684117618497e-01
-2.258157299521137418e-01
-2.154886911081241863e-01
-2.180704508551709608e-01
-2.116160514424709760e-01
-2.019344520415611299e-01
-1.954800522529289708e-01
-2.038707719488126457e-01
-2.122614913905049860e-01
-2.070979717641510121e-01
-2.090342916353087332e-01
-2.187158907881769920e-01
-2.141978112255831235e-01
-2.045162119148873359e-01
-2.070979717641510121e-01
-2.219430904306740615e-01
-2.193613307196802253e-01
-1.980618121864399228e-01
-1.961254922385631261e-01
-2.070979717641510121e-01
-2.103251715418963386e-01
-1.993526921441635125e-01
-1.928982922953359491e-01
-1.941891722771416084e-01
-1.864438922959603673e-01
-1.845075722667797180e-01
-1.999981321207702223e-01
-2.051616518794592281e-01
-1.987072521660540048e-01
-2.045162119148873359e-01
-2.109706114929341680e-01
-2.064525318040910662e-01
-1.890256523137807676e-01
-1.832166922397941988e-01
-1.980618121864399228e-01
-2.032253319812333814e-01
-1.922528523021753699e-01
-1.864438922959603673e-01
-1.961254922385631261e-01
-1.916074123075066638e-01
-1.877347723078841568e-01
-2.038707719488126457e-01
-2.109706114929341680e-01
-1.961254922385631261e-01
-1.896710923144713234e-01
-1.961254922385631261e-01
-2.058070918425265461e-01
-2.006435720958723579e-01
-2.154886911081241863e-01
-2.522787652363156496e-01
-2.613149230490279251e-01
-2.600240433794649419e-01
-2.826144367328442542e-01
-3.116592254981078725e-01
-3.265043385898298567e-01
-3.355404939991561974e-01
-3.607126396741584529e-01
-3.658761564564745328e-01
-3.368313733195407167e-01
-3.187590622924645345e-01
-3.110137857805899131e-01
-2.935869128438319819e-01
-2.845507560779143574e-01
-2.729328398057280225e-01
-2.690602009406877215e-01
-2.742237194154455437e-01
-2.703510805683499996e-01
-2.600240433794649419e-01
-2.580877238638930038e-01
-2.471152463543848654e-01
-2.354973285192869525e-01
-2.413062874975597794e-01
-2.458243666189154908e-01
-2.425971672540150337e-01
-2.374336481922103559e-01
-2.406608476170841726e-01
-2.458243666189154908e-01
-2.251702900356278292e-01
-2.064525318040910662e-01
-2.277520496925635740e-01
-2.451789267489328239e-01
-2.335610088328632372e-01
-2.251702900356278292e-01
-2.271066097805825024e-01
-2.187158907881769920e-01
-2.148432511676059420e-01
-2.200067706496824371e-01
-2.232339702771604095e-01
-2.193613307196802253e-01
-2.129069313370344219e-01
-2.225885303546704108e-01
-2.193613307196802253e-01
-2.116160514424709760e-01
-2.200067706496824371e-01
-2.335610088328632372e-01
-2.348518886253128102e-01
-2.161341310471396326e-01
-2.148432511676059420e-01
-2.348518886253128102e-01
-2.503424456668277287e-01
-2.400154077351093207e-01
-2.296883694195024361e-01
-2.329155689343878066e-01
-2.303338093254811980e-01
-2.232339702771604095e-01
-2.348518886253128102e-01
-2.600240433794649419e-01
-2.684147611246121556e-01
-2.561514043348456227e-01
-2.697056407552675950e-01
-2.742237194154455437e-01
-2.600240433794649419e-01
-2.587331637039138599e-01
-2.626058027126028094e-01
-2.561514043348456227e-01
-2.542150847923210222e-01
-2.548605246413266912e-01
-2.451789267489328239e-01
-2.316246891329356572e-01
-2.322701290344131309e-01
-2.451789267489328239e-01
-2.490515659463472531e-01
-2.329155689343878066e-01
-2.245248501176408951e-01
-2.413062874975597794e-01
-2.458243666189154908e-01
-2.387245279666601050e-01
-2.367882083027357254e-01
-2.400154077351093207e-01
-2.400154077351093207e-01
-2.219430904306740615e-01
-2.096797315893539349e-01
-2.200067706496824371e-01
-2.296883694195024361e-01
-2.154886911081241863e-01
-2.167795709846522811e-01
-2.219430904306740615e-01
-2.193613307196802253e-01
-2.077434117227063837e-01
-2.161341310471396326e-01
-2.290429295120262054e-01
-2.219430904306740615e-01
-1.987072521660540048e-01
-1.941891722771416084e-01
-2.193613307196802253e-01
-2.154886911081241863e-01
-2.129069313370344219e-01
-2.129069313370344219e-01
-2.180704508551709608e-01
-2.058070918425265461e-01
-2.058070918425265461e-01
-2.187158907881769920e-01
-2.129069313370344219e-01
-2.038707719488126457e-01
-2.161341310471396326e-01
-2.258157299521137418e-01
-2.167795709846522811e-01
-2.070979717641510121e-01
-2.129069313370344219e-01
-2.187158907881769920e-01
-2.103251715418963386e-01
-2.174250109206621318e-01
-2.264611698670986328e-01
-2.367882083027357254e-01
-2.322701290344131309e-01
-2.296883694195024361e-01
-2.471152463543848654e-01
-2.458243666189154908e-01
-2.335610088328632372e-01
-2.303338093254811980e-01
-2.503424456668277287e-01
-2.600240433794649419e-01
-2.593786035424372471e-01
-2.748691592180598775e-01
-2.800326775851633698e-01
-2.638966823701895947e-01
-2.490515659463472531e-01
-2.593786035424372471e-01
-2.632512425421431601e-01
-2.464698064873989125e-01
-2.477606862198697968e-01
-2.671238814879721701e-01
-2.780963582087103703e-01
-3.000413103546222260e-01
-3.245680195355920006e-01
-3.361859336600918624e-01
-3.226317004679515321e-01
-2.916505935614885914e-01
-2.877779549564891681e-01
-3.103683460615780376e-01
-2.845507560779143574e-01
-2.697056407552675950e-01
-2.813235571619916442e-01
-2.761600388188050204e-01
-2.619603628815632135e-01
-2.509878855248217633e-01
-2.555059644888348913e-01
-2.574422840223746789e-01
-2.516333253813183291e-01
-2.516333253813183291e-01
-2.522787652363156496e-01
-2.477606862198697968e-01
-2.283974896030436241e-01
-2.309792492299607147e-01
-2.445334868774526882e-01
-2.406608476170841726e-01
-2.225885303546704108e-01
-2.180704508551709608e-01
-2.232339702771604095e-01
-2.187158907881769920e-01
-2.219430904306740615e-01
-2.406608476170841726e-01
-2.413062874975597794e-01
-2.277520496925635740e-01
-2.225885303546704108e-01
-2.367882083027357254e-01
-2.413062874975597794e-01
-2.296883694195024361e-01
-2.316246891329356572e-01
-2.367882083027357254e-01
-2.264611698670986328e-01
-2.122614913905049860e-01
-2.141978112255831235e-01
-2.296883694195024361e-01
-2.303338093254811980e-01
-2.264611698670986328e-01
-2.419517273765379173e-01
-2.329155689343878066e-01
-2.167795709846522811e-01
-2.141978112255831235e-01
-2.225885303546704108e-01
-2.348518886253128102e-01
-2.251702900356278292e-01
-2.219430904306740615e-01
-2.245248501176408951e-01
-2.141978112255831235e-01
-2.154886911081241863e-01
-2.271066097805825024e-01
-2.309792492299607147e-01
-2.174250109206621318e-01
-2.129069313370344219e-01
-2.193613307196802253e-01
-2.219430904306740615e-01
-2.180704508551709608e-01
-2.077434117227063837e-01
-2.129069313370344219e-01
-2.122614913905049860e-01
-1.922528523021753699e-01
-1.728896518068818722e-01
-1.786986120978735215e-01
-1.870893323026763255e-01
-1.651443712288749310e-01
-1.638534911114195580e-01
-1.909619723113351597e-01
-1.761168519836200375e-01
-1.561082102798945215e-01
-1.593354106527815617e-01
-1.644989311709004198e-01
-1.670806913937425975e-01
-1.599808507228299703e-01
-1.548173301201707375e-01
-1.612717308583970777e-01
-1.412630880782081988e-01
-1.225453241620311218e-01
-1.431994084107213183e-01
-1.444902886248389251e-01
-1.302906059368655889e-01
-1.283542855135930694e-01
-1.406176479643459487e-01
-1.354541269990114927e-01
-1.167363626878135108e-01
-1.231907643182630352e-01
-1.296451657972870208e-01
-1.160909225164363789e-01
-1.141546019932171419e-01
-1.335178066120548124e-01
-1.322269263465170042e-01
-1.135091618157808568e-01
-1.135091618157808568e-01
-1.206090036842581981e-01
-1.057638795683075728e-01
-1.038275589723269832e-01
-1.212544438450304796e-01
-1.231907643182630352e-01
-1.051184393711643850e-01
-9.414595578762252615e-02
-1.044729991725041884e-01
-1.141546019932171419e-01
-1.038275589723269832e-01
-9.543683623197729560e-02
-1.044729991725041884e-01
-1.064093197639355282e-01
-9.350051556316962831e-02
-8.704611323513411492e-02
-9.156419488070000057e-02
-9.027331441813046808e-02
-8.575523275130514378e-02
-8.898243394948757157e-02
-9.414595578762252615e-02
-9.479139601055841524e-02
-8.704611323513411492e-02
-8.833699371288972202e-02
-9.091875465017551505e-02
-7.736450945828821091e-02
-6.897378590839409185e-02
-7.930083024100831324e-02
-7.736450945828821091e-02
-6.768290533944565368e-02
-6.961922619058746875e-02
-7.413730812335295184e-02
-6.897378590839409185e-02
-6.122850240341826122e-02
-6.961922619058746875e-02
-7.865538998162158180e-02
-7.607362892887437056e-02
-6.897378590839409185e-02
-7.542818866188838456e-02
-7.607362892887437056e-02
-5.735586056875163763e-02
-5.348321867927374740e-02
-7.091010675040898548e-02
-7.930083024100831324e-02
-6.316482330020356528e-02
-5.541953963086498902e-02
-6.122850240341826122e-02
-5.929218149293546958e-02
-5.348321867927374740e-02
-6.187394270386903372e-02
-6.316482330020356528e-02
-5.348321867927374740e-02
-4.702881540830006202e-02
-5.993762179795325551e-02
-6.381026359608910070e-02
-4.961057673497037968e-02
-4.702881540830006202e-02
-5.348321867927374740e-02
-5.283777835903258335e-02
-5.154689771397791276e-02
-5.606497994501680182e-02
-5.671042025764627681e-02
-5.348321867927374740e-02
-5.348321867927374740e-02
-6.316482330020356528e-02
-6.639202476441319334e-02
-4.444705405724747038e-02
-3.605632949788883934e-02
-5.412865899799434999e-02
-5.541953963086498902e-02
-4.961057673497037968e-02
-5.283777835903258335e-02
-5.541953963086498902e-02
-4.961057673497037968e-02
-3.605632949788883934e-02
-3.799265057291911774e-02
-5.864674118639712219e-02
-5.025601706283033820e-02
-4.121985233414093841e-02
-4.702881540830006202e-02
-4.767425574225292451e-02
-4.057441198494515788e-02
-3.153824693609941221e-02
-4.767425574225292451e-02
-6.445570389045229831e-02
-5.090145738916440621e-02
-4.444705405724747038e-02
-5.283777835903258335e-02
-4.444705405724747038e-02
-3.412000840913087529e-02
-4.961057673497037968e-02
-6.058306210144692727e-02
-4.638337507282308536e-02
-2.702016429954845478e-02
-3.476544877357490293e-02
-4.509249439729678954e-02
-4.057441198494515788e-02
-3.282912767566692480e-02
-3.992897163422703954e-02
-4.251073302795660425e-02
-3.282912767566692480e-02
-3.863809092821313129e-02
-5.090145738916440621e-02
-5.025601706283033820e-02
-4.380161371567581341e-02
-4.315617337257826591e-02
-5.477409931519261477e-02
-3.992897163422703954e-02
-3.282912767566692480e-02
-3.605632949788883934e-02
-4.767425574225292451e-02
-4.638337507282308536e-02
-3.024736619042833752e-02
-3.282912767566692480e-02
-3.476544877357490293e-02
-2.831104506047843472e-02
-3.541088913649481640e-02
-4.831969607468167283e-02
-4.444705405724747038e-02
-2.831104506047843472e-02
-2.508384314670486503e-02
-3.541088913649481640e-02
-3.089280656402593195e-02
-2.895648543865370073e-02
-3.928353128198125432e-02
-4.961057673497037968e-02
-3.670176985775697176e-02
-2.702016429954845478e-02
-3.605632949788883934e-02
-3.412000840913087529e-02
-2.960192581530485256e-02
-3.089280656402593195e-02
-3.476544877357490293e-02
-3.476544877357490293e-02
-2.637472391679374084e-02
-3.089280656402593195e-02
-2.702016429954845478e-02
-2.572928353251136002e-02
-2.314752198012293150e-02
-3.024736619042833752e-02
-4.444705405724747038e-02
-3.541088913649481640e-02
-2.056576040330426736e-02
-3.089280656402593195e-02
-3.347456804316273349e-02
-2.443840275937070317e-02
-2.895648543865370073e-02
-3.928353128198125432e-02
-3.153824693609941221e-02
-2.121120079979910145e-02
-2.314752198012293150e-02
-3.541088913649481640e-02
-3.089280656402593195e-02
-2.960192581530485256e-02
-4.573793473582199454e-02
-4.961057673497037968e-02
-3.089280656402593195e-02
-2.766560468077550183e-02
-3.476544877357490293e-02
-3.799265057291911774e-02
-1.540223717636024503e-02
-1.927487960573337489e-02
-3.992897163422703954e-02
-2.637472391679374084e-02
-2.121120079979910145e-02
-2.766560468077550183e-02
-3.282912767566692480e-02
-2.508384314670486503e-02
-1.992032000528354274e-02
-3.347456804316273349e-02
-4.573793473582199454e-02
-2.637472391679374084e-02
-1.540223717636024503e-02
-2.831104506047843472e-02
-2.766560468077550183e-02
-1.604767758507463782e-02
-2.185664119476804501e-02
-3.928353128198125432e-02
-3.089280656402593195e-02
-2.121120079979910145e-02
-2.702016429954845478e-02
-3.024736619042833752e-02
-2.508384314670486503e-02
-2.572928353251136002e-02
-3.734721021610099001e-02
-3.282912767566692480e-02
-1.927487960573337489e-02
-1.088415427257949375e-02
-2.121120079979910145e-02
-3.089280656402593195e-02
-2.121120079979910145e-02
-2.056576040330426736e-02
-3.218368730664522559e-02
-2.314752198012293150e-02
-1.927487960573337489e-02
-3.218368730664522559e-02
-3.799265057291911774e-02
-2.572928353251136002e-02
-1.088415427257949375e-02
-1.798399880205181489e-02
-2.960192581530485256e-02
-2.185664119476804501e-02
-1.669311799226136372e-02
-3.153824693609941221e-02
-3.218368730664522559e-02
-1.669311799226136372e-02
-1.862943920465554015e-02
-3.024736619042833752e-02
-2.702016429954845478e-02
-2.702016429954845478e-02
-3.024736619042833752e-02
-2.831104506047843472e-02
-2.572928353251136002e-02
-1.152959469199110742e-02
-1.927487960573337489e-02
-3.412000840913087529e-02
-2.572928353251136002e-02
-1.862943920465554015e-02
-2.443840275937070317e-02
-2.702016429954845478e-02
-1.346591594105106537e-02
-1.475679676611818536e-02
-3.734721021610099001e-02
-3.218368730664522559e-02
-1.604767758507463782e-02
-1.540223717636024503e-02
-3.412000840913087529e-02
-2.831104506047843472e-02
-1.152959469199110742e-02
-1.862943920465554015e-02
-3.347456804316273349e-02
-2.056576040330426736e-02
-9.593273429173265754e-03
-2.637472391679374084e-02
-2.572928353251136002e-02
-1.282047552622600506e-02
-2.572928353251136002e-02
-3.605632949788883934e-02
-2.637472391679374084e-02
-1.604767758507463782e-02
-2.056576040330426736e-02
-3.476544877357490293e-02
-2.637472391679374084e-02
-1.798399880205181489e-02
-2.379296237051065077e-02
-2.443840275937070317e-02
-2.379296237051065077e-02
-2.702016429954845478e-02
-3.928353128198125432e-02
-3.282912767566692480e-02
-2.121120079979910145e-02
-2.637472391679374084e-02
-3.541088913649481640e-02
-2.250208158820932169e-02
-1.604767758507463782e-02
-2.185664119476804501e-02
-2.960192581530485256e-02
-1.798399880205181489e-02
-1.282047552622600506e-02
-2.766560468077550183e-02
-2.895648543865370073e-02
-1.798399880205181489e-02
-1.992032000528354274e-02
-2.960192581530485256e-02
-2.314752198012293150e-02
-7.011511724021701752e-03
-1.733855839792042275e-02
-2.572928353251136002e-02
-1.862943920465554015e-02
-1.346591594105106537e-02
-2.702016429954845478e-02
-3.089280656402593195e-02
-1.023871385164198955e-02
-8.302392579654593874e-03
-2.637472391679374084e-02
-2.572928353251136002e-02
-1.604767758507463782e-02
-2.443840275937070317e-02
-2.766560468077550183e-02
-1.346591594105106537e-02
-6.366071293911090834e-03
-2.379296237051065077e-02
-3.863809092821313129e-02
-2.250208158820932169e-02
-8.302392579654593874e-03
-3.153824693609941221e-02
-2.443840275937070317e-02
2.024654436679540481e-03
-1.669311799226136372e-02
-3.412000840913087529e-02
-1.927487960573337489e-02
-8.947833005178651433e-03
-7.656952152602869432e-03
-2.895648543865370073e-02
-3.347456804316273349e-02
-1.733855839792042275e-02
-2.250208158820932169e-02
-2.314752198012293150e-02
-8.947833005178651433e-03
-8.302392579654593874e-03
-1.411135635435023516e-02
-2.960192581530485256e-02
-2.508384314670486503e-02
-1.862943920465554015e-02
-2.960192581530485256e-02
-2.121120079979910145e-02
-4.429749994406151359e-03
-1.669311799226136372e-02
-2.960192581530485256e-02
-1.992032000528354274e-02
-1.023871385164198955e-02
-2.314752198012293150e-02
-3.347456804316273349e-02
-2.121120079979910145e-02
-1.927487960573337489e-02
-3.024736619042833752e-02
-2.056576040330426736e-02
-4.429749994406151359e-03
-2.493428681139775449e-03
-1.669311799226136372e-02
-1.669311799226136372e-02
-7.656952152602869432e-03
-1.992032000528354274e-02
-2.831104506047843472e-02
-1.346591594105106537e-02
-5.720630862271036676e-03
-2.121120079979910145e-02
-2.250208158820932169e-02
-1.540223717636024503e-02
-1.992032000528354274e-02
-2.831104506047843472e-02
-2.314752198012293150e-02
-1.023871385164198955e-02
-1.346591594105106537e-02
-2.121120079979910145e-02
-2.572928353251136002e-02
-2.443840275937070317e-02
-2.379296237051065077e-02
-2.056576040330426736e-02
-1.152959469199110742e-02
-1.346591594105106537e-02
-1.992032000528354274e-02
-2.250208158820932169e-02
-1.411135635435023516e-02
-1.217503510987327786e-02
-2.960192581530485256e-02
-2.250208158820932169e-02
-7.656952152602869432e-03
-2.443840275937070317e-02
-2.637472391679374084e-02
-1.927487960573337489e-02
-1.669311799226136372e-02
