-2.483757332971237020e-03
1.236137287615157732e-02
1.042505149863259817e-02
-3.774638182489908900e-03
-5.065519025896136895e-03
3.970647006356742281e-03
-1.838316905919512578e-03
-1.345624435905001803e-02
-4.420078604958632695e-03
1.300681333838582532e-02
3.970647006356742281e-03
-2.483757332971237020e-03
5.261527892574946463e-03
-3.129197758495294579e-03
-1.539256555311574459e-02
-9.583601929676888176e-03
7.197849233371300670e-03
6.552408784909147244e-03
-1.216536355536845804e-02
-9.583601929676888176e-03
3.325206565543581405e-03
4.616087448701122753e-03
9.800438441232017794e-05
3.970647006356742281e-03
1.365225380215129292e-02
-1.838316905919512578e-03
-2.442873094374498066e-02
-7.001840279542648204e-03
1.946121804492406682e-02
3.325206565543581405e-03
-1.087448274557800687e-02
1.236137287615157732e-02
2.679766126258087411e-03
-1.410168475860018589e-02
-8.292721107666878311e-03
1.300681333838582532e-02
1.365225380215129292e-02
-1.151992315123706589e-02
-1.838316905919512578e-03
9.134170587937973096e-03
2.679766126258087411e-03
-8.938161519434828506e-03
-4.420078604958632695e-03
4.616087448701122753e-03
-3.774638182489908900e-03
-1.151992315123706589e-02
9.134170587937973096e-03
1.623401567251825384e-02
-3.129197758495294579e-03
-1.410168475860018589e-02
-1.838316905919512578e-03
9.779611042521452191e-03
2.034325688503813012e-03
5.906968337976437056e-03
1.107049195627496374e-02
7.843289683362897335e-03
-5.474360472277339795e-04
-2.483757332971237020e-03
1.388885252277205495e-03
2.679766126258087411e-03
-7.647280694367708520e-03
-7.647280694367708520e-03
-1.192876477338344898e-03
-4.420078604958632695e-03
-1.281080395797218330e-02
-3.129197758495294579e-03
6.552408784909147244e-03
-2.483757332971237020e-03
-7.001840279542648204e-03
-3.129197758495294579e-03
-5.065519025896136895e-03
-1.216536355536845804e-02
-7.647280694367708520e-03
1.300681333838582532e-02
1.881577756737939922e-02
4.616087448701122753e-03
7.434448175800412173e-04
6.552408784909147244e-03
-5.474360472277339795e-04
-1.022904233839128096e-02
5.261527892574946463e-03
7.843289683362897335e-03
-5.710959445307750570e-03
-1.926520790002150818e-02
7.434448175800412173e-04
5.906968337976437056e-03
-7.647280694367708520e-03
-1.192876477338344898e-03
5.906968337976437056e-03
1.388885252277205495e-03
-9.583601929676888176e-03
-3.129197758495294579e-03
2.075209900460528445e-02
7.197849233371300670e-03
-1.022904233839128096e-02
-5.474360472277339795e-04
1.236137287615157732e-02
2.034325688503813012e-03
-2.483757332971237020e-03
6.552408784909147244e-03
1.388885252277205495e-03
-6.356399863189921007e-03
-3.774638182489908900e-03
8.488730134887489953e-03
3.970647006356742281e-03
-7.001840279542648204e-03
-5.710959445307750570e-03
-5.474360472277339795e-04
-3.774638182489908900e-03
-8.938161519434828506e-03
4.616087448701122753e-03
1.494313473427233419e-02
1.388885252277205495e-03
-1.345624435905001803e-02
-4.420078604958632695e-03
1.429769426744620375e-02
-1.192876477338344898e-03
-1.022904233839128096e-02
5.261527892574946463e-03
5.261527892574946463e-03
-9.583601929676888176e-03
-1.281080395797218330e-02
3.325206565543581405e-03
4.616087448701122753e-03
-1.345624435905001803e-02
-7.001840279542648204e-03
5.906968337976437056e-03
-5.065519025896136895e-03
-1.474712515662091050e-02
1.388885252277205495e-03
7.843289683362897335e-03
-1.192876477338344898e-03
-1.281080395797218330e-02
-5.710959445307750570e-03
-5.474360472277339795e-04
-1.281080395797218330e-02
-1.345624435905001803e-02
2.034325688503813012e-03
-5.474360472277339795e-04
-8.292721107666878311e-03
-4.420078604958632695e-03
1.042505149863259817e-02
7.843289683362897335e-03
-7.647280694367708520e-03
-1.838316905919512578e-03
1.042505149863259817e-02
3.970647006356742281e-03
-7.647280694367708520e-03
9.800438441232017794e-05
1.494313473427233419e-02
8.488730134887489953e-03
-4.420078604958632695e-03
9.800438441232017794e-05
1.388885252277205495e-03
9.800438441232017794e-05
1.042505149863259817e-02
1.558857520262968421e-02
1.558857520262968421e-02
8.488730134887489953e-03
-1.192876477338344898e-03
1.042505149863259817e-02
-1.192876477338344898e-03
-1.087448274557800687e-02
-8.938161519434828506e-03
5.906968337976437056e-03
9.134170587937973096e-03
-4.420078604958632695e-03
9.800438441232017794e-05
9.134170587937973096e-03
2.679766126258087411e-03
-5.710959445307750570e-03
3.325206565543581405e-03
1.558857520262968421e-02
2.034325688503813012e-03
-1.022904233839128096e-02
-8.292721107666878311e-03
9.800438441232017794e-05
9.800438441232017794e-05
1.388885252277205495e-03
1.042505149863259817e-02
9.800438441232017794e-05
-7.001840279542648204e-03
-2.483757332971237020e-03
-1.838316905919512578e-03
-5.710959445307750570e-03
-4.420078604958632695e-03
3.325206565543581405e-03
9.134170587937973096e-03
-5.710959445307750570e-03
-1.345624435905001803e-02
3.970647006356742281e-03
7.197849233371300670e-03
-5.065519025896136895e-03
-5.065519025896136895e-03
7.197849233371300670e-03
7.197849233371300670e-03
5.261527892574946463e-03
1.365225380215129292e-02
1.494313473427233419e-02
1.388885252277205495e-03
-1.539256555311574459e-02
7.843289683362897335e-03
1.558857520262968421e-02
-4.420078604958632695e-03
-7.647280694367708520e-03
2.679766126258087411e-03
-3.129197758495294579e-03
-9.583601929676888176e-03
7.434448175800412173e-04
1.558857520262968421e-02
2.075209900460528445e-02
1.171593241545032527e-02
9.800438441232017794e-05
-5.065519025896136895e-03
-7.001840279542648204e-03
-7.001840279542648204e-03
3.325206565543581405e-03
6.552408784909147244e-03
-7.001840279542648204e-03
-1.668344634152596484e-02
9.800438441232017794e-05
1.042505149863259817e-02
9.800438441232017794e-05
-4.420078604958632695e-03
1.388885252277205495e-03
7.434448175800412173e-04
-3.774638182489908900e-03
-1.838316905919512578e-03
2.034325688503813012e-03
1.388885252277205495e-03
-3.774638182489908900e-03
-4.420078604958632695e-03
-5.474360472277339795e-04
-2.483757332971237020e-03
-5.710959445307750570e-03
-5.710959445307750570e-03
2.034325688503813012e-03
2.679766126258087411e-03
-1.838316905919512578e-03
4.616087448701122753e-03
-1.192876477338344898e-03
-1.410168475860018589e-02
-7.001840279542648204e-03
1.494313473427233419e-02
1.365225380215129292e-02
-1.022904233839128096e-02
-1.474712515662091050e-02
-5.474360472277339795e-04
-1.192876477338344898e-03
-1.926520790002150818e-02
-5.710959445307750570e-03
9.134170587937973096e-03
5.906968337976437056e-03
-3.774638182489908900e-03
7.434448175800412173e-04
9.779611042521452191e-03
1.388885252277205495e-03
-7.001840279542648204e-03
-7.001840279542648204e-03
-6.356399863189921007e-03
-6.356399863189921007e-03
-5.474360472277339795e-04
1.171593241545032527e-02
9.134170587937973096e-03
-8.938161519434828506e-03
-2.483757332971237020e-03
1.171593241545032527e-02
1.236137287615157732e-02
-4.420078604958632695e-03
-1.838316905919512578e-03
7.197849233371300670e-03
-5.474360472277339795e-04
-7.647280694367708520e-03
2.679766126258087411e-03
5.261527892574946463e-03
-4.420078604958632695e-03
-1.474712515662091050e-02
-5.065519025896136895e-03
3.970647006356742281e-03
-1.151992315123706589e-02
-7.647280694367708520e-03
2.034325688503813012e-03
-1.087448274557800687e-02
-4.420078604958632695e-03
3.325206565543581405e-03
-2.483757332971237020e-03
3.325206565543581405e-03
9.800438441232017794e-05
3.325206565543581405e-03
5.261527892574946463e-03
9.800438441232017794e-05
-1.192876477338344898e-03
5.261527892574946463e-03
8.488730134887489953e-03
-6.356399863189921007e-03
-1.539256555311574459e-02
2.679766126258087411e-03
9.134170587937973096e-03
-1.022904233839128096e-02
-1.603800594808468816e-02
-1.732888673343957464e-02
-5.024634469833344497e-02
-8.380923893788505552e-02
-9.026364120519225764e-02
-9.607260311601173441e-02
-1.225356502669097125e-01
-1.451260543580623619e-01
-1.489986948734873806e-01
-1.554530956117137208e-01
-1.651346964360591585e-01
-1.670710165601985153e-01
-1.560985356772324195e-01
-1.560985356772324195e-01
-1.696527767046038804e-01
-1.812706970559929687e-01
-1.838524570677879666e-01
-1.844978970669721718e-01
-1.961158167948777731e-01
-1.838524570677879666e-01
-1.793343770313295948e-01
-1.903068569918797692e-01
-2.057974161957876191e-01
-2.083791759788997666e-01
-1.986975766682039790e-01
-1.961158167948777731e-01
-2.019247764760230268e-01
-1.999884565958431892e-01
-2.006338965574077093e-01
-2.109609357379689243e-01
-2.051519762462508112e-01
-2.006338965574077093e-01
-2.083791759788997666e-01
-2.154790152584951102e-01
-2.141881354029990803e-01
-1.980521367021292889e-01
-1.941794968740868654e-01
-2.064428561438216292e-01
-1.980521367021292889e-01
-1.870796570486525923e-01
-1.877250970403085972e-01
-1.909522969760093503e-01
-1.773980569931108420e-01
-1.586802959242170630e-01
-1.625529362494262386e-01
-1.619074961989976913e-01
-1.477078147077204306e-01
-1.560985356772324195e-01
-1.748162969210547146e-01
-1.709436567677613539e-01
-1.606166160936108867e-01
-1.380262132718534929e-01
-1.509350151108073135e-01
-1.528713353345416692e-01
-1.347990127176625919e-01
-1.418988538869996319e-01
-1.593257359821915742e-01
-1.502895750332111646e-01
-1.464169345359138674e-01
-1.567439757412447676e-01
-1.631983762983466590e-01
-1.489986948734873806e-01
-1.354444528315248419e-01
-1.399625335862282327e-01
-1.451260543580623619e-01
-1.386716533781555682e-01
-1.335081324854030527e-01
-1.477078147077204306e-01
-1.470623746225729889e-01
-1.315718121256725937e-01
-1.431897340799572760e-01
-1.489986948734873806e-01
-1.406079736879952691e-01
-1.302809318782891523e-01
-1.393170934829477403e-01
-1.528713353345416692e-01
-1.464169345359138674e-01
-1.418988538869996319e-01
-1.489986948734873806e-01
-1.522258952614734540e-01
-1.380262132718534929e-01
-1.199538896813550082e-01
-1.264082910998336473e-01
-1.438351741741712431e-01
-1.367353330547125267e-01
-1.289900516248554396e-01
-1.470623746225729889e-01
-1.509350151108073135e-01
-1.315718121256725937e-01
-1.302809318782891523e-01
-1.464169345359138674e-01
-1.438351741741712431e-01
-1.328626923670039872e-01
-1.418988538869996319e-01
-1.567439757412447676e-01
-1.457714944477430663e-01
-1.251174108282455677e-01
-1.244719706901822320e-01
-1.335081324854030527e-01
-1.296354917523281358e-01
-1.264082910998336473e-01
-1.373807731640379615e-01
-1.322172522470950184e-01
-1.167266889153477649e-01
-1.186630093794960317e-01
-1.354444528315248419e-01
-1.438351741741712431e-01
-1.386716533781555682e-01
-1.451260543580623619e-01
-1.502895750332111646e-01
-1.264082910998336473e-01
-1.367353330547125267e-01
-1.322172522470950184e-01
-1.270537312333601676e-01
-1.244719706901822320e-01
-1.173721290715796783e-01
-1.335081324854030527e-01
-1.438351741741712431e-01
-1.322172522470950184e-01
-1.276991713653714555e-01
-1.335081324854030527e-01
-1.251174108282455677e-01
-1.147903684375748412e-01
-1.212447699771583842e-01
-1.367353330547125267e-01
-1.360898929438736360e-01
-1.289900516248554396e-01
-1.309263720027367128e-01
-1.393170934829477403e-01
-1.347990127176625919e-01
-1.283446114958692874e-01
-1.406079736879952691e-01
-1.496441349541033361e-01
-1.341535726022886621e-01
-1.335081324854030527e-01
-1.406079736879952691e-01
-1.373807731640379615e-01
-1.393170934829477403e-01
-1.418988538869996319e-01
-1.477078147077204306e-01
-1.406079736879952691e-01
-1.341535726022886621e-01
-1.373807731640379615e-01
-1.418988538869996319e-01
-1.412534137882524021e-01
-1.373807731640379615e-01
-1.477078147077204306e-01
-1.586802959242170630e-01
-1.444806142668717541e-01
-1.315718121256725937e-01
-1.457714944477430663e-01
-1.515804551868953354e-01
-1.264082910998336473e-01
-1.212447699771583842e-01
-1.425442939842334056e-01
-1.451260543580623619e-01
-1.386716533781555682e-01
-1.386716533781555682e-01
-1.412534137882524021e-01
-1.367353330547125267e-01
-1.302809318782891523e-01
-1.380262132718534929e-01
-1.548076555446851188e-01
-1.483532547913597455e-01
-1.360898929438736360e-01
-1.406079736879952691e-01
-1.464169345359138674e-01
-1.302809318782891523e-01
-1.199538896813550082e-01
-1.322172522470950184e-01
-1.354444528315248419e-01
-1.302809318782891523e-01
-1.360898929438736360e-01
-1.386716533781555682e-01
-1.341535726022886621e-01
-1.431897340799572760e-01
-1.347990127176625919e-01
-1.380262132718534929e-01
-1.360898929438736360e-01
-1.289900516248554396e-01
-1.412534137882524021e-01
-1.586802959242170630e-01
-1.528713353345416692e-01
-1.541622154761466135e-01
-1.832070170670974107e-01
-2.309695730560523685e-01
-2.625961258779287988e-01
-2.664687647519450309e-01
-2.774412412693454399e-01
-3.039042710943942183e-01
-3.097132285252435224e-01
-3.013225121974816290e-01
-2.851865185510380485e-01
-2.483964495456376653e-01
-2.116063756739787749e-01
-1.980521367021292889e-01
-2.096700558614408294e-01
-2.019247764760230268e-01
-1.806252570492770104e-01
-1.690073366707647295e-01
-1.786889370200963612e-01
-1.754617369413296046e-01
-1.580348558647362012e-01
-1.670710165601985153e-01
-1.741708568992734740e-01
-1.599711760386561821e-01
-1.515804551868953354e-01
-1.541622154761466135e-01
-1.541622154761466135e-01
-1.431897340799572760e-01
-1.464169345359138674e-01
-1.677164565985620470e-01
-1.657801364789488474e-01
-1.406079736879952691e-01
-1.457714944477430663e-01
-1.599711760386561821e-01
-1.483532547913597455e-01
-1.470623746225729889e-01
-1.489986948734873806e-01
-1.593257359821915742e-01
-1.580348558647362012e-01
-1.425442939842334056e-01
-1.380262132718534929e-01
-1.431897340799572760e-01
-1.489986948734873806e-01
-1.489986948734873806e-01
-1.560985356772324195e-01
-1.606166160936108867e-01
-1.496441349541033361e-01
-1.412534137882524021e-01
-1.451260543580623619e-01
-1.496441349541033361e-01
-1.483532547913597455e-01
-1.612620561470592406e-01
-1.702982167369366806e-01
-1.631983762983466590e-01
-1.748162969210547146e-01
-1.844978970669721718e-01
-1.767526169773567801e-01
-1.832070170670974107e-01
-1.883705370304582516e-01
-1.890159770191051081e-01
-1.877250970403085972e-01
-1.780434970073550005e-01
-1.696527767046038804e-01
-1.709436567677613539e-01
-1.690073366707647295e-01
-1.619074961989976913e-01
-1.593257359821915742e-01
-1.586802959242170630e-01
-1.548076555446851188e-01
-1.522258952614734540e-01
-1.431897340799572760e-01
-1.573894158037454361e-01
-1.586802959242170630e-01
-1.354444528315248419e-01
-1.451260543580623619e-01
-1.664255765203268567e-01
-1.580348558647362012e-01
-1.470623746225729889e-01
-1.567439757412447676e-01
-1.761071769600963677e-01
-1.677164565985620470e-01
-1.438351741741712431e-01
-1.754617369413296046e-01
-2.361330921298545604e-01
-2.509782089326755283e-01
-2.290332533786294533e-01
-2.283878134831542894e-01
-2.283878134831542894e-01
-2.019247764760230268e-01
-1.883705370304582516e-01
-2.064428561438216292e-01
-2.335513326049518668e-01
-2.451692502781384064e-01
-2.490418893946433343e-01
-2.548508479683100347e-01
-2.419420509731864399e-01
-2.161244551839907047e-01
-2.083791759788997666e-01
-2.141881354029990803e-01
-1.986975766682039790e-01
-1.715890967970779002e-01
-1.748162969210547146e-01
-1.844978970669721718e-01
-1.825615770649022807e-01
-1.773980569931108420e-01
-1.819161370612008000e-01
-1.838524570677879666e-01
-1.728799768511901647e-01
-1.631983762983466590e-01
-1.664255765203268567e-01
-1.748162969210547146e-01
-1.722345368248898723e-01
-1.709436567677613539e-01
-1.735254168759858828e-01
-1.754617369413296046e-01
-1.799798170410564779e-01
-1.864342170554920131e-01
-1.948249368491890010e-01
-1.773980569931108420e-01
-1.696527767046038804e-01
-1.767526169773567801e-01
-1.819161370612008000e-01
-1.786889370200963612e-01
-1.722345368248898723e-01
-1.702982167369366806e-01
-1.761071769600963677e-01
-1.702982167369366806e-01
-1.690073366707647295e-01
-1.709436567677613539e-01
-1.567439757412447676e-01
-1.509350151108073135e-01
-1.606166160936108867e-01
-1.631983762983466590e-01
-1.567439757412447676e-01
-1.522258952614734540e-01
-1.690073366707647295e-01
-1.767526169773567801e-01
-1.573894158037454361e-01
-1.502895750332111646e-01
-1.625529362494262386e-01
-1.696527767046038804e-01
-1.606166160936108867e-01
-1.625529362494262386e-01
-1.780434970073550005e-01
-1.806252570492770104e-01
-1.606166160936108867e-01
-1.386716533781555682e-01
-1.406079736879952691e-01
-1.354444528315248419e-01
-1.115631676109920534e-01
-1.051087658441929307e-01
-1.154358085983471227e-01
-1.089814069224566140e-01
-8.832732054093916929e-02
-9.671804332073818955e-02
-1.122086077793387204e-01
-1.012361247113631180e-01
-7.993659750462178692e-02
-7.735483651873487077e-02
-8.380923893788505552e-02
-7.606395601667692574e-02
-6.186427009276229683e-02
-7.606395601667692574e-02
-9.736348352394941230e-02
-8.187291822808795416e-02
-7.090043394765821461e-02
-7.993659750462178692e-02
-7.864571701471589904e-02
-8.122747798845075806e-02
-7.025499368219101370e-02
-5.670074775611411155e-02
-7.477307550854028761e-02
-7.993659750462178692e-02
-5.540986715673490437e-02
-6.057338951772983648e-02
-7.348219499432495638e-02
-4.895546406850925791e-02
-4.766458343259039054e-02
-7.670939626846440262e-02
-7.025499368219101370e-02
-5.024634469833344497e-02
-5.928250893661157761e-02
-7.800027676748477745e-02
-5.476442685476357042e-02
-4.701914311234922650e-02
-5.218266563165130378e-02
-6.767323260512192462e-02
-5.992794922793187595e-02
-4.572826246729455590e-02
-5.670074775611411155e-02
-6.186427009276229683e-02
-4.637370279058217193e-02
-4.185562049556956765e-02
-5.670074775611411155e-02
-6.509147150372562862e-02
-5.863706864376894146e-02
-5.218266563165130378e-02
-5.605530745718567687e-02
-5.411898655126989865e-02
-4.121018016161670516e-02
-4.379194148828702282e-02
-5.734618805352020843e-02
-4.637370279058217193e-02
-3.346489603529789747e-02
-4.185562049556956765e-02
-4.314650115890472648e-02
-3.475577673826180103e-02
-2.571961168941605536e-02
-4.831002375131099313e-02
-6.380059094390411190e-02
-5.218266563165130378e-02
-3.475577673826180103e-02
-3.927385915061343269e-02
-5.411898655126989865e-02
-4.508282214248104935e-02
-2.894681352689154608e-02
-3.540121708745758156e-02
-4.379194148828702282e-02
-3.604665743512747156e-02
-3.281945568152977444e-02
-4.572826246729455590e-02
-5.863706864376894146e-02
-4.443738181614698135e-02
-3.346489603529789747e-02
-4.895546406850925791e-02
-5.411898655126989865e-02
-3.604665743512747156e-02
-3.217401532623576088e-02
-4.443738181614698135e-02
-4.185562049556956765e-02
-3.733753812589490906e-02
-4.443738181614698135e-02
-3.991929948913863768e-02
-2.959225388981145954e-02
-2.701049242898356795e-02
-3.023769425120548249e-02
-3.798297846899245656e-02
-3.862841881056411353e-02
-3.798297846899245656e-02
-3.604665743512747156e-02
-4.185562049556956765e-02
-4.185562049556956765e-02
-3.088313461107361491e-02
-3.475577673826180103e-02
-3.540121708745758156e-02
-1.861976751268734631e-02
-3.152857496941763316e-02
-4.831002375131099313e-02
-4.121018016161670516e-02
-2.765593279647937663e-02
-2.765593279647937663e-02
-3.927385915061343269e-02
-3.217401532623576088e-02
-2.120152905286509792e-02
-2.442873094374498066e-02
-4.250106082799831597e-02
-4.250106082799831597e-02
-2.249240981379507787e-02
-2.765593279647937663e-02
-4.121018016161670516e-02
-3.604665743512747156e-02
-2.894681352689154608e-02
-2.959225388981145954e-02
-4.831002375131099313e-02
-3.798297846899245656e-02
-2.636505205996186874e-02
-5.089178501096291996e-02
-5.282810593971376534e-02
-2.894681352689154608e-02
-1.797432712382729392e-02
-2.636505205996186874e-02
-3.281945568152977444e-02
-2.120152905286509792e-02
-2.249240981379507787e-02
-3.669209778127324739e-02
-3.733753812589490906e-02
-2.830137316244751844e-02
-2.894681352689154608e-02
-3.927385915061343269e-02
-3.604665743512747156e-02
-2.571961168941605536e-02
-3.411033638754368269e-02
-4.250106082799831597e-02
-3.152857496941763316e-02
-1.216536355536845804e-02
-2.184696943409214498e-02
-3.540121708745758156e-02
-2.378329056862149571e-02
-1.926520790002150818e-02
-3.475577673826180103e-02
-4.379194148828702282e-02
-2.765593279647937663e-02
-1.151992315123706589e-02
-2.507417131734257509e-02
-3.798297846899245656e-02
-1.668344634152596484e-02
-2.120152905286509792e-02
-4.379194148828702282e-02
-4.443738181614698135e-02
-1.087448274557800687e-02
-2.442873094374498066e-02
-3.991929948913863768e-02
-2.765593279647937663e-02
-1.732888673343957464e-02
-2.571961168941605536e-02
-3.733753812589490906e-02
-3.411033638754368269e-02
-1.861976751268734631e-02
-1.474712515662091050e-02
-2.507417131734257509e-02
-2.701049242898356795e-02
-2.055608867011038399e-02
-4.121018016161670516e-02
-3.798297846899245656e-02
-2.507417131734257509e-02
-1.797432712382729392e-02
-2.378329056862149571e-02
-3.023769425120548249e-02
-2.120152905286509792e-02
-2.442873094374498066e-02
-3.927385915061343269e-02
-3.088313461107361491e-02
-1.410168475860018589e-02
-2.120152905286509792e-02
-2.313785019197034387e-02
-2.055608867011038399e-02
-1.991064828582800317e-02
-2.313785019197034387e-02
-3.152857496941763316e-02
-2.571961168941605536e-02
-1.345624435905001803e-02
-2.378329056862149571e-02
-3.733753812589490906e-02
-3.669209778127324739e-02
-2.313785019197034387e-02
-2.830137316244751844e-02
-3.281945568152977444e-02
-1.926520790002150818e-02
-8.292721107666878311e-03
-2.507417131734257509e-02
-3.733753812589490906e-02
-2.313785019197034387e-02
-1.410168475860018589e-02
-2.830137316244751844e-02
-3.088313461107361491e-02
-1.216536355536845804e-02
-3.774638182489908900e-03
-1.991064828582800317e-02
-3.798297846899245656e-02
-2.507417131734257509e-02
-1.732888673343957464e-02
-2.959225388981145954e-02
-2.894681352689154608e-02
-1.539256555311574459e-02
-1.991064828582800317e-02
-3.088313461107361491e-02
-2.636505205996186874e-02
-1.539256555311574459e-02
-2.313785019197034387e-02
-3.152857496941763316e-02
-2.442873094374498066e-02
-1.022904233839128096e-02
-1.539256555311574459e-02
-2.636505205996186874e-02
-1.022904233839128096e-02
-1.151992315123706589e-02
-2.184696943409214498e-02
-2.701049242898356795e-02
-1.603800594808468816e-02
-1.151992315123706589e-02
-2.959225388981145954e-02
-2.249240981379507787e-02
-1.474712515662091050e-02
-2.830137316244751844e-02
-2.959225388981145954e-02
-1.151992315123706589e-02
-2.483757332971237020e-03
-1.732888673343957464e-02
-2.894681352689154608e-02
-2.313785019197034387e-02
-2.055608867011038399e-02
-1.991064828582800317e-02
-1.926520790002150818e-02
-1.345624435905001803e-02
-1.216536355536845804e-02
-2.571961168941605536e-02
-3.604665743512747156e-02
-2.507417131734257509e-02
-1.797432712382729392e-02
-2.894681352689154608e-02
-3.023769425120548249e-02
-8.938161519434828506e-03
-1.410168475860018589e-02
-3.152857496941763316e-02
-2.249240981379507787e-02
-8.938161519434828506e-03
-1.474712515662091050e-02
-2.959225388981145954e-02
-2.765593279647937663e-02
-7.647280694367708520e-03
-1.410168475860018589e-02
-2.701049242898356795e-02
-2.055608867011038399e-02
-1.022904233839128096e-02
-1.345624435905001803e-02
-3.023769425120548249e-02
-2.507417131734257509e-02
-8.938161519434828506e-03
-1.991064828582800317e-02
-3.540121708745758156e-02
-1.926520790002150818e-02
-6.356399863189921007e-03
-1.668344634152596484e-02
-3.281945568152977444e-02
-2.184696943409214498e-02
-1.022904233839128096e-02
-1.216536355536845804e-02
-3.281945568152977444e-02
-1.474712515662091050e-02
-1.087448274557800687e-02
-3.798297846899245656e-02
-2.571961168941605536e-02
-6.356399863189921007e-03
-2.055608867011038399e-02
-3.346489603529789747e-02
-2.636505205996186874e-02
-7.001840279542648204e-03
-1.474712515662091050e-02
-2.571961168941605536e-02
-1.151992315123706589e-02
-3.774638182489908900e-03
-1.603800594808468816e-02
-2.055608867011038399e-02
-1.345624435905001803e-02
-1.838316905919512578e-03
-1.345624435905001803e-02
-2.959225388981145954e-02
-8.938161519434828506e-03
-4.420078604958632695e-03
-2.249240981379507787e-02
-2.701049242898356795e-02
-1.797432712382729392e-02
-7.001840279542648204e-03
-1.861976751268734631e-02
-1.861976751268734631e-02
-1.345624435905001803e-02
-8.292721107666878311e-03
-2.120152905286509792e-02
-3.088313461107361491e-02
-7.001840279542648204e-03
-5.474360472277339795e-04
-1.087448274557800687e-02
-2.830137316244751844e-02
-2.055608867011038399e-02
-1.861976751268734631e-02
-3.217401532623576088e-02
-1.861976751268734631e-02
-3.129197758495294579e-03
-1.474712515662091050e-02
-2.894681352689154608e-02
-2.120152905286509792e-02
-5.710959445307750570e-03
-9.583601929676888176e-03
-2.055608867011038399e-02
-1.087448274557800687e-02
-7.001840279542648204e-03
-1.668344634152596484e-02
-2.442873094374498066e-02
-1.151992315123706589e-02
-7.001840279542648204e-03
-2.120152905286509792e-02
-1.926520790002150818e-02
-8.938161519434828506e-03
-1.539256555311574459e-02
-3.023769425120548249e-02
-2.442873094374498066e-02
