1.637182824573812923e-03
9.382460464934183619e-03
2.282622619713237100e-03
-5.462654823332968590e-03
-9.445763410411700534e-04
8.737020653345695109e-03
-2.235455914881612216e-03
-1.385337181054779876e-02
6.155261421948665657e-03
1.390053918793654475e-02
9.382460464934183619e-03
7.446141034655795465e-03
5.509821617838639440e-03
-2.880895699560070966e-03
3.573502214479162831e-03
2.928062416348353736e-03
5.509821617838639440e-03
8.091580843252899058e-03
-2.880895699560070966e-03
-6.108094600540070473e-03
-2.880895699560070966e-03
2.282622619713237100e-03
-7.398974150476078648e-03
-4.171775264433463803e-03
1.454597901149234929e-02
6.155261421948665657e-03
1.637182824573812923e-03
-3.526335482744613614e-03
2.282622619713237100e-03
1.637182824573812923e-03
-2.880895699560070966e-03
2.928062416348353736e-03
1.131877990867202755e-02
3.463032387767128739e-04
-1.320793205126058467e-02
3.463032387767128739e-04
1.260965954531201305e-02
4.864381815224305683e-03
-1.590016128707461007e-03
1.131877990867202755e-02
1.196421972624506225e-02
-3.526335482744613614e-03
-4.817215044630174248e-03
7.446141034655795465e-03
1.002790027801658823e-02
-8.689853694438198772e-03
-1.385337181054779876e-02
9.917430309283048473e-04
6.155261421948665657e-03
-9.445763410411700534e-04
-1.590016128707461007e-03
4.218942014103888027e-03
9.917430309283048473e-04
-9.335293464177496503e-03
-2.880895699560070966e-03
9.382460464934183619e-03
4.864381815224305683e-03
-1.062617299917789637e-02
-4.817215044630174248e-03
3.573502214479162831e-03
-1.590016128707461007e-03
-9.980733232424654489e-03
9.917430309283048473e-04
1.454597901149234929e-02
2.282622619713237100e-03
-7.398974150476078648e-03
5.509821617838639440e-03
4.864381815224305683e-03
-5.462654823332968590e-03
9.917430309283048473e-04
1.131877990867202755e-02
6.155261421948665657e-03
-4.817215044630174248e-03
-2.880895699560070966e-03
8.737020653345695109e-03
-2.880895699560070966e-03
-6.753534376255032612e-03
-3.526335482744613614e-03
3.573502214479162831e-03
2.282622619713237100e-03
-1.837145008377127908e-02
1.637182824573812923e-03
1.712773832068137381e-02
-2.235455914881612216e-03
-5.462654823332968590e-03
8.091580843252899058e-03
8.091580843252899058e-03
-5.462654823332968590e-03
-6.753534376255032612e-03
1.002790027801658823e-02
1.325509936587643267e-02
-9.445763410411700534e-04
-2.991365518791866407e-04
5.509821617838639440e-03
-4.817215044630174248e-03
-1.837145008377127908e-02
-2.991365518791866407e-04
1.906405781829079160e-02
1.196421972624506225e-02
-5.462654823332968590e-03
-4.817215044630174248e-03
-2.991365518791866407e-04
-4.817215044630174248e-03
-4.817215044630174248e-03
1.637182824573812923e-03
5.509821617838639440e-03
-1.590016128707461007e-03
-6.753534376255032612e-03
9.917430309283048473e-04
4.864381815224305683e-03
-2.880895699560070966e-03
-2.991365518791866407e-04
1.454597901149234929e-02
1.325509936587643267e-02
-9.980733232424654489e-03
-9.980733232424654489e-03
4.218942014103888027e-03
-1.590016128707461007e-03
-1.449881156834287310e-02
-2.235455914881612216e-03
1.712773832068137381e-02
1.637182824573812923e-03
-1.708057058459644395e-02
-2.880895699560070966e-03
9.917430309283048473e-04
-4.817215044630174248e-03
-8.689853694438198772e-03
-9.445763410411700534e-04
8.737020653345695109e-03
3.463032387767128739e-04
-9.980733232424654489e-03
-9.335293464177496503e-03
-2.991365518791866407e-04
1.637182824573812923e-03
3.463032387767128739e-04
6.800701227556160688e-03
2.282622619713237100e-03
-1.514425132464580770e-02
-8.689853694438198772e-03
4.864381815224305683e-03
-9.445763410411700534e-04
-2.991365518791866407e-04
5.509821617838639440e-03
1.131877990867202755e-02
1.637182824573812923e-03
-1.127161276443722215e-02
-9.335293464177496503e-03
-2.880895699560070966e-03
-4.817215044630174248e-03
-9.445763410411700534e-04
2.928062416348353736e-03
1.002790027801658823e-02
5.509821617838639440e-03
-6.108094600540070473e-03
4.864381815224305683e-03
8.091580843252899058e-03
-8.044413923204984940e-03
-4.817215044630174248e-03
1.454597901149234929e-02
1.777317815172096971e-02
-3.526335482744613614e-03
-1.966232957697222616e-02
-5.462654823332968590e-03
9.382460464934183619e-03
-9.335293464177496503e-03
4.864381815224305683e-03
2.874565550846241990e-02
1.325509936587643267e-02
-8.689853694438198772e-03
-2.235455914881612216e-03
8.091580843252899058e-03
-6.108094600540070473e-03
-1.320793205126058467e-02
-9.445763410411700534e-04
1.002790027801658823e-02
3.463032387767128739e-04
-1.191705252820440819e-02
-1.590016128707461007e-03
1.131877990867202755e-02
6.800701227556160688e-03
-6.753534376255032612e-03
3.463032387767128739e-04
4.864381815224305683e-03
-1.127161276443722215e-02
-1.062617299917789637e-02
1.002790027801658823e-02
8.737020653345695109e-03
-9.445763410411700534e-04
-2.880895699560070966e-03
4.218942014103888027e-03
8.091580843252899058e-03
-4.817215044630174248e-03
-8.689853694438198772e-03
3.573502214479162831e-03
-9.445763410411700534e-04
-8.044413923204984940e-03
3.463032387767128739e-04
6.155261421948665657e-03
-1.590016128707461007e-03
-2.991365518791866407e-04
4.864381815224305683e-03
1.260965954531201305e-02
4.218942014103888027e-03
3.573502214479162831e-03
-4.817215044630174248e-03
1.637182824573812923e-03
3.463032387767128739e-04
-6.753534376255032612e-03
4.864381815224305683e-03
1.390053918793654475e-02
1.067334009259646166e-02
-2.235455914881612216e-03
-2.880895699560070966e-03
-2.235455914881612216e-03
-1.062617299917789637e-02
-8.689853694438198772e-03
-3.526335482744613614e-03
-4.171775264433463803e-03
-4.817215044630174248e-03
9.917430309283048473e-04
1.196421972624506225e-02
-2.235455914881612216e-03
-8.689853694438198772e-03
6.155261421948665657e-03
1.519141883654562264e-02
3.463032387767128739e-04
-9.335293464177496503e-03
-3.526335482744613614e-03
6.155261421948665657e-03
5.509821617838639440e-03
2.282622619713237100e-03
1.067334009259646166e-02
6.800701227556160688e-03
-9.980733232424654489e-03
-9.335293464177496503e-03
-9.445763410411700534e-04
-2.880895699560070966e-03
-1.191705252820440819e-02
-2.880895699560070966e-03
1.712773832068137381e-02
6.800701227556160688e-03
-6.753534376255032612e-03
8.737020653345695109e-03
1.583685866309458845e-02
3.573502214479162831e-03
-2.235455914881612216e-03
8.091580843252899058e-03
1.196421972624506225e-02
-2.235455914881612216e-03
-6.108094600540070473e-03
9.917430309283048473e-04
1.637182824573812923e-03
-6.753534376255032612e-03
-8.689853694438198772e-03
5.509821617838639440e-03
5.509821617838639440e-03
-9.980733232424654489e-03
-1.127161276443722215e-02
5.509821617838639440e-03
5.509821617838639440e-03
-7.398974150476078648e-03
2.928062416348353736e-03
6.800701227556160688e-03
-1.320793205126058467e-02
-1.578969107945482619e-02
1.637182824573812923e-03
1.002790027801658823e-02
6.155261421948665657e-03
-2.991365518791866407e-04
6.800701227556160688e-03
7.446141034655795465e-03
-6.753534376255032612e-03
-1.127161276443722215e-02
4.864381815224305683e-03
9.382460464934183619e-03
-9.445763410411700534e-04
-2.235455914881612216e-03
4.864381815224305683e-03
2.282622619713237100e-03
-3.526335482744613614e-03
-3.526335482744613614e-03
6.155261421948665657e-03
9.917430309283048473e-04
-8.044413923204984940e-03
-2.991365518791866407e-04
4.218942014103888027e-03
-9.445763410411700534e-04
-8.044413923204984940e-03
3.463032387767128739e-04
4.864381815224305683e-03
-2.880895699560070966e-03
-2.991365518791866407e-04
5.509821617838639440e-03
8.091580843252899058e-03
-3.526335482744613614e-03
-1.385337181054779876e-02
6.800701227556160688e-03
6.155261421948665657e-03
-1.901688983111782250e-02
-1.901688983111782250e-02
-2.676216668292497047e-02
-6.226134950829909087e-02
-9.646964870298191386e-02
-1.080875606891336105e-01
-1.151873955555338114e-01
-1.345505806448610286e-01
-1.532683249670423464e-01
-1.558500827071682693e-01
-1.435867332312916744e-01
-1.500411277586870540e-01
-1.687588710539049686e-01
-1.642407951996194271e-01
-1.539137644042867237e-01
-1.694043104557660939e-01
-1.823130981837053355e-01
-1.700497498561546195e-01
-1.629499163708452159e-01
-1.771495831632066142e-01
-1.984490820158875124e-01
-1.816676588112944302e-01
-1.681134316505712434e-01
-1.855402950236832993e-01
-1.939310066355197648e-01
-1.784404619271633408e-01
-1.732769468359975917e-01
-2.003854000140012914e-01
-2.126487470283606740e-01
-2.061943539289963212e-01
-2.068397932455408039e-01
-2.120033077250305098e-01
-2.049034752915019908e-01
-1.990945213500623368e-01
-2.055489146109845677e-01
-2.152305042270015178e-01
-2.094215504970318165e-01
-2.029671573242453064e-01
-2.055489146109845677e-01
-2.061943539289963212e-01
-2.055489146109845677e-01
-2.287847291347588907e-01
-2.720291566657007110e-01
-3.030102350437928749e-01
-3.062374305150363796e-01
-3.178553339101686248e-01
-3.449637733334327550e-01
-3.565816751593811063e-01
-3.533544802548664876e-01
-3.765902827587783719e-01
-4.056350332514551127e-01
-3.991806445059769004e-01
-3.759448438256818292e-01
-3.630360648596848705e-01
-3.630360648596848705e-01
-3.391548222441613802e-01
-3.101100650324770669e-01
-3.081737477803070391e-01
-3.107555041136205176e-01
-2.978467222140626092e-01
-2.707382783269896009e-01
-2.720291566657007110e-01
-2.875196962747832430e-01
-2.771926699621385382e-01
-2.784835482716481181e-01
-2.926832092910736094e-01
-2.907468919209001967e-01
-2.791289874242153246e-01
-2.662202040954841920e-01
-2.726745958328660180e-01
-2.713837174970752386e-01
-2.584749338177498856e-01
-2.591203730156017571e-01
-2.726745958328660180e-01
-2.681565216320365153e-01
-2.513751025448751619e-01
-2.552477378065631797e-01
-2.771926699621385382e-01
-2.771926699621385382e-01
-2.655747649137119026e-01
-2.629930081720068813e-01
-2.662202040954841920e-01
-2.597658122119899105e-01
-2.597658122119899105e-01
-2.707382783269896009e-01
-2.720291566657007110e-01
-2.636384473596251610e-01
-2.623475689829266599e-01
-2.662202040954841920e-01
-2.778381091176242990e-01
-2.707382783269896009e-01
-2.558931770117265359e-01
-2.733200349985711597e-01
-2.881651354069223459e-01
-2.571840554176620941e-01
-2.597658122119899105e-01
-2.823561831651524301e-01
-2.817107440198842738e-01
-2.662202040954841920e-01
-2.720291566657007110e-01
-2.901014527945928734e-01
-2.739654741628161361e-01
-2.584749338177498856e-01
-2.688019608079663669e-01
-2.913923310457491311e-01
-2.797744265753223658e-01
-2.662202040954841920e-01
-2.688019608079663669e-01
-2.655747649137119026e-01
-2.468570280063371314e-01
-2.371754394679470579e-01
-2.520205417588137209e-01
-2.759017916467900733e-01
-2.713837174970752386e-01
-2.707382783269896009e-01
-2.784835482716481181e-01
-2.791289874242153246e-01
-2.739654741628161361e-01
-2.623475689829266599e-01
-2.649293257304776716e-01
-2.791289874242153246e-01
-2.713837174970752386e-01
-2.688019608079663669e-01
-2.700928391554420216e-01
-2.584749338177498856e-01
-2.578294946184378489e-01
-2.694473999824342769e-01
-2.797744265753223658e-01
-2.707382783269896009e-01
-2.597658122119899105e-01
-2.649293257304776716e-01
-2.700928391554420216e-01
-2.597658122119899105e-01
-2.720291566657007110e-01
-2.888105745376048361e-01
-2.894560136668289374e-01
-2.707382783269896009e-01
-2.597658122119899105e-01
-2.765472308051943884e-01
-2.817107440198842738e-01
-2.649293257304776716e-01
-2.578294946184378489e-01
-2.662202040954841920e-01
-2.610566906003821686e-01
-2.507296633294728849e-01
-2.533114201823014611e-01
-2.771926699621385382e-01
-2.933286484115473769e-01
-3.075283086933406906e-01
-3.391548222441613802e-01
-3.610997479648112574e-01
-3.681995765155985367e-01
-3.552907972019241356e-01
-3.391548222441613802e-01
-3.385093832269845393e-01
-3.043011132366597593e-01
-2.933286484115473769e-01
-3.165644557784368374e-01
-3.030102350437928749e-01
-2.933286484115473769e-01
-2.939740875305663081e-01
-3.036556741409555116e-01
-2.997830395361376077e-01
-2.823561831651524301e-01
-2.842925005922047887e-01
-3.010739177435706182e-01
-2.959104048788727681e-01
-2.868742571411857512e-01
-2.933286484115473769e-01
-2.926832092910736094e-01
-2.855833788696120479e-01
-2.849379397316376128e-01
-2.965558439920599199e-01
-3.101100650324770669e-01
-2.972012831037904590e-01
-2.901014527945928734e-01
-3.088191868658203276e-01
-3.133372604236459580e-01
-3.010739177435706182e-01
-2.972012831037904590e-01
-3.055919914237001933e-01
-3.062374305150363796e-01
-3.004284786405815311e-01
-2.972012831037904590e-01
-3.094646259498770036e-01
-3.126918213483218523e-01
-2.978467222140626092e-01
-3.062374305150363796e-01
-3.314095539421746395e-01
-3.301186758715068947e-01
-3.107555041136205176e-01
-3.101100650324770669e-01
-3.146281385699278843e-01
-3.107555041136205176e-01
-2.978467222140626092e-01
-2.959104048788727681e-01
-2.952649657642272274e-01
-2.901014527945928734e-01
-2.862288180061280940e-01
-2.926832092910736094e-01
-3.081737477803070391e-01
-3.055919914237001933e-01
-2.972012831037904590e-01
-3.062374305150363796e-01
-3.139826994975152274e-01
-3.023647959451754019e-01
-3.030102350437928749e-01
-3.146281385699278843e-01
-3.030102350437928749e-01
-2.972012831037904590e-01
-3.114009431933109084e-01
-3.197916510968550341e-01
-3.165644557784368374e-01
-3.062374305150363796e-01
-3.094646259498770036e-01
-3.068828696049159532e-01
-2.965558439920599199e-01
-2.836470614513135757e-01
-2.571840554176620941e-01
-2.552477378065631797e-01
-2.281392898681016135e-01
-2.061943539289963212e-01
-2.107124291139683692e-01
-2.068397932455408039e-01
-2.016762786720622813e-01
-1.836039769241111230e-01
-1.745678256176237397e-01
-1.771495831632066142e-01
-1.661771134317273635e-01
-1.616590375361734999e-01
-1.616590375361734999e-01
-1.481048094159689299e-01
-1.293870647511656813e-01
-1.280961857629598910e-01
-1.422958543080969918e-01
-1.422958543080969918e-01
-1.274507462666392144e-01
-1.268053067688406088e-01
-1.306779437334579796e-01
-1.197054721954451395e-01
-1.067966816032654975e-01
-1.087330002298472209e-01
-1.177691536443621345e-01
-1.106693188430973862e-01
-9.905140696361769415e-02
-9.324245084382987159e-02
-9.711508827036396951e-02
-9.517876956376980502e-02
-8.807893419207424301e-02
-1.029240443101109292e-01
-1.022786047560675371e-01
-8.807893419207424301e-02
-8.033365903640543593e-02
-9.066069252981634463e-02
-9.324245084382987159e-02
-8.291541744537234138e-02
-8.549717583059468495e-02
-9.324245084382987159e-02
-9.195157168978873585e-02
-7.775190060368686318e-02
-8.097909864087426968e-02
-8.936981336391269792e-02
-7.904277982301621819e-02
-6.742486663519287049e-02
-7.581558176355862599e-02
-8.420629664095180544e-02
-7.775190060368686318e-02
-5.774327194421680076e-02
-7.323382328926264506e-02
-9.130613211054416922e-02
-7.646102137841914725e-02
-5.451607363953847596e-02
-6.032503056118621032e-02
-7.387926291006330359e-02
-6.290678915436487273e-02
-5.903415125567512689e-02
-8.549717583059468495e-02
-7.968821943045334422e-02
-5.257975463887909484e-02
-5.516151330344953863e-02
-7.581558176355862599e-02
-7.323382328926264506e-02
-6.032503056118621032e-02
-6.419766844203245171e-02
-7.968821943045334422e-02
-6.161590986074827470e-02
-4.741623723831445147e-02
-5.903415125567512689e-02
-6.742486663519287049e-02
-5.451607363953847596e-02
-4.806167691859286606e-02
-5.709783228625653351e-02
-5.774327194421680076e-02
-5.709783228625653351e-02
-5.064343562482953587e-02
-5.257975463887909484e-02
-5.774327194421680076e-02
-4.677079755654567350e-02
-5.128887529766856801e-02
-6.548854772375634070e-02
-6.936118553325343328e-02
-6.290678915436487273e-02
-5.709783228625653351e-02
-6.290678915436487273e-02
-5.903415125567512689e-02
-4.547991818854235646e-02
-4.677079755654567350e-02
-5.257975463887909484e-02
-4.741623723831445147e-02
-4.935255627468926320e-02
-5.645239262680767922e-02
-5.580695296587201426e-02
-4.031640065696784347e-02
-3.838008155805283650e-02
-5.451607363953847596e-02
-6.097047021171064785e-02
-5.193431496901723676e-02
-4.935255627468926320e-02
-5.516151330344953863e-02
-5.387063397414060262e-02
-4.612535787328830850e-02
-3.902552125918035131e-02
-4.741623723831445147e-02
-5.645239262680767922e-02
-3.967096095881927909e-02
-3.063480502829385443e-02
-4.031640065696784347e-02
-3.967096095881927909e-02
-3.257112418085306160e-02
-3.644376244572988810e-02
-4.354359912537120181e-02
-4.483447850230781739e-02
-4.160728004879743480e-02
-4.547991818854235646e-02
-5.064343562482953587e-02
-4.160728004879743480e-02
-3.321656389539207055e-02
-4.289815943466734893e-02
-4.999799595050369305e-02
-2.934392558580078969e-02
-3.967096095881927909e-02
-5.709783228625653351e-02
-5.193431496901723676e-02
-3.450744331999899828e-02
-2.934392558580078969e-02
-4.999799595050369305e-02
-5.451607363953847596e-02
-2.482584749010996461e-02
-2.159864880558792777e-02
-4.677079755654567350e-02
-4.289815943466734893e-02
-2.353496802077614802e-02
-3.902552125918035131e-02
-5.709783228625653351e-02
-4.418903881458291494e-02
-2.998936530779339193e-02
-4.160728004879743480e-02
-4.547991818854235646e-02
-2.418040775618912619e-02
-2.482584749010996461e-02
-4.418903881458291494e-02
-5.257975463887909484e-02
-3.773464185543495830e-02
-2.934392558580078969e-02
-3.515288303006514070e-02
-3.192568446482368927e-02
-1.772601033493081957e-02
-2.611672695347877493e-02
-4.225271974247668538e-02
-4.483447850230781739e-02
-3.708920215132671672e-02
-3.708920215132671672e-02
-3.967096095881927909e-02
-3.321656389539207055e-02
-3.321656389539207055e-02
-4.870711659738624633e-02
-5.387063397414060262e-02
-3.838008155805283650e-02
-2.418040775618912619e-02
-3.063480502829385443e-02
-4.483447850230781739e-02
-3.644376244572988810e-02
-2.740760641088080263e-02
-3.644376244572988810e-02
-3.450744331999899828e-02
-2.418040775618912619e-02
-2.740760641088080263e-02
-4.999799595050369305e-02
-4.547991818854235646e-02
-2.998936530779339193e-02
-3.644376244572988810e-02
-4.483447850230781739e-02
-3.902552125918035131e-02
-3.321656389539207055e-02
-3.773464185543495830e-02
-4.483447850230781739e-02
-2.998936530779339193e-02
-1.966232957697222616e-02
-3.321656389539207055e-02
-3.515288303006514070e-02
-2.740760641088080263e-02
-2.740760641088080263e-02
-3.902552125918035131e-02
-4.999799595050369305e-02
-2.934392558580078969e-02
-2.805304613734449504e-02
-3.967096095881927909e-02
-3.902552125918035131e-02
-2.482584749010996461e-02
-2.418040775618912619e-02
-3.579832273864269609e-02
-4.870711659738624633e-02
-1.966232957697222616e-02
-1.837145008377127908e-02
-3.063480502829385443e-02
-2.547128722253866329e-02
-2.095320906420816698e-02
-2.998936530779339193e-02
-3.579832273864269609e-02
-2.418040775618912619e-02
-1.966232957697222616e-02
-3.644376244572988810e-02
-2.869848586231960041e-02
-1.578969107945482619e-02
-2.030776932133804280e-02
-4.289815943466734893e-02
-4.225271974247668538e-02
-3.321656389539207055e-02
-2.998936530779339193e-02
-3.257112418085306160e-02
-2.676216668292497047e-02
-1.643513083277348130e-02
-1.966232957697222616e-02
-2.805304613734449504e-02
-1.578969107945482619e-02
-1.127161276443722215e-02
-2.998936530779339193e-02
-3.450744331999899828e-02
-1.320793205126058467e-02
-6.108094600540070473e-03
-2.805304613734449504e-02
-3.902552125918035131e-02
-1.837145008377127908e-02
-8.689853694438198772e-03
-2.288952828387103011e-02
-2.869848586231960041e-02
-1.385337181054779876e-02
-1.966232957697222616e-02
-3.644376244572988810e-02
-2.547128722253866329e-02
-7.398974150476078648e-03
-1.449881156834287310e-02
-2.805304613734449504e-02
-2.676216668292497047e-02
-1.191705252820440819e-02
-1.708057058459644395e-02
-2.869848586231960041e-02
-1.901688983111782250e-02
-1.385337181054779876e-02
-2.740760641088080263e-02
-2.934392558580078969e-02
-1.062617299917789637e-02
-1.708057058459644395e-02
-3.902552125918035131e-02
-2.482584749010996461e-02
-1.191705252820440819e-02
-1.708057058459644395e-02
-1.966232957697222616e-02
-2.288952828387103011e-02
-1.449881156834287310e-02
-1.772601033493081957e-02
-3.257112418085306160e-02
-1.643513083277348130e-02
-1.256249229047945448e-02
-1.901688983111782250e-02
-2.740760641088080263e-02
-2.418040775618912619e-02
-2.159864880558792777e-02
-2.934392558580078969e-02
-3.257112418085306160e-02
-2.418040775618912619e-02
-1.578969107945482619e-02
-2.095320906420816698e-02
-2.353496802077614802e-02
-1.578969107945482619e-02
-1.708057058459644395e-02
-2.353496802077614802e-02
-2.095320906420816698e-02
-1.708057058459644395e-02
-2.547128722253866329e-02
-3.321656389539207055e-02
-2.288952828387103011e-02
-1.578969107945482619e-02
-2.288952828387103011e-02
-2.805304613734449504e-02
-1.772601033493081957e-02
-1.320793205126058467e-02
-2.418040775618912619e-02
-2.998936530779339193e-02
-1.837145008377127908e-02
-9.335293464177496503e-03
-2.095320906420816698e-02
-2.482584749010996461e-02
-1.449881156834287310e-02
-2.095320906420816698e-02
-2.611672695347877493e-02
-1.708057058459644395e-02
-8.689853694438198772e-03
-1.320793205126058467e-02
-2.095320906420816698e-02
-1.127161276443722215e-02
-6.108094600540070473e-03
-2.095320906420816698e-02
-2.934392558580078969e-02
-2.030776932133804280e-02
-1.191705252820440819e-02
-2.159864880558792777e-02
-2.224408854547554881e-02
-1.320793205126058467e-02
-2.030776932133804280e-02
-3.579832273864269609e-02
-3.708920215132671672e-02
-1.449881156834287310e-02
-1.191705252820440819e-02
-2.740760641088080263e-02
-2.611672695347877493e-02
-1.837145008377127908e-02
-1.127161276443722215e-02
-1.837145008377127908e-02
-1.385337181054779876e-02
-6.108094600540070473e-03
-9.335293464177496503e-03
-1.772601033493081957e-02
-9.335293464177496503e-03
-1.127161276443722215e-02
-2.224408854547554881e-02
-2.353496802077614802e-02
-5.462654823332968590e-03
7.446141034655795465e-03
-7.398974150476078648e-03
-1.708057058459644395e-02
-1.385337181054779876e-02
-1.320793205126058467e-02
-1.385337181054779876e-02
-1.127161276443722215e-02
-1.127161276443722215e-02
-2.159864880558792777e-02
-2.095320906420816698e-02
-1.320793205126058467e-02
-1.127161276443722215e-02
-1.966232957697222616e-02
-2.159864880558792777e-02
-1.643513083277348130e-02
-9.980733232424654489e-03
-2.030776932133804280e-02
-2.676216668292497047e-02
-8.689853694438198772e-03
-2.235455914881612216e-03
-2.095320906420816698e-02
-2.740760641088080263e-02
-1.385337181054779876e-02
-8.044413923204984940e-03
-2.482584749010996461e-02
-2.418040775618912619e-02
-4.171775264433463803e-03
-6.108094600540070473e-03
-1.643513083277348130e-02
-7.398974150476078648e-03
-4.817215044630174248e-03
-1.320793205126058467e-02
-1.514425132464580770e-02
-1.590016128707461007e-03
-4.171775264433463803e-03
-2.030776932133804280e-02
-2.547128722253866329e-02
-1.385337181054779876e-02
-1.191705252820440819e-02
-1.966232957697222616e-02
-2.095320906420816698e-02
-1.256249229047945448e-02
-1.127161276443722215e-02
-2.095320906420816698e-02
-1.385337181054779876e-02
-4.171775264433463803e-03
-1.256249229047945448e-02
-2.482584749010996461e-02
