6.244569106739206177e-03
-8.552758431790152827e-04
-1.053688229484350813e-02
-8.552758431790152827e-04
1.463529519538830925e-02
6.244569106739206177e-03
-7.955120608031052143e-03
-8.600561032025666464e-03
-7.309680182506994583e-03
-6.664239755455270142e-03
9.471771417910446189e-03
2.108970005506449752e-02
4.953688192985694627e-03
-6.664239755455270142e-03
-6.018799326874102462e-03
8.180890488850067754e-03
1.011721188473657662e-02
-1.505496518792703853e-02
-7.955120608031052143e-03
-2.098354008346348110e-04
-8.552758431790152827e-04
3.662807285351732389e-03
5.599128649096840604e-03
4.953688192985694627e-03
-2.098354008346348110e-04
-1.376408436897058607e-02
3.662807285351732389e-03
1.205353329440050913e-02
-6.664239755455270142e-03
-1.053688229484350813e-02
1.081045488440679492e-03
7.535450026615819752e-03
-3.437037597258552069e-03
-3.437037597258552069e-03
7.535450026615819752e-03
6.244569106739206177e-03
-5.373358896763491543e-03
-1.500716283992176159e-03
5.599128649096840604e-03
-2.146156723277670153e-03
-1.376408436897058607e-02
-1.500716283992176159e-03
1.463529519538830925e-02
6.244569106739206177e-03
-5.373358896763491543e-03
4.356050430391888995e-04
6.244569106739206177e-03
-5.373358896763491543e-03
-1.500716283992176159e-03
1.011721188473657662e-02
-8.552758431790152827e-04
-1.634584600077282346e-02
-9.246001454494390259e-03
8.180890488850067754e-03
7.535450026615819752e-03
-1.500716283992176159e-03
7.535450026615819752e-03
1.140809282298249627e-02
5.599128649096840604e-03
-7.309680182506994583e-03
2.371926383835543106e-03
9.471771417910446189e-03
-2.791597161031944552e-03
-6.664239755455270142e-03
4.308247738402215532e-03
8.826330952615535352e-03
-3.437037597258552069e-03
-1.634584600077282346e-02
-2.791597161031944552e-03
4.308247738402215532e-03
-8.600561032025666464e-03
-5.373358896763491543e-03
1.081045488440679492e-03
-2.146156723277670153e-03
-2.791597161031944552e-03
3.017366833827139772e-03
2.108970005506449752e-02
1.140809282298249627e-02
-1.247320354390346608e-02
4.356050430391888995e-04
1.205353329440050913e-02
2.371926383835543106e-03
-1.053688229484350813e-02
1.726485935373389680e-03
-4.727918465123437386e-03
-1.376408436897058607e-02
1.011721188473657662e-02
1.915337858107868385e-02
-2.146156723277670153e-03
-1.440952477921264574e-02
-5.373358896763491543e-03
1.721705712087739926e-02
1.721705712087739926e-02
4.356050430391888995e-04
1.081045488440679492e-03
7.535450026615819752e-03
-3.437037597258552069e-03
3.662807285351732389e-03
4.953688192985694627e-03
-2.098354008346348110e-04
-2.791597161031944552e-03
-2.098354008346348110e-04
3.662807285351732389e-03
7.535450026615819752e-03
-6.018799326874102462e-03
-6.018799326874102462e-03
6.890009565914567702e-03
7.535450026615819752e-03
-3.437037597258552069e-03
-4.082478031955716347e-03
2.371926383835543106e-03
-5.373358896763491543e-03
-1.376408436897058607e-02
3.017366833827139772e-03
1.657161663720785327e-02
4.953688192985694627e-03
-4.082478031955716347e-03
3.662807285351732389e-03
3.662807285351732389e-03
-2.098354008346348110e-04
-1.500716283992176159e-03
4.308247738402215532e-03
4.356050430391888995e-04
-1.182776312907840577e-02
-7.309680182506994583e-03
4.953688192985694627e-03
-1.500716283992176159e-03
-7.309680182506994583e-03
-1.500716283992176159e-03
3.017366833827139772e-03
4.356050430391888995e-04
-2.146156723277670153e-03
6.890009565914567702e-03
1.398985471784364165e-02
-4.727918465123437386e-03
-1.763672680750794086e-02
-1.500716283992176159e-03
1.081045488440679492e-03
-9.246001454494390259e-03
-6.664239755455270142e-03
1.076265235309392665e-02
1.205353329440050913e-02
-2.146156723277670153e-03
-7.955120608031052143e-03
-1.500716283992176159e-03
1.205353329440050913e-02
-3.437037597258552069e-03
3.662807285351732389e-03
8.180890488850067754e-03
-9.246001454494390259e-03
-1.828216720858577560e-02
-2.791597161031944552e-03
1.269897376734974159e-02
1.081045488440679492e-03
-1.182776312907840577e-02
2.371926383835543106e-03
8.826330952615535352e-03
-4.727918465123437386e-03
-2.098354008346348110e-04
6.890009565914567702e-03
-3.437037597258552069e-03
-1.570040559511376443e-02
-2.791597161031944552e-03
6.244569106739206177e-03
-3.437037597258552069e-03
-7.309680182506994583e-03
3.662807285351732389e-03
4.953688192985694627e-03
-2.098354008346348110e-04
-7.955120608031052143e-03
2.371926383835543106e-03
4.308247738402215532e-03
-7.309680182506994583e-03
-4.082478031955716347e-03
4.953688192985694627e-03
1.081045488440679492e-03
-2.791597161031944552e-03
4.953688192985694627e-03
1.786249760607994119e-02
1.205353329440050913e-02
-4.082478031955716347e-03
-6.664239755455270142e-03
-1.500716283992176159e-03
3.017366833827139772e-03
-2.098354008346348110e-04
4.308247738402215532e-03
8.180890488850067754e-03
-2.146156723277670153e-03
-4.727918465123437386e-03
1.011721188473657662e-02
6.890009565914567702e-03
-6.664239755455270142e-03
-7.955120608031052143e-03
1.081045488440679492e-03
1.205353329440050913e-02
3.662807285351732389e-03
-2.791597161031944552e-03
1.398985471784364165e-02
4.953688192985694627e-03
-4.082478031955716347e-03
1.205353329440050913e-02
1.398985471784364165e-02
-1.500716283992176159e-03
-6.018799326874102462e-03
7.535450026615819752e-03
1.334441424183197000e-02
-5.373358896763491543e-03
-4.727918465123437386e-03
2.371926383835543106e-03
3.662807285351732389e-03
1.081045488440679492e-03
-5.373358896763491543e-03
3.662807285351732389e-03
-8.552758431790152827e-04
-1.311864395720263587e-02
-7.955120608031052143e-03
-1.500716283992176159e-03
-4.082478031955716347e-03
-8.552758431790152827e-04
1.011721188473657662e-02
8.180890488850067754e-03
-2.146156723277670153e-03
-6.018799326874102462e-03
4.356050430391888995e-04
1.081045488440679492e-03
-4.082478031955716347e-03
-2.146156723277670153e-03
1.269897376734974159e-02
2.371926383835543106e-03
-7.309680182506994583e-03
1.140809282298249627e-02
1.786249760607994119e-02
1.081045488440679492e-03
-9.246001454494390259e-03
4.953688192985694627e-03
1.140809282298249627e-02
4.953688192985694627e-03
6.244569106739206177e-03
1.205353329440050913e-02
7.535450026615819752e-03
-9.246001454494390259e-03
-5.373358896763491543e-03
4.308247738402215532e-03
-2.146156723277670153e-03
-1.182776312907840577e-02
-1.311864395720263587e-02
-2.098354008346348110e-04
2.371926383835543106e-03
-6.018799326874102462e-03
5.599128649096840604e-03
1.592617615506952689e-02
6.244569106739206177e-03
-1.182776312907840577e-02
-4.727918465123437386e-03
3.017366833827139772e-03
-6.018799326874102462e-03
1.726485935373389680e-03
1.269897376734974159e-02
5.599128649096840604e-03
-1.053688229484350813e-02
-2.146156723277670153e-03
9.471771417910446189e-03
3.662807285351732389e-03
-2.098354008346348110e-04
8.180890488850067754e-03
8.180890488850067754e-03
-1.053688229484350813e-02
-1.440952477921264574e-02
8.826330952615535352e-03
1.915337858107868385e-02
-8.600561032025666464e-03
-1.182776312907840577e-02
5.599128649096840604e-03
-2.146156723277670153e-03
-8.600561032025666464e-03
4.953688192985694627e-03
-1.500716283992176159e-03
-9.246001454494390259e-03
-5.373358896763491543e-03
8.180890488850067754e-03
1.334441424183197000e-02
1.081045488440679492e-03
-7.955120608031052143e-03
2.371926383835543106e-03
5.599128649096840604e-03
1.081045488440679492e-03
-2.146156723277670153e-03
1.011721188473657662e-02
1.140809282298249627e-02
-2.146156723277670153e-03
-9.891441875431894459e-03
1.726485935373389680e-03
3.017366833827139772e-03
1.726485935373389680e-03
1.140809282298249627e-02
1.076265235309392665e-02
-4.082478031955716347e-03
-9.891441875431894459e-03
1.726485935373389680e-03
-1.118232271272567857e-02
-4.216346097543066662e-02
-5.442682723371738973e-02
-5.184506596188498406e-02
-6.152667060564986912e-02
-6.604475265554299312e-02
-6.475387207746763352e-02
-6.862651379343986946e-02
-7.895355810172688393e-02
-8.347163986425165660e-02
-8.540796059683053443e-02
-8.153531911800016019e-02
-7.895355810172688393e-02
-8.798972155233997228e-02
-7.701723732356668961e-02
-7.249915545465768218e-02
-7.443547626474078527e-02
-8.411708010996399310e-02
-9.638044448997717950e-02
-9.702588470532447218e-02
-1.015439661702739471e-01
-9.250780316602202902e-02
-7.701723732356668961e-02
-7.830811784386071395e-02
-8.863516178742081308e-02
-8.863516178742081308e-02
-8.088987886621268331e-02
-8.540796059683053443e-02
-1.073529279445732953e-01
-1.079983681341367685e-01
-1.002530857593022517e-01
-1.125164494186332576e-01
-1.189708511248230849e-01
-1.092892485087144649e-01
-8.992604225302791576e-02
-1.021894063734851699e-01
-1.215526117648835225e-01
-9.638044448997717950e-02
-9.186236294005212244e-02
-1.125164494186332576e-01
-1.112255690592132140e-01
-8.992604225302791576e-02
-9.379868361341081595e-02
-1.157436502906659115e-01
-1.067074877534945898e-01
-9.573500427311110172e-02
-1.163890904605278109e-01
-1.247798125308907657e-01
-1.099346886937286882e-01
-1.150982101192887797e-01
-1.389794954518244197e-01
-1.409158157934093936e-01
-1.241343723807162291e-01
-1.125164494186332576e-01
-1.247798125308907657e-01
-1.254252526795500700e-01
-1.131618895960695426e-01
-1.247798125308907657e-01
-1.331705343454050450e-01
-1.183254109610221150e-01
-1.112255690592132140e-01
-1.163890904605278109e-01
-1.331705343454050450e-01
-1.292978935397179896e-01
-1.073529279445732953e-01
-1.286524534001394215e-01
-1.331705343454050450e-01
-1.138073297719923715e-01
-1.196162912871105988e-01
-1.357522948522724704e-01
-1.234889322290317892e-01
-1.092892485087144649e-01
-1.163890904605278109e-01
-1.170345306288744780e-01
-1.060620475608988755e-01
-1.099346886937286882e-01
-1.241343723807162291e-01
-1.363977349752083512e-01
-1.209071716071417057e-01
-1.079983681341367685e-01
-1.196162912871105988e-01
-1.292978935397179896e-01
-1.221980519211154359e-01
-1.144527699463981918e-01
-1.228434920758303406e-01
-1.267161329723265339e-01
-1.060620475608988755e-01
-1.099346886937286882e-01
-1.241343723807162291e-01
-1.138073297719923715e-01
-1.028348465751793839e-01
-1.215526117648835225e-01
-1.376886152165397448e-01
-1.067074877534945898e-01
-9.702588470532447218e-02
-1.292978935397179896e-01
-1.318796540828959252e-01
-1.150982101192887797e-01
-1.202617314478828803e-01
-1.299433336777813253e-01
-1.241343723807162291e-01
-1.209071716071417057e-01
-1.363977349752083512e-01
-1.338159744743911972e-01
-1.228434920758303406e-01
-1.338159744743911972e-01
-1.557609379603430710e-01
-1.699606192855949161e-01
-1.796422197705904722e-01
-2.035234995177397366e-01
-2.370863756830363656e-01
-2.577404513067662606e-01
-2.590313309823173427e-01
-2.622585301449955608e-01
-2.751673264216574211e-01
-2.790399651880157705e-01
-2.616130903154552101e-01
-2.422498947328453056e-01
-2.222412578800128102e-01
-2.041689394823116288e-01
-2.002962996723205436e-01
-2.048143794453789468e-01
-2.041689394823116288e-01
-1.919055798981883498e-01
-1.815785398268925377e-01
-1.951327798414155268e-01
-1.815785398268925377e-01
-1.647970988881919396e-01
-1.744786995541396379e-01
-1.686697391952947100e-01
-1.673788590989619962e-01
-1.518882974721087464e-01
-1.409158157934093936e-01
-1.467247767365353894e-01
-1.428521361213892504e-01
-1.441430163324834979e-01
-1.505974172972788239e-01
-1.525337375572561882e-01
-1.389794954518244197e-01
-1.273615731164454701e-01
-1.396249355671983494e-01
-1.518882974721087464e-01
-1.467247767365353894e-01
-1.402703756810605995e-01
-1.454338965375310266e-01
-1.518882974721087464e-01
-1.518882974721087464e-01
-1.622153386532811936e-01
-1.680242991478824166e-01
-1.544700578036390937e-01
-1.480156569294930335e-01
-1.609244585267681771e-01
-1.589881383256823710e-01
-1.389794954518244197e-01
-1.415612559042482843e-01
-1.602790184612494784e-01
-1.589881383256823710e-01
-1.544700578036390937e-01
-1.589881383256823710e-01
-1.628607787142719587e-01
-1.531791776408955030e-01
-1.402703756810605995e-01
-1.551154978827469222e-01
-1.647970988881919396e-01
-1.557609379603430710e-01
-1.512428573854496250e-01
-1.596335783942208764e-01
-1.641516588317273317e-01
-1.544700578036390937e-01
-1.583426982556339624e-01
-1.744786995541396379e-01
-1.615698985907805252e-01
-1.447884564357639903e-01
-1.628607787142719587e-01
-1.718969394097342729e-01
-1.557609379603430710e-01
-1.370431750966307760e-01
-1.415612559042482843e-01
-1.570518181110092115e-01
-1.518882974721087464e-01
-1.460793366377881597e-01
-1.467247767365353894e-01
-1.486610970237070006e-01
-1.467247767365353894e-01
-1.409158157934093936e-01
-1.525337375572561882e-01
-1.422066960135737190e-01
-1.215526117648835225e-01
-1.434975762276913258e-01
-1.628607787142719587e-01
-1.544700578036390937e-01
-1.460793366377881597e-01
-1.641516588317273317e-01
-1.938418998686408656e-01
-2.112687789933573868e-01
-2.177231783910293927e-01
-2.254684574699510335e-01
-2.041689394823116288e-01
-1.912601399050277706e-01
-1.893238199165079294e-01
-1.912601399050277706e-01
-1.815785398268925377e-01
-1.718969394097342729e-01
-1.899692599141875604e-01
-2.028780595516650465e-01
-1.828694198568907581e-01
-1.660879789965949982e-01
-1.673788590989619962e-01
-1.686697391952947100e-01
-1.680242991478824166e-01
-1.783513397255216404e-01
-1.925510198898443548e-01
-1.951327798414155268e-01
-1.783513397255216404e-01
-1.712514993698626142e-01
-1.873874999144380382e-01
-1.867420599107365575e-01
-1.751241395864724382e-01
-1.854511798988127680e-01
-1.770604596744256298e-01
-1.544700578036390937e-01
-1.441430163324834979e-01
-1.667334190485334489e-01
-1.660879789965949982e-01
-1.493065371164075117e-01
-1.725423794480978046e-01
-1.822239798426465995e-01
-1.699606192855949161e-01
-1.531791776408955030e-01
-1.615698985907805252e-01
-1.731878194849532093e-01
-1.706060593284846050e-01
-1.609244585267681771e-01
-1.680242991478824166e-01
-1.777058997007259222e-01
-1.712514993698626142e-01
-1.712514993698626142e-01
-1.706060593284846050e-01
-1.693151792411988765e-01
-1.564063780364310929e-01
-1.531791776408955030e-01
-1.712514993698626142e-01
-1.654425389431466442e-01
-1.525337375572561882e-01
-1.589881383256823710e-01
-1.589881383256823710e-01
-1.538246177230231382e-01
-1.596335783942208764e-01
-1.686697391952947100e-01
-1.757695796172971114e-01
-1.589881383256823710e-01
-1.622153386532811936e-01
-1.809330998096321252e-01
-1.718969394097342729e-01
-1.486610970237070006e-01
-1.467247767365353894e-01
-1.615698985907805252e-01
-1.628607787142719587e-01
-1.460793366377881597e-01
-1.441430163324834979e-01
-1.583426982556339624e-01
-1.609244585267681771e-01
-1.557609379603430710e-01
-1.596335783942208764e-01
-1.564063780364310929e-01
-1.363977349752083512e-01
-1.338159744743911972e-01
-1.480156569294930335e-01
-1.383340553349388102e-01
-1.099346886937286882e-01
-9.638044448997717950e-02
-9.767132491915475612e-02
-9.315324339047492685e-02
-8.282619961702053502e-02
-8.540796059683053443e-02
-9.057148248355240128e-02
-8.411708010996399310e-02
-7.249915545465768218e-02
-7.249915545465768218e-02
-7.959899835807604518e-02
-7.508091653172677127e-02
-6.539931236726559405e-02
-6.475387207746763352e-02
-7.895355810172688393e-02
-6.152667060564986912e-02
-4.280890131852821412e-02
-7.120827490700243345e-02
-8.347163986425165660e-02
-5.959034970429932798e-02
-5.249050628212614811e-02
-6.475387207746763352e-02
-5.507226754786920253e-02
-4.216346097543066662e-02
-6.088123030672143443e-02
-7.249915545465768218e-02
-6.539931236726559405e-02
-5.119962564011792949e-02
-4.990874499201680692e-02
-5.055418531683031347e-02
-4.732698367753407354e-02
-4.990874499201680692e-02
-5.765402878924952290e-02
-4.539066267567548607e-02
-2.925465379328073823e-02
-3.764537853106553200e-02
-5.313594660084675070e-02
-4.603610301115246273e-02
-3.699993817577151844e-02
-5.055418531683031347e-02
-5.636314817160403834e-02
-4.022713993699333912e-02
-3.248185564601513420e-02
-3.829081888483365503e-02
-4.409978200014919025e-02
-5.442682723371738973e-02
-4.926330466568273891e-02
-5.184506596188498406e-02
-5.119962564011792949e-02
-2.667289228362790254e-02
-2.667289228362790254e-02
-3.893625923707944025e-02
-3.506361710074124005e-02
-3.506361710074124005e-02
-4.087258028466322912e-02
-4.409978200014919025e-02
-4.280890131852821412e-02
-4.280890131852821412e-02
-5.378138691804501548e-02
-4.668154334510532522e-02
-3.829081888483365503e-02
-3.699993817577151844e-02
-4.022713993699333912e-02
-4.345434166009987109e-02
-2.796377304150610144e-02
-2.086392879762044572e-02
-3.441817673934721711e-02
-3.958169958779755859e-02
-4.087258028466322912e-02
-3.699993817577151844e-02
-4.022713993699333912e-02
-4.345434166009987109e-02
-3.248185564601513420e-02
-3.119097490949762630e-02
-4.087258028466322912e-02
-3.377273637642730364e-02
-2.731833266333083543e-02
-4.732698367753407354e-02
-4.216346097543066662e-02
-1.763672680750794086e-02
-3.183641527851932551e-02
-4.022713993699333912e-02
-3.570905746060937247e-02
-2.925465379328073823e-02
-3.441817673934721711e-02
-3.054553453895181292e-02
-2.409113074955726574e-02
-2.860921341815725327e-02
-4.474522233867439525e-02
-4.539066267567548607e-02
-2.280024997336305148e-02
-2.150936919106172240e-02
-4.087258028466322912e-02
-2.215480958297533221e-02
-9.891441875431894459e-03
-2.602745190240085549e-02
-2.925465379328073823e-02
-3.119097490949762630e-02
-3.377273637642730364e-02
-4.087258028466322912e-02
-3.119097490949762630e-02
-1.634584600077282346e-02
-2.990009416687833266e-02
-3.635449781895339072e-02
-2.796377304150610144e-02
-1.892760760813594345e-02
-2.538201151964614155e-02
-3.635449781895339072e-02
-2.990009416687833266e-02
-1.828216720858577560e-02
-2.667289228362790254e-02
-3.377273637642730364e-02
-2.602745190240085549e-02
-2.344569036222310388e-02
-3.054553453895181292e-02
-3.248185564601513420e-02
-2.473657113536376073e-02
-2.731833266333083543e-02
-2.860921341815725327e-02
-1.118232271272567857e-02
-9.246001454494390259e-03
-2.731833266333083543e-02
-4.022713993699333912e-02
-3.312729601198327600e-02
-2.280024997336305148e-02
-2.602745190240085549e-02
-2.796377304150610144e-02
-1.763672680750794086e-02
-1.957304800615666807e-02
-3.183641527851932551e-02
-2.538201151964614155e-02
-1.118232271272567857e-02
-1.570040559511376443e-02
-3.183641527851932551e-02
-2.667289228362790254e-02
-1.570040559511376443e-02
-2.538201151964614155e-02
-2.990009416687833266e-02
-2.990009416687833266e-02
-2.990009416687833266e-02
-3.570905746060937247e-02
-3.183641527851932551e-02
-1.247320354390346608e-02
-1.247320354390346608e-02
-2.990009416687833266e-02
-2.409113074955726574e-02
-6.664239755455270142e-03
-1.699128640490421560e-02
-3.183641527851932551e-02
-2.925465379328073823e-02
-2.280024997336305148e-02
-3.377273637642730364e-02
-4.151802063080900496e-02
-1.763672680750794086e-02
-9.891441875431894459e-03
-2.150936919106172240e-02
-2.344569036222310388e-02
-2.215480958297533221e-02
-2.409113074955726574e-02
-3.119097490949762630e-02
-2.860921341815725327e-02
-1.634584600077282346e-02
-2.409113074955726574e-02
-3.312729601198327600e-02
-2.409113074955726574e-02
-2.280024997336305148e-02
-2.925465379328073823e-02
-2.990009416687833266e-02
-2.473657113536376073e-02
-1.763672680750794086e-02
-1.634584600077282346e-02
-2.150936919106172240e-02
-1.634584600077282346e-02
-1.440952477921264574e-02
-2.473657113536376073e-02
-2.086392879762044572e-02
-1.440952477921264574e-02
-2.215480958297533221e-02
-3.377273637642730364e-02
-1.892760760813594345e-02
-9.891441875431894459e-03
-2.409113074955726574e-02
-2.990009416687833266e-02
-2.086392879762044572e-02
-1.440952477921264574e-02
-6.664239755455270142e-03
-8.600561032025666464e-03
-1.634584600077282346e-02
-2.925465379328073823e-02
-3.764537853106553200e-02
-2.796377304150610144e-02
-2.086392879762044572e-02
-2.860921341815725327e-02
-4.022713993699333912e-02
-2.021848840265150216e-02
-1.570040559511376443e-02
-2.667289228362790254e-02
-1.376408436897058607e-02
-6.664239755455270142e-03
-1.311864395720263587e-02
-3.699993817577151844e-02
-3.764537853106553200e-02
-3.437037597258552069e-03
-2.150936919106172240e-02
-3.506361710074124005e-02
-2.021848840265150216e-02
-1.570040559511376443e-02
-2.990009416687833266e-02
-2.280024997336305148e-02
-1.440952477921264574e-02
-1.699128640490421560e-02
-9.891441875431894459e-03
-1.957304800615666807e-02
-2.280024997336305148e-02
-2.667289228362790254e-02
-3.441817673934721711e-02
-2.344569036222310388e-02
-1.311864395720263587e-02
-2.021848840265150216e-02
-2.796377304150610144e-02
-2.215480958297533221e-02
-1.247320354390346608e-02
-1.828216720858577560e-02
-2.150936919106172240e-02
-1.247320354390346608e-02
-1.311864395720263587e-02
-2.280024997336305148e-02
-2.473657113536376073e-02
-1.828216720858577560e-02
-1.763672680750794086e-02
-2.990009416687833266e-02
-3.119097490949762630e-02
-1.763672680750794086e-02
-1.957304800615666807e-02
-3.054553453895181292e-02
-2.344569036222310388e-02
-1.763672680750794086e-02
-2.602745190240085549e-02
-2.602745190240085549e-02
-9.891441875431894459e-03
-1.828216720858577560e-02
-2.990009416687833266e-02
-2.602745190240085549e-02
-1.570040559511376443e-02
-1.311864395720263587e-02
-2.150936919106172240e-02
-2.215480958297533221e-02
-1.892760760813594345e-02
-3.312729601198327600e-02
-2.925465379328073823e-02
-1.182776312907840577e-02
-1.763672680750794086e-02
-2.925465379328073823e-02
-2.150936919106172240e-02
-8.600561032025666464e-03
-1.376408436897058607e-02
-2.925465379328073823e-02
-2.150936919106172240e-02
-8.600561032025666464e-03
-1.311864395720263587e-02
-2.409113074955726574e-02
-1.699128640490421560e-02
-4.727918465123437386e-03
-2.150936919106172240e-02
-2.409113074955726574e-02
-1.118232271272567857e-02
-1.763672680750794086e-02
-2.925465379328073823e-02
-2.473657113536376073e-02
-1.376408436897058607e-02
-1.634584600077282346e-02
-3.377273637642730364e-02
-2.731833266333083543e-02
-1.505496518792703853e-02
-1.440952477921264574e-02
-1.440952477921264574e-02
4.356050430391888995e-04
-6.664239755455270142e-03
-2.602745190240085549e-02
-2.667289228362790254e-02
-1.311864395720263587e-02
-1.182776312907840577e-02
-2.215480958297533221e-02
-2.021848840265150216e-02
-6.664239755455270142e-03
-6.018799326874102462e-03
-1.763672680750794086e-02
-2.344569036222310388e-02
-1.828216720858577560e-02
-1.892760760813594345e-02
-1.957304800615666807e-02
-3.437037597258552069e-03
-4.082478031955716347e-03
-2.150936919106172240e-02
-1.763672680750794086e-02
-4.082478031955716347e-03
-9.246001454494390259e-03
-2.796377304150610144e-02
-2.280024997336305148e-02
-1.311864395720263587e-02
-1.957304800615666807e-02
-2.538201151964614155e-02
-1.505496518792703853e-02
-6.664239755455270142e-03
-1.247320354390346608e-02
-2.473657113536376073e-02
-1.440952477921264574e-02
-1.376408436897058607e-02
-2.086392879762044572e-02
-1.634584600077282346e-02
-1.634584600077282346e-02
-2.796377304150610144e-02
-3.119097490949762630e-02
-2.021848840265150216e-02
-2.791597161031944552e-03
-1.699128640490421560e-02
