-9.045543837837399792e-03
-1.356362406416522504e-02
7.735897649917333752e-03
1.160853813815165836e-02
-1.098186394387923315e-02
-7.109223718224200184e-03
1.548117868076737125e-02
7.090457573829311855e-03
-1.291818403635325296e-02
-3.236583438273044067e-03
3.863257216039528430e-03
3.217817149010926414e-03
-3.882023488701591418e-03
1.281496956979211177e-03
1.225397822481077981e-02
1.281496956979211177e-03
-6.463783675334511258e-03
-1.945703332886239423e-03
1.281496956979211177e-03
3.863257216039528430e-03
-1.033642391004008232e-02
4.508697284578033759e-03
1.806293907272937815e-02
-3.236583438273044067e-03
-7.109223718224200184e-03
-2.591143386334593401e-03
-1.291818403635325296e-02
-1.227274400703670665e-02
7.090457573829311855e-03
1.289941831298158093e-02
1.926937019479879609e-03
-6.463783675334511258e-03
-6.548232214669269524e-04
1.926937019479879609e-03
-5.818343630938471733e-03
-9.383163492415746987e-06
1.160853813815165836e-02
5.154137354626442402e-03
-1.356362406416522504e-02
-6.463783675334511258e-03
9.026777806621311129e-03
8.381337727513482605e-03
-1.098186394387923315e-02
-2.591143386334593401e-03
1.289941831298158093e-02
7.090457573829311855e-03
-9.690983874692804534e-03
-6.548232214669269524e-04
8.381337727513482605e-03
4.508697284578033759e-03
-5.172903585034305252e-03
-2.591143386334593401e-03
-9.383163492415746987e-06
-1.945703332886239423e-03
-1.300263277931534844e-03
6.445017499251193271e-03
1.926937019479879609e-03
-9.045543837837399792e-03
-4.527463537622011813e-03
1.031765796936490176e-02
7.090457573829311855e-03
-3.882023488701591418e-03
1.281496956979211177e-03
1.031765796936490176e-02
6.445017499251193271e-03
-5.172903585034305252e-03
-9.383163492415746987e-06
9.672217887237266609e-03
-6.463783675334511258e-03
-1.227274400703670665e-02
1.289941831298158093e-02
1.999925938256907898e-02
-9.383163492415746987e-06
-4.527463537622011813e-03
9.672217887237266609e-03
5.154137354626442402e-03
-7.109223718224200184e-03
6.360568959884460583e-04
6.445017499251193271e-03
-1.098186394387923315e-02
-8.400103799473868094e-03
2.572377083492227712e-03
6.360568959884460583e-04
8.381337727513482605e-03
-3.882023488701591418e-03
4.508697284578033759e-03
1.160853813815165836e-02
-6.548232214669269524e-04
-5.172903585034305252e-03
7.090457573829311855e-03
8.381337727513482605e-03
1.926937019479879609e-03
-1.945703332886239423e-03
3.863257216039528430e-03
4.508697284578033759e-03
-5.172903585034305252e-03
-2.591143386334593401e-03
1.289941831298158093e-02
3.863257216039528430e-03
-1.162730397621203338e-02
1.926937019479879609e-03
1.096309805300421658e-02
7.735897649917333752e-03
-6.548232214669269524e-04
3.863257216039528430e-03
1.160853813815165836e-02
-5.172903585034305252e-03
-1.937258424663035328e-02
-3.882023488701591418e-03
8.381337727513482605e-03
-6.463783675334511258e-03
-9.045543837837399792e-03
3.217817149010926414e-03
1.926937019479879609e-03
-1.485450411526123560e-02
-5.172903585034305252e-03
9.026777806621311129e-03
7.735897649917333752e-03
-6.463783675334511258e-03
-6.463783675334511258e-03
9.672217887237266609e-03
1.281496956979211177e-03
-1.872714423238619474e-02
-5.818343630938471733e-03
1.548117868076737125e-02
8.381337727513482605e-03
-2.591143386334593401e-03
-1.945703332886239423e-03
-3.236583438273044067e-03
-9.045543837837399792e-03
-7.109223718224200184e-03
1.160853813815165836e-02
1.031765796936490176e-02
-2.591143386334593401e-03
-3.236583438273044067e-03
-1.945703332886239423e-03
-6.463783675334511258e-03
-1.033642391004008232e-02
-5.172903585034305252e-03
7.735897649917333752e-03
1.289941831298158093e-02
-2.591143386334593401e-03
-1.291818403635325296e-02
-1.945703332886239423e-03
1.935381927777690692e-02
-1.033642391004008232e-02
-1.808170421663213290e-02
1.741749897247224510e-02
-6.548232214669269524e-04
-1.420906409046551744e-02
6.360568959884460583e-04
8.381337727513482605e-03
-6.548232214669269524e-04
-8.400103799473868094e-03
1.096309805300421658e-02
1.289941831298158093e-02
-6.463783675334511258e-03
-3.882023488701591418e-03
6.360568959884460583e-04
-1.300263277931534844e-03
-5.172903585034305252e-03
1.096309805300421658e-02
2.258101981685101123e-02
-9.383163492415746987e-06
-1.162730397621203338e-02
-9.383163492415746987e-06
5.154137354626442402e-03
-5.818343630938471733e-03
-1.300263277931534844e-03
1.096309805300421658e-02
3.217817149010926414e-03
-9.690983874692804534e-03
-3.236583438273044067e-03
8.381337727513482605e-03
-2.591143386334593401e-03
-1.162730397621203338e-02
1.281496956979211177e-03
1.289941831298158093e-02
1.289941831298158093e-02
6.445017499251193271e-03
4.508697284578033759e-03
1.160853813815165836e-02
1.281496956979211177e-03
-9.690983874692804534e-03
1.926937019479879609e-03
1.354485840266228536e-02
1.926937019479879609e-03
-1.291818403635325296e-02
-5.818343630938471733e-03
5.799577426182978002e-03
-3.236583438273044067e-03
-8.400103799473868094e-03
5.799577426182978002e-03
1.096309805300421658e-02
-1.300263277931534844e-03
-4.527463537622011813e-03
5.154137354626442402e-03
5.799577426182978002e-03
-7.754663759602209439e-03
3.863257216039528430e-03
5.799577426182978002e-03
-3.882023488701591418e-03
-3.236583438273044067e-03
9.026777806621311129e-03
2.129013959668668576e-02
8.381337727513482605e-03
-1.872714423238619474e-02
-7.109223718224200184e-03
1.483573858655340416e-02
-1.300263277931534844e-03
-1.227274400703670665e-02
1.281496956979211177e-03
9.026777806621311129e-03
-8.400103799473868094e-03
-1.808170421663213290e-02
5.154137354626442402e-03
1.160853813815165836e-02
-5.172903585034305252e-03
-6.463783675334511258e-03
8.381337727513482605e-03
5.154137354626442402e-03
-3.882023488701591418e-03
2.572377083492227712e-03
1.354485840266228536e-02
-2.591143386334593401e-03
-1.808170421663213290e-02
-7.109223718224200184e-03
9.026777806621311129e-03
1.926937019479879609e-03
-2.591143386334593401e-03
9.672217887237266609e-03
1.289941831298158093e-02
-1.945703332886239423e-03
-6.463783675334511258e-03
1.419029849385289310e-02
1.419029849385289310e-02
-8.400103799473868094e-03
-9.690983874692804534e-03
7.090457573829311855e-03
-3.236583438273044067e-03
-1.614538416033006740e-02
6.360568959884460583e-04
1.870837917449641452e-02
1.031765796936490176e-02
2.572377083492227712e-03
8.381337727513482605e-03
7.735897649917333752e-03
-1.945703332886239423e-03
-1.098186394387923315e-02
-1.945703332886239423e-03
7.735897649917333752e-03
1.926937019479879609e-03
-3.236583438273044067e-03
7.090457573829311855e-03
1.289941831298158093e-02
2.572377083492227712e-03
-3.882023488701591418e-03
5.799577426182978002e-03
1.160853813815165836e-02
-3.236583438273044067e-03
-6.463783675334511258e-03
1.935381927777690692e-02
1.612661877649124165e-02
-3.882023488701591418e-03
6.360568959884460583e-04
9.672217887237266609e-03
-2.591143386334593401e-03
-1.679082418060495741e-02
-1.945703332886239423e-03
1.160853813815165836e-02
-5.818343630938471733e-03
-1.098186394387923315e-02
-3.236583438273044067e-03
1.281496956979211177e-03
-7.109223718224200184e-03
-8.400103799473868094e-03
4.508697284578033759e-03
7.735897649917333752e-03
-9.045543837837399792e-03
-3.882023488701591418e-03
1.031765796936490176e-02
5.799577426182978002e-03
-1.162730397621203338e-02
-2.591143386334593401e-03
1.419029849385289310e-02
-1.300263277931534844e-03
-1.227274400703670665e-02
3.863257216039528430e-03
7.735897649917333752e-03
1.926937019479879609e-03
1.926937019479879609e-03
6.445017499251193271e-03
1.289941831298158093e-02
3.863257216039528430e-03
-5.818343630938471733e-03
-6.548232214669269524e-04
4.508697284578033759e-03
-2.195434428855236320e-02
-4.712650343506297190e-02
-4.648106348552616396e-02
-4.583562353448833449e-02
-6.842602092697980254e-02
-7.294410018480235181e-02
-5.293546291325412767e-02
-5.616266257077384694e-02
-7.875305912258490082e-02
-8.004393887004468411e-02
-6.519882141209443205e-02
-6.648970122255271065e-02
-7.746217936912991320e-02
-7.488041984422721953e-02
-6.455338150461820135e-02
-7.358954007277596077e-02
-9.230729617195088110e-02
-8.972553678491301810e-02
-7.939849899706530323e-02
-8.908009693440810395e-02
-9.811625470519480530e-02
-9.230729617195088110e-02
-9.101641648142688723e-02
-1.019888936599997464e-01
-1.006980140143838298e-01
-8.391657807644925526e-02
-9.037097663391868707e-02
-1.110250510117722911e-01
-1.071524121826232800e-01
-9.230729617195088110e-02
-9.553449537205693787e-02
-1.155431295777553657e-01
-1.045706529332797174e-01
-9.101641648142688723e-02
-1.052160927478595909e-01
-1.026343334805641661e-01
-1.013434538379396344e-01
-9.747081487415520940e-02
-1.026343334805641661e-01
-1.103796112106518734e-01
-1.006980140143838298e-01
-1.026343334805641661e-01
-1.284519250771367638e-01
-1.213520876264162496e-01
-1.026343334805641661e-01
-1.065069723725304840e-01
-1.252247262583008336e-01
-1.394244007820653053e-01
-1.465242377731819090e-01
-1.684691873331303213e-01
-1.891232559359394827e-01
-1.929958936295630423e-01
-1.716963856526838583e-01
-1.568512730746736139e-01
-1.587875921512473809e-01
-1.484605569212682497e-01
-1.290973648364239779e-01
-1.213520876264162496e-01
-1.336154431096474582e-01
-1.355517623472142219e-01
-1.290973648364239779e-01
-1.368426418314641069e-01
-1.452333583336695710e-01
-1.336154431096474582e-01
-1.271610455540805873e-01
-1.445879186116769688e-01
-1.497514363458751774e-01
-1.368426418314641069e-01
-1.278064853163556336e-01
-1.439424788881957795e-01
-1.503968760559413198e-01
-1.361972020900843461e-01
-1.361972020900843461e-01
-1.471696774906998684e-01
-1.374880815713517279e-01
-1.271610455540805873e-01
-1.342608828569940016e-01
-1.420061597088011496e-01
-1.336154431096474582e-01
-1.200612080705063534e-01
-1.200612080705063534e-01
-1.265156057903134013e-01
-1.265156057903134013e-01
-1.110250510117722911e-01
-1.103796112106518734e-01
-1.252247262583008336e-01
-1.271610455540805873e-01
-1.136068102013023662e-01
-1.200612080705063534e-01
-1.316791238586496604e-01
-1.239338467203143779e-01
-1.142522499949478743e-01
-1.200612080705063534e-01
-1.265156057903134013e-01
-1.303882443505219868e-01
-1.213520876264162496e-01
-1.290973648364239779e-01
-1.445879186116769688e-01
-1.303882443505219868e-01
-1.278064853163556336e-01
-1.413607199793549540e-01
-1.361972020900843461e-01
-1.310336841053310053e-01
-1.413607199793549540e-01
-1.503968760559413198e-01
-1.426515994367569817e-01
-1.232884069490811640e-01
-1.219975274021312117e-01
-1.349063226028484053e-01
-1.420061597088011496e-01
-1.387789610466523271e-01
-1.394244007820653053e-01
-1.426515994367569817e-01
-1.336154431096474582e-01
-1.278064853163556336e-01
-1.349063226028484053e-01
-1.426515994367569817e-01
-1.394244007820653053e-01
-1.413607199793549540e-01
-1.510423157645188752e-01
-1.465242377731819090e-01
-1.245792864900536756e-01
-1.232884069490811640e-01
-1.400698405159861437e-01
-1.407152802484148424e-01
-1.265156057903134013e-01
-1.239338467203143779e-01
-1.374880815713517279e-01
-1.316791238586496604e-01
-1.226429671763522578e-01
-1.349063226028484053e-01
-1.413607199793549540e-01
-1.297428045942190522e-01
-1.187703285086207927e-01
-1.265156057903134013e-01
-1.432970391632206741e-01
-1.303882443505219868e-01
-1.142522499949478743e-01
-1.200612080705063534e-01
-1.329700033608069987e-01
-1.278064853163556336e-01
-1.155431295777553657e-01
-1.349063226028484053e-01
-1.458787980541700335e-01
-1.258701660250540755e-01
-1.194157682903096429e-01
-1.316791238586496604e-01
-1.374880815713517279e-01
-1.265156057903134013e-01
-1.329700033608069987e-01
-1.413607199793549540e-01
-1.329700033608069987e-01
-1.232884069490811640e-01
-1.336154431096474582e-01
-1.420061597088011496e-01
-1.381335213097472092e-01
-1.310336841053310053e-01
-1.458787980541700335e-01
-1.704055063293257177e-01
-1.568512730746736139e-01
-1.562058333795039999e-01
-1.749235839350511412e-01
-1.826688596610690496e-01
-1.697600666654146551e-01
-1.897686955552568833e-01
-2.452764972689269740e-01
-2.794847882254956062e-01
-2.788393488118448005e-01
-2.801302276376720357e-01
-2.969116518371706093e-01
-2.878755004688500208e-01
-2.491491341891975964e-01
-2.381766627768691080e-01
-2.407584207946840138e-01
-2.175225977819437162e-01
-1.949322124563295233e-01
-1.923504540176725897e-01
-1.917050144042953264e-01
-1.781507821802410518e-01
-1.736327046265664364e-01
-1.904141351730892495e-01
-1.897686955552568833e-01
-1.762144632375868269e-01
-1.665328683235447471e-01
-1.762144632375868269e-01
-1.871869370690788514e-01
-1.723418253121327126e-01
-1.562058333795039999e-01
-1.600784715281839965e-01
-1.716963856526838583e-01
-1.574967127683528645e-01
-1.465242377731819090e-01
-1.600784715281839965e-01
-1.678237476647552739e-01
-1.510423157645188752e-01
-1.420061597088011496e-01
-1.529786348813111374e-01
-1.574967127683528645e-01
-1.491059966343151189e-01
-1.542695142850565304e-01
-1.639511096232624254e-01
-1.581421524605435280e-01
-1.452333583336695710e-01
-1.478151172067292407e-01
-1.600784715281839965e-01
-1.549149539846954582e-01
-1.432970391632206741e-01
-1.510423157645188752e-01
-1.607239112144185356e-01
-1.562058333795039999e-01
-1.445879186116769688e-01
-1.600784715281839965e-01
-1.723418253121327126e-01
-1.555603936828440226e-01
-1.536240745839290156e-01
-1.729872649700929799e-01
-1.749235839350511412e-01
-1.684691873331303213e-01
-1.691146270000167817e-01
-1.716963856526838583e-01
-1.678237476647552739e-01
-1.568512730746736139e-01
-1.523331951772028958e-01
-1.607239112144185356e-01
-1.581421524605435280e-01
-1.426515994367569817e-01
-1.465242377731819090e-01
-1.704055063293257177e-01
-1.691146270000167817e-01
-1.491059966343151189e-01
-1.426515994367569817e-01
-1.542695142850565304e-01
-1.400698405159861437e-01
-1.316791238586496604e-01
-1.549149539846954582e-01
-1.658874286507057150e-01
-1.516877554716060672e-01
-1.387789610466523271e-01
-1.458787980541700335e-01
-1.568512730746736139e-01
-1.452333583336695710e-01
-1.439424788881957795e-01
-1.613693508991644876e-01
-1.600784715281839965e-01
-1.407152802484148424e-01
-1.400698405159861437e-01
-1.465242377731819090e-01
-1.445879186116769688e-01
-1.349063226028484053e-01
-1.336154431096474582e-01
-1.432970391632206741e-01
-1.400698405159861437e-01
-1.316791238586496604e-01
-1.387789610466523271e-01
-1.523331951772028958e-01
-1.452333583336695710e-01
-1.407152802484148424e-01
-1.549149539846954582e-01
-1.716963856526838583e-01
-1.613693508991644876e-01
-1.432970391632206741e-01
-1.523331951772028958e-01
-1.587875921512473809e-01
-1.484605569212682497e-01
-1.400698405159861437e-01
-1.478151172067292407e-01
-1.549149539846954582e-01
-1.497514363458751774e-01
-1.516877554716060672e-01
-1.684691873331303213e-01
-1.678237476647552739e-01
-1.471696774906998684e-01
-1.465242377731819090e-01
-1.594330318404590940e-01
-1.581421524605435280e-01
-1.407152802484148424e-01
-1.374880815713517279e-01
-1.503968760559413198e-01
-1.536240745839290156e-01
-1.471696774906998684e-01
-1.568512730746736139e-01
-1.794416614679086308e-01
-1.510423157645188752e-01
-1.355517623472142219e-01
-1.439424788881957795e-01
-1.542695142850565304e-01
-1.484605569212682497e-01
-1.452333583336695710e-01
-1.568512730746736139e-01
-1.555603936828440226e-01
-1.491059966343151189e-01
-1.361972020900843461e-01
-1.484605569212682497e-01
-1.600784715281839965e-01
-1.503968760559413198e-01
-1.439424788881957795e-01
-1.510423157645188752e-01
-1.542695142850565304e-01
-1.439424788881957795e-01
-1.420061597088011496e-01
-1.562058333795039999e-01
-1.607239112144185356e-01
-1.510423157645188752e-01
-1.497514363458751774e-01
-1.607239112144185356e-01
-1.607239112144185356e-01
-1.542695142850565304e-01
-1.594330318404590940e-01
-1.697600666654146551e-01
-1.613693508991644876e-01
-1.426515994367569817e-01
-1.510423157645188752e-01
-1.697600666654146551e-01
-1.639511096232624254e-01
-1.691146270000167817e-01
-1.800871011095139806e-01
-1.742781442815513060e-01
-1.633056699444690452e-01
-1.620147905824218526e-01
-1.749235839350511412e-01
-1.781507821802410518e-01
-1.587875921512473809e-01
-1.523331951772028958e-01
-1.574967127683528645e-01
-1.607239112144185356e-01
-1.523331951772028958e-01
-1.503968760559413198e-01
-1.626602302641906306e-01
-1.613693508991644876e-01
-1.491059966343151189e-01
-1.478151172067292407e-01
-1.581421524605435280e-01
-1.613693508991644876e-01
-1.491059966343151189e-01
-1.491059966343151189e-01
-1.607239112144185356e-01
-1.529786348813111374e-01
-1.413607199793549540e-01
-1.484605569212682497e-01
-1.607239112144185356e-01
-1.439424788881957795e-01
-1.258701660250540755e-01
-1.458787980541700335e-01
-1.523331951772028958e-01
-1.394244007820653053e-01
-1.349063226028484053e-01
-1.658874286507057150e-01
-1.645965493005654423e-01
-1.413607199793549540e-01
-1.336154431096474582e-01
-1.536240745839290156e-01
-1.626602302641906306e-01
-1.581421524605435280e-01
-1.529786348813111374e-01
-1.645965493005654423e-01
-1.665328683235447471e-01
-1.549149539846954582e-01
-1.542695142850565304e-01
-1.749235839350511412e-01
-1.716963856526838583e-01
-1.432970391632206741e-01
-1.542695142850565304e-01
-1.723418253121327126e-01
-1.691146270000167817e-01
-1.568512730746736139e-01
-1.665328683235447471e-01
-1.684691873331303213e-01
-1.516877554716060672e-01
-1.426515994367569817e-01
-1.613693508991644876e-01
-1.671783079948934159e-01
-1.549149539846954582e-01
-1.484605569212682497e-01
-1.529786348813111374e-01
-1.413607199793549540e-01
-1.071524121826232800e-01
-9.811625470519480530e-02
-1.013434538379396344e-01
-1.019888936599997464e-01
-9.037097663391868707e-02
-8.133481861150748671e-02
-8.456201793893924901e-02
-7.939849899706530323e-02
-6.971690072242964220e-02
-7.100778051187894846e-02
-7.746217936912991320e-02
-8.004393887004468411e-02
-6.842602092697980254e-02
-7.036234061790480609e-02
-7.100778051187894846e-02
-6.326250168515556993e-02
-5.938986219074315898e-02
-6.907146082545523313e-02
-7.681673949015177527e-02
-6.907146082545523313e-02
-5.551722264227443304e-02
-6.003530211023289098e-02
-6.519882141209443205e-02
-5.229002297724427706e-02
-4.583562353448833449e-02
-5.422634278076898795e-02
-6.519882141209443205e-02
-4.777194338309698196e-02
-4.067210387205122402e-02
-5.487178271227222126e-02
-5.680810249777046295e-02
-4.260842375674300797e-02
-4.260842375674300797e-02
-6.778058102700512677e-02
-4.648106348552616396e-02
-3.873578397382537730e-02
-4.196298379668306211e-02
-4.648106348552616396e-02
-5.358090284776295675e-02
-3.292682419790970982e-02
-3.550858411336221820e-02
-5.551722264227443304e-02
-4.777194338309698196e-02
-3.357226417903191873e-02
-4.131754383511854201e-02
-5.487178271227222126e-02
-4.777194338309698196e-02
-3.292682419790970982e-02
-3.809034400474153870e-02
-4.970826321817511939e-02
-4.325386371529837959e-02
-3.292682419790970982e-02
-4.260842375674300797e-02
-4.777194338309698196e-02
-2.840874428792794504e-02
-2.259978429526832144e-02
-4.519018358194593077e-02
-4.906282327465305571e-02
-2.969962426973360436e-02
-3.615402408846435378e-02
-5.035370316019793790e-02
-3.744490403415312585e-02
-2.905418427958395000e-02
-3.809034400474153870e-02
-4.325386371529837959e-02
-4.196298379668306211e-02
-3.550858411336221820e-02
-3.486314413675550838e-02
-4.906282327465305571e-02
-4.196298379668306211e-02
-3.163594423115512200e-02
-4.067210387205122402e-02
-4.389930367235095332e-02
-3.357226417903191873e-02
-2.518154430706331937e-02
-3.744490403415312585e-02
-4.002666390747933178e-02
-3.292682419790970982e-02
-3.099050424552096672e-02
-4.002666390747933178e-02
-3.615402408846435378e-02
-2.259978429526832144e-02
-2.905418427958395000e-02
-3.679946406206013876e-02
-4.002666390747933178e-02
-3.163594423115512200e-02
-2.969962426973360436e-02
-3.486314413675550838e-02
-3.357226417903191873e-02
-1.679082418060495741e-02
-1.614538416033006740e-02
-3.292682419790970982e-02
-3.809034400474153870e-02
-2.905418427958395000e-02
-2.905418427958395000e-02
-4.712650343506297190e-02
-3.034506425838046084e-02
-1.614538416033006740e-02
-3.809034400474153870e-02
-4.067210387205122402e-02
-2.453610430637276352e-02
-1.808170421663213290e-02
-2.905418427958395000e-02
-3.744490403415312585e-02
-1.679082418060495741e-02
-1.808170421663213290e-02
-3.873578397382537730e-02
-3.938122394140464166e-02
-2.647242430392715562e-02
-2.001802425937171392e-02
-3.679946406206013876e-02
-3.938122394140464166e-02
-2.130890428033183071e-02
-2.518154430706331937e-02
-3.615402408846435378e-02
-2.776330429476736583e-02
-2.582698430624752461e-02
-3.292682419790970982e-02
-4.002666390747933178e-02
-3.486314413675550838e-02
-1.808170421663213290e-02
-2.840874428792794504e-02
-4.583562353448833449e-02
-2.195434428855236320e-02
-1.033642391004008232e-02
-3.099050424552096672e-02
-3.809034400474153870e-02
-2.905418427958395000e-02
-2.453610430637276352e-02
-2.776330429476736583e-02
-3.421770415864600068e-02
-3.163594423115512200e-02
-3.421770415864600068e-02
-4.325386371529837959e-02
-2.647242430392715562e-02
-1.162730397621203338e-02
-1.872714423238619474e-02
-3.163594423115512200e-02
-2.647242430392715562e-02
-9.690983874692804534e-03
-2.195434428855236320e-02
-3.292682419790970982e-02
-2.259978429526832144e-02
-2.259978429526832144e-02
-3.163594423115512200e-02
-4.196298379668306211e-02
-3.034506425838046084e-02
-1.227274400703670665e-02
-2.389066430417763343e-02
-3.357226417903191873e-02
-2.711786430009865967e-02
-1.937258424663035328e-02
-2.711786430009865967e-02
-3.357226417903191873e-02
-2.130890428033183071e-02
-2.453610430637276352e-02
-2.905418427958395000e-02
-2.647242430392715562e-02
-1.291818403635325296e-02
-2.840874428792794504e-02
-4.389930367235095332e-02
-1.872714423238619474e-02
-1.743626419937172045e-02
-1.872714423238619474e-02
-2.518154430706331937e-02
-3.163594423115512200e-02
-2.582698430624752461e-02
-1.743626419937172045e-02
-2.711786430009865967e-02
-1.549994413854882680e-02
-9.690983874692804534e-03
-2.518154430706331937e-02
-3.421770415864600068e-02
-2.776330429476736583e-02
-1.614538416033006740e-02
-1.614538416033006740e-02
-2.195434428855236320e-02
-1.420906409046551744e-02
-1.356362406416522504e-02
-2.969962426973360436e-02
-3.357226417903191873e-02
-2.259978429526832144e-02
-1.420906409046551744e-02
-1.872714423238619474e-02
-2.711786430009865967e-02
-1.614538416033006740e-02
-1.485450411526123560e-02
-2.195434428855236320e-02
-2.066346427060494761e-02
-1.808170421663213290e-02
-2.066346427060494761e-02
-2.582698430624752461e-02
-2.324522430047615273e-02
-2.001802425937171392e-02
-2.969962426973360436e-02
-3.163594423115512200e-02
-1.808170421663213290e-02
-1.098186394387923315e-02
-2.259978429526832144e-02
-2.647242430392715562e-02
-1.420906409046551744e-02
-1.937258424663035328e-02
-2.195434428855236320e-02
-2.389066430417763343e-02
-1.420906409046551744e-02
-9.045543837837399792e-03
-2.647242430392715562e-02
-2.905418427958395000e-02
-1.291818403635325296e-02
-1.033642391004008232e-02
-2.001802425937171392e-02
-2.066346427060494761e-02
-1.162730397621203338e-02
-1.743626419937172045e-02
-3.228138421528470303e-02
-3.357226417903191873e-02
-2.518154430706331937e-02
-2.518154430706331937e-02
-2.840874428792794504e-02
-2.389066430417763343e-02
-1.549994413854882680e-02
-2.582698430624752461e-02
-2.840874428792794504e-02
-2.259978429526832144e-02
-2.066346427060494761e-02
-2.195434428855236320e-02
-3.679946406206013876e-02
-2.647242430392715562e-02
-2.001802425937171392e-02
-2.647242430392715562e-02
-3.034506425838046084e-02
-2.195434428855236320e-02
-1.227274400703670665e-02
-2.195434428855236320e-02
-2.840874428792794504e-02
-1.614538416033006740e-02
-1.291818403635325296e-02
-2.647242430392715562e-02
-2.324522430047615273e-02
-7.754663759602209439e-03
-8.400103799473868094e-03
-2.130890428033183071e-02
-1.937258424663035328e-02
-9.045543837837399792e-03
-2.130890428033183071e-02
-3.615402408846435378e-02
-1.872714423238619474e-02
-6.548232214669269524e-04
-1.291818403635325296e-02
-1.937258424663035328e-02
-2.066346427060494761e-02
-1.033642391004008232e-02
-2.066346427060494761e-02
-2.518154430706331937e-02
-1.420906409046551744e-02
-1.549994413854882680e-02
-3.099050424552096672e-02
-3.228138421528470303e-02
-1.485450411526123560e-02
-1.227274400703670665e-02
-2.647242430392715562e-02
-2.776330429476736583e-02
-1.033642391004008232e-02
-1.033642391004008232e-02
-2.711786430009865967e-02
-1.937258424663035328e-02
2.572377083492227712e-03
-5.818343630938471733e-03
-2.066346427060494761e-02
-1.743626419937172045e-02
-7.754663759602209439e-03
-1.808170421663213290e-02
-2.776330429476736583e-02
-1.614538416033006740e-02
-5.818343630938471733e-03
-2.066346427060494761e-02
-2.840874428792794504e-02
-1.872714423238619474e-02
-2.259978429526832144e-02
-2.905418427958395000e-02
-2.324522430047615273e-02
-1.872714423238619474e-02
-1.872714423238619474e-02
-2.130890428033183071e-02
-2.647242430392715562e-02
-1.808170421663213290e-02
-2.591143386334593401e-03
-2.518154430706331937e-02
-2.324522430047615273e-02
6.360568959884460583e-04
-1.227274400703670665e-02
-3.873578397382537730e-02
-3.228138421528470303e-02
-5.818343630938471733e-03
-9.045543837837399792e-03
-2.518154430706331937e-02
-1.872714423238619474e-02
-1.098186394387923315e-02
-1.808170421663213290e-02
-2.711786430009865967e-02
-1.420906409046551744e-02
-6.463783675334511258e-03
-1.420906409046551744e-02
-1.808170421663213290e-02
-6.463783675334511258e-03
-7.754663759602209439e-03
-2.711786430009865967e-02
-2.711786430009865967e-02
-5.818343630938471733e-03
2.572377083492227712e-03
-1.743626419937172045e-02
-3.938122394140464166e-02
-2.195434428855236320e-02
-1.808170421663213290e-02
-3.938122394140464166e-02
-2.776330429476736583e-02
-9.383163492415746987e-06
-1.420906409046551744e-02
-3.486314413675550838e-02
-1.872714423238619474e-02
-1.300263277931534844e-03
-1.485450411526123560e-02
-2.776330429476736583e-02
-1.356362406416522504e-02
