3.335335730792365894e-03
1.399014389996011687e-03
-4.409949549806668756e-03
3.335335730792365894e-03
1.043518076486726898e-02
2.689895282330212467e-03
-3.119068684998893559e-03
-3.764509118166614599e-03
2.044454835397502279e-03
3.335335730792365894e-03
-1.828187814075121764e-03
2.044454835397502279e-03
1.081335037778075048e-04
-1.344611543225582295e-02
-9.573472947886685347e-03
1.081335037778075048e-04
4.626216632308555177e-03
-5.373069370353533714e-04
-2.473628250301729281e-03
1.043518076486726898e-02
1.495326406480046444e-02
3.980776180783962559e-03
-5.055389979917279675e-03
-3.764509118166614599e-03
-1.021891336576885578e-02
-8.928032528475071672e-03
1.399014389996011687e-03
2.689895282330212467e-03
-6.346270835550171796e-03
-9.573472947886685347e-03
-1.182747376320847366e-03
1.043518076486726898e-02
2.044454835397502279e-03
-1.280067502201376328e-02
-4.409949549806668756e-03
5.917097539942517415e-03
-5.373069370353533714e-04
-1.182747376320847366e-03
3.335335730792365894e-03
5.917097539942517415e-03
7.535739461221879765e-04
-5.055389979917279675e-03
7.207978453696028964e-03
1.430782358878879279e-02
-5.373069370353533714e-04
-8.928032528475071672e-03
9.789740299572358140e-03
9.789740299572358140e-03
-4.409949549806668756e-03
-5.055389979917279675e-03
2.044454835397502279e-03
-1.828187814075121764e-03
-1.409155584097021574e-02
-4.409949549806668756e-03
9.144299835806890542e-03
-8.282592107537567472e-03
-1.731875786162895281e-02
-5.700830408498447355e-03
2.689895282330212467e-03
1.399014389996011687e-03
1.081335037778075048e-04
2.689895282330212467e-03
1.081335037778075048e-04
-3.764509118166614599e-03
-4.409949549806668756e-03
1.108062123169339941e-02
1.301694264135733192e-02
-9.573472947886685347e-03
-2.054595984410489962e-02
3.335335730792365894e-03
5.271657085359038319e-03
-8.928032528475071672e-03
3.980776180783962559e-03
1.753502598416467606e-02
1.108062123169339941e-02
-1.086435378212158298e-02
-3.764509118166614599e-03
9.789740299572358140e-03
-4.409949549806668756e-03
-1.602787705794739281e-02
3.335335730792365894e-03
2.076222841783170736e-02
8.498859373572642539e-03
-1.215523461024581309e-02
-1.150979419694664330e-02
1.081335037778075048e-04
-8.282592107537567472e-03
-1.828187814075121764e-03
1.430782358878879279e-02
4.626216632308555177e-03
-1.215523461024581309e-02
-5.055389979917279675e-03
1.172606170005074944e-02
9.144299835806890542e-03
-7.637151685068843676e-03
-1.215523461024581309e-02
-1.182747376320847366e-03
-6.991711261074229355e-03
-1.538243665381600067e-02
1.081335037778075048e-04
1.301694264135733192e-02
-1.828187814075121764e-03
-1.409155584097021574e-02
-5.055389979917279675e-03
3.980776180783962559e-03
-3.764509118166614599e-03
-1.182747376320847366e-03
9.789740299572358140e-03
3.335335730792365894e-03
-1.086435378212158298e-02
-1.215523461024581309e-02
7.535739461221879765e-04
2.689895282330212467e-03
-1.086435378212158298e-02
-6.991711261074229355e-03
1.172606170005074944e-02
3.335335730792365894e-03
-1.280067502201376328e-02
1.081335037778075048e-04
2.463487138879116856e-02
1.947134743976874915e-02
-5.055389979917279675e-03
-5.700830408498447355e-03
4.626216632308555177e-03
7.535739461221879765e-04
3.980776180783962559e-03
1.366238311430656438e-02
1.172606170005074944e-02
-5.373069370353533714e-04
-1.667331746055111807e-02
-1.182747376320847366e-03
9.144299835806890542e-03
-3.764509118166614599e-03
-6.991711261074229355e-03
6.562537996053663392e-03
5.271657085359038319e-03
-1.280067502201376328e-02
-1.086435378212158298e-02
1.399014389996011687e-03
3.335335730792365894e-03
-2.473628250301729281e-03
9.789740299572358140e-03
1.559870454234513204e-02
-6.346270835550171796e-03
-1.796419826117912066e-02
-5.373069370353533714e-04
1.430782358878879279e-02
8.498859373572642539e-03
-1.538243665381600067e-02
-7.637151685068843676e-03
1.043518076486726898e-02
-1.182747376320847366e-03
-1.021891336576885578e-02
-5.373069370353533714e-04
7.853418912871390489e-03
-8.282592107537567472e-03
-1.409155584097021574e-02
1.108062123169339941e-02
1.818046646783422204e-02
7.535739461221879765e-04
1.081335037778075048e-04
1.043518076486726898e-02
1.108062123169339941e-02
-1.086435378212158298e-02
5.917097539942517415e-03
2.528031188931478823e-02
-5.700830408498447355e-03
-1.925507905569467937e-02
-6.346270835550171796e-03
6.562537996053663392e-03
-5.373069370353533714e-04
-7.637151685068843676e-03
6.562537996053663392e-03
1.237150216993931906e-02
-1.828187814075121764e-03
-1.828187814075121764e-03
7.853418912871390489e-03
1.399014389996011687e-03
-8.282592107537567472e-03
-2.473628250301729281e-03
1.624414502141924288e-02
1.237150216993931906e-02
-9.573472947886685347e-03
-1.473699624815694165e-02
3.335335730792365894e-03
4.626216632308555177e-03
-5.700830408498447355e-03
-6.991711261074229355e-03
-1.828187814075121764e-03
-1.182747376320847366e-03
-3.119068684998893559e-03
2.689895282330212467e-03
1.043518076486726898e-02
-7.637151685068843676e-03
-1.280067502201376328e-02
1.399014389996011687e-03
1.301694264135733192e-02
-1.182747376320847366e-03
-1.602787705794739281e-02
-4.409949549806668756e-03
5.917097539942517415e-03
-5.700830408498447355e-03
-5.055389979917279675e-03
5.917097539942517415e-03
-4.409949549806668756e-03
-1.150979419694664330e-02
-3.764509118166614599e-03
9.144299835806890542e-03
9.789740299572358140e-03
-3.119068684998893559e-03
-6.346270835550171796e-03
9.789740299572358140e-03
3.980776180783962559e-03
-8.282592107537567472e-03
2.044454835397502279e-03
3.335335730792365894e-03
-1.828187814075121764e-03
1.043518076486726898e-02
1.172606170005074944e-02
5.271657085359038319e-03
-1.828187814075121764e-03
-7.637151685068843676e-03
6.562537996053663392e-03
4.626216632308555177e-03
-8.282592107537567472e-03
7.535739461221879765e-04
1.495326406480046444e-02
-1.182747376320847366e-03
-1.344611543225582295e-02
-5.373069370353533714e-04
9.789740299572358140e-03
5.917097539942517415e-03
-3.764509118166614599e-03
-3.764509118166614599e-03
5.271657085359038319e-03
4.626216632308555177e-03
-1.828187814075121764e-03
5.271657085359038319e-03
5.271657085359038319e-03
-7.637151685068843676e-03
-8.928032528475071672e-03
9.144299835806890542e-03
3.980776180783962559e-03
-7.637151685068843676e-03
-3.119068684998893559e-03
5.271657085359038319e-03
-5.373069370353533714e-04
-5.373069370353533714e-04
-5.055389979917279675e-03
-1.182747376320847366e-03
3.335335730792365894e-03
2.689895282330212467e-03
1.043518076486726898e-02
5.271657085359038319e-03
-9.573472947886685347e-03
-1.473699624815694165e-02
-6.346270835550171796e-03
1.108062123169339941e-02
3.980776180783962559e-03
-1.086435378212158298e-02
-2.473628250301729281e-03
1.043518076486726898e-02
-6.346270835550171796e-03
-8.282592107537567472e-03
6.562537996053663392e-03
7.535739461221879765e-04
-9.573472947886685347e-03
-7.637151685068843676e-03
2.689895282330212467e-03
7.535739461221879765e-04
-1.086435378212158298e-02
-1.409155584097021574e-02
1.399014389996011687e-03
-1.182747376320847366e-03
-1.150979419694664330e-02
-3.119068684998893559e-03
6.562537996053663392e-03
-2.473628250301729281e-03
-1.602787705794739281e-02
-1.828187814075121764e-03
1.108062123169339941e-02
-1.182747376320847366e-03
-4.409949549806668756e-03
2.689895282330212467e-03
2.044454835397502279e-03
-1.150979419694664330e-02
-3.764509118166614599e-03
4.626216632308555177e-03
-8.928032528475071672e-03
1.081335037778075048e-04
1.399014389996011687e-03
1.301694264135733192e-02
-5.373069370353533714e-04
-8.282592107537567472e-03
-1.182747376320847366e-03
1.081335037778075048e-04
-5.373069370353533714e-04
-2.473628250301729281e-03
7.535739461221879765e-04
-6.991711261074229355e-03
-3.410020775378441726e-02
-7.024486556004561066e-02
-9.218983404351810407e-02
-1.031623176270599629e-01
-1.322071249984482222e-01
-1.528612083760663154e-01
-1.380160861048675969e-01
-1.412432866666168962e-01
-1.612519293063243708e-01
-1.547975286133862483e-01
-1.444704871905742039e-01
-1.483431277694506889e-01
-1.715789701011409818e-01
-1.941693704944587040e-01
-1.851332105585719034e-01
-1.948148104785882850e-01
-2.122416894814787014e-01
-1.973965704000590904e-01
-1.793242504439085394e-01
-1.870695305696763455e-01
-2.019146502047082237e-01
-2.051418500200465900e-01
-2.070781698912043112e-01
-2.090144897488297460e-01
-2.141780093030352106e-01
-2.070781698912043112e-01
-2.077236098452495128e-01
-2.303140072903087088e-01
-2.296685673888312351e-01
-2.057872899786019616e-01
-1.935239305088245487e-01
-1.986874503517679358e-01
-2.128871294235015199e-01
-2.128871294235015199e-01
-2.238596082080093197e-01
-2.374138461075308015e-01
-2.251504880364780803e-01
-2.167597690440725700e-01
-2.199869686865696394e-01
-2.328957668812083881e-01
-2.309594471902833845e-01
-2.154688891765577097e-01
-2.154688891765577097e-01
-2.212778485330559874e-01
-2.225687283735364730e-01
-2.199869686865696394e-01
-2.361229663360795428e-01
-2.361229663360795428e-01
-2.180506489055780150e-01
-2.174052089755758033e-01
-2.451591246102804433e-01
-2.554861622782702568e-01
-2.470954442022428310e-01
-2.393501657534553573e-01
-2.535498427447304692e-01
-2.470954442022428310e-01
-2.161143291110665388e-01
-2.283776875813767759e-01
-2.438682448748110687e-01
-2.445136847432944904e-01
-2.412864853858884828e-01
-2.490317637807173412e-01
-2.606496809684983873e-01
-2.541952825907412006e-01
-2.348320865586313033e-01
-2.451591246102804433e-01
-2.593588013049235030e-01
-2.503226434922112276e-01
-2.490317637807173412e-01
-2.612951207980387380e-01
-2.677495190111631729e-01
-2.561316021197885817e-01
-2.509680833457110793e-01
-2.580679216353605199e-01
-2.419319252603688852e-01
-2.238596082080093197e-01
-2.354775264481059338e-01
-2.522589630482166001e-01
-2.445136847432944904e-01
-2.238596082080093197e-01
-2.328957668812083881e-01
-2.490317637807173412e-01
-2.483863239227233066e-01
-2.445136847432944904e-01
-2.464500043397528373e-01
-2.470954442022428310e-01
-2.374138461075308015e-01
-2.509680833457110793e-01
-2.709767180616236004e-01
-2.703312782545239656e-01
-2.432228050048284018e-01
-2.225687283735364730e-01
-2.238596082080093197e-01
-2.141780093030352106e-01
-1.890058505672307376e-01
-1.941693704944587040e-01
-2.070781698912043112e-01
-1.922330505330371864e-01
-1.844877705518559452e-01
-1.935239305088245487e-01
-2.051418500200465900e-01
-1.922330505330371864e-01
-1.631882494847705090e-01
-1.722244101379963865e-01
-1.883604105695511066e-01
-1.748061702703402887e-01
-1.618973693673151359e-01
-1.696426499815277822e-01
-1.760970503274688070e-01
-1.573792889086771396e-01
-1.599610491798113543e-01
-1.780333704018524088e-01
-1.554429686894742701e-01
-1.425341668807345030e-01
-1.489885678606412966e-01
-1.638336895412351168e-01
-1.638336895412351168e-01
-1.496340079503220011e-01
-1.393069663341037767e-01
-1.541520885357900994e-01
-1.476976876767501778e-01
-1.393069663341037767e-01
-1.638336895412351168e-01
-1.722244101379963865e-01
-1.476976876767501778e-01
-1.412432866666168962e-01
-1.573792889086771396e-01
-1.586701690472640536e-01
-1.412432866666168962e-01
-1.405978465572914615e-01
-1.612519293063243708e-01
-1.618973693673151359e-01
-1.464068074868123404e-01
-1.489885678606412966e-01
-1.638336895412351168e-01
-1.612519293063243708e-01
-1.393069663341037767e-01
-1.425341668807345030e-01
-1.554429686894742701e-01
-1.457613673895785666e-01
-1.367252058695829220e-01
-1.496340079503220011e-01
-1.618973693673151359e-01
-1.483431277694506889e-01
-1.451159272908313369e-01
-1.586701690472640536e-01
-1.515703282102993654e-01
-1.341434453808680871e-01
-1.431796069855266751e-01
-1.625428094267959978e-01
-1.638336895412351168e-01
-1.502794480384928022e-01
-1.573792889086771396e-01
-1.806151304799357149e-01
-2.012692102371289593e-01
-2.251504880364780803e-01
-2.464500043397528373e-01
-2.651677597438677481e-01
-2.664586393805077336e-01
-2.806583149887398321e-01
-3.058304654265242561e-01
-3.122848626091787594e-01
-2.909853513404403458e-01
-2.716221578672310955e-01
-2.612951207980387380e-01
-2.374138461075308015e-01
-2.032055301353548060e-01
-2.012692102371289593e-01
-2.038509700984221240e-01
-2.122416894814787014e-01
-2.025600901707829138e-01
-1.928784905216840428e-01
-1.896512905634022417e-01
-1.819060105099339353e-01
-1.702880900229057914e-01
-1.715789701011409818e-01
-1.748061702703402887e-01
-1.689972099386380933e-01
-1.586701690472640536e-01
-1.567338488371206040e-01
-1.560884087640523887e-01
-1.657700097015766261e-01
-1.844877705518559452e-01
-1.760970503274688070e-01
-1.696426499815277822e-01
-1.638336895412351168e-01
-1.664154497520051734e-01
-1.844877705518559452e-01
-1.799696904626753025e-01
-1.715789701011409818e-01
-1.748061702703402887e-01
-1.696426499815277822e-01
-1.638336895412351168e-01
-1.535066484566822709e-01
-1.638336895412351168e-01
-1.754516102996568350e-01
-1.625428094267959978e-01
-1.664154497520051734e-01
-1.748061702703402887e-01
-1.754516102996568350e-01
-1.664154497520051734e-01
-1.657700097015766261e-01
-1.812605704956897767e-01
-1.735152902071828152e-01
-1.606064892438237024e-01
-1.767424903537690994e-01
-1.902967305580709478e-01
-2.096599296983665539e-01
-2.406410455099106116e-01
-2.625860004526341385e-01
-2.490317637807173412e-01
-2.161143291110665388e-01
-1.980420103766658002e-01
-2.012692102371289593e-01
-2.012692102371289593e-01
-1.819060105099339353e-01
-1.735152902071828152e-01
-1.799696904626753025e-01
-1.780333704018524088e-01
-1.786788104236336494e-01
-1.819060105099339353e-01
-1.877149705703669014e-01
-1.767424903537690994e-01
-1.535066484566822709e-01
-1.631882494847705090e-01
-1.838423305436354127e-01
-1.819060105099339353e-01
-1.709335300627774501e-01
-1.767424903537690994e-01
-1.825514505226752959e-01
-1.677063298483378873e-01
-1.664154497520051734e-01
-1.760970503274688070e-01
-1.806151304799357149e-01
-1.786788104236336494e-01
-1.722244101379963865e-01
-2.115962495379566377e-01
-2.432228050048284018e-01
-2.451591246102804433e-01
-2.451591246102804433e-01
-2.490317637807173412e-01
-2.425773651333482661e-01
-2.245050481229942108e-01
-2.141780093030352106e-01
-2.367684062225556829e-01
-2.277322476753980141e-01
-2.186960888340774289e-01
-2.290231274858562927e-01
-2.387047258729797505e-01
-2.483863239227233066e-01
-2.587133614708889695e-01
-2.696858384459268621e-01
-2.671040791965832994e-01
-2.367684062225556829e-01
-2.232141682915234071e-01
-2.193415287610740450e-01
-2.057872899786019616e-01
-1.948148104785882850e-01
-2.044964100599866441e-01
-2.128871294235015199e-01
-2.064327299356545353e-01
-1.844877705518559452e-01
-1.825514505226752959e-01
-2.019146502047082237e-01
-1.948148104785882850e-01
-1.844877705518559452e-01
-1.877149705703669014e-01
-1.948148104785882850e-01
-1.831968905339085296e-01
-1.722244101379963865e-01
-1.793242504439085394e-01
-1.844877705518559452e-01
-1.741607302395156154e-01
-1.709335300627774501e-01
-1.838423305436354127e-01
-1.890058505672307376e-01
-1.786788104236336494e-01
-1.754516102996568350e-01
-1.877149705703669014e-01
-1.883604105695511066e-01
-1.754516102996568350e-01
-1.780333704018524088e-01
-1.831968905339085296e-01
-1.644791295961898214e-01
-1.580247289787255482e-01
-1.760970503274688070e-01
-1.935239305088245487e-01
-1.831968905339085296e-01
-1.638336895412351168e-01
-1.625428094267959978e-01
-1.677063298483378873e-01
-1.677063298483378873e-01
-1.677063298483378873e-01
-1.825514505226752959e-01
-1.754516102996568350e-01
-1.586701690472640536e-01
-1.618973693673151359e-01
-1.606064892438237024e-01
-1.347888855053156476e-01
-1.186528819401537760e-01
-1.160711212819176552e-01
-1.173620016140652922e-01
-1.083258391617576422e-01
-9.283527426645399316e-02
-1.050986382139420527e-01
-1.070349587871799457e-01
-9.412615470777119242e-02
-9.218983404351810407e-02
-9.541703514302035671e-02
-9.477159492615427894e-02
-8.444455124987371164e-02
-8.444455124987371164e-02
-9.477159492615427894e-02
-9.154439381906520623e-02
-8.057190977104333740e-02
-7.669926823751715972e-02
-7.605382797660986682e-02
-7.540838771418378883e-02
-6.830854472715408576e-02
-7.669926823751715972e-02
-8.573543173066688894e-02
-6.959942528393447958e-02
-5.475429851354185473e-02
-7.024486556004561066e-02
-7.928102926594604583e-02
-7.928102926594604583e-02
-7.282662664927563867e-02
-7.282662664927563867e-02
-6.766310444648304667e-02
-5.862694035734250519e-02
-6.637222388057573141e-02
-7.799014875477006115e-02
-7.089030583463262758e-02
-4.636357433057725075e-02
-4.507269366419563994e-02
-6.572678359534123160e-02
-6.443590302030877126e-02
-5.023621629316110671e-02
-4.700901466148366126e-02
-5.152709693516932532e-02
-4.829989531872591613e-02
-4.700901466148366126e-02
-5.991782095976461164e-02
-5.862694035734250519e-02
-5.152709693516932532e-02
-5.798150005384883343e-02
-7.024486556004561066e-02
-6.314502243919051239e-02
-4.700901466148366126e-02
-4.959077596987349068e-02
-5.475429851354185473e-02
-5.217253725388992791e-02
-4.249093231314304830e-02
-5.346341788676056694e-02
-6.249958214634787623e-02
-4.249093231314304830e-02
-3.990917093770640633e-02
-5.927238065931383915e-02
-6.701766416428966977e-02
-4.829989531872591613e-02
-3.474564811365254968e-02
-5.927238065931383915e-02
-6.056326125869304633e-02
-4.829989531872591613e-02
-4.636357433057725075e-02
-4.184549197157139133e-02
-3.990917093770640633e-02
-3.087300593156250272e-02
-3.797284989012261747e-02
-5.669061944229270011e-02
-4.442725332871866328e-02
-3.603652882881469566e-02
-4.765445499086595760e-02
-4.765445499086595760e-02
-3.797284989012261747e-02
-3.410020775378441726e-02
-4.184549197157139133e-02
-4.636357433057725075e-02
-3.990917093770640633e-02
-4.120005162847384383e-02
-3.990917093770640633e-02
-3.216388666502645322e-02
-3.603652882881469566e-02
-4.636357433057725075e-02
-5.346341788676056694e-02
-4.829989531872591613e-02
-2.958212519199499013e-02
-3.216388666502645322e-02
-4.313637265319236747e-02
-3.926373059003651633e-02
-3.087300593156250272e-02
-3.926373059003651633e-02
-4.571813399814850243e-02
-2.958212519199499013e-02
-3.022756556254080351e-02
-4.249093231314304830e-02
-3.474564811365254968e-02
-2.441860217268931876e-02
-3.410020775378441726e-02
-5.217253725388992791e-02
-4.378181299171757246e-02
-3.216388666502645322e-02
-3.797284989012261747e-02
-4.249093231314304830e-02
-3.732740953787683225e-02
-3.345476739239039432e-02
-3.861829024084073581e-02
-3.151844629905831141e-02
-3.151844629905831141e-02
-4.184549197157139133e-02
-4.700901466148366126e-02
-3.990917093770640633e-02
-1.860963865919984528e-02
-1.796419826117912066e-02
-3.539108847199656793e-02
-3.539108847199656793e-02
-1.860963865919984528e-02
-2.312772140260044296e-02
-3.603652882881469566e-02
-2.635492331637401264e-02
-1.860963865919984528e-02
-3.539108847199656793e-02
-4.249093231314304830e-02
-2.764580407120043049e-02
-8.928032528475071672e-03
-2.441860217268931876e-02
-3.410020775378441726e-02
-2.958212519199499013e-02
-4.055461128385218217e-02
-4.184549197157139133e-02
-3.151844629905831141e-02
-1.990051945066362293e-02
-2.312772140260044296e-02
-3.216388666502645322e-02
-2.764580407120043049e-02
-2.635492331637401264e-02
-4.120005162847384383e-02
-3.926373059003651633e-02
-2.183684062640622869e-02
-6.991711261074229355e-03
-1.731875786162895281e-02
-3.087300593156250272e-02
-2.570948293667107976e-02
-1.667331746055111807e-02
-2.570948293667107976e-02
-2.119140023601850942e-02
-1.731875786162895281e-02
-2.958212519199499013e-02
-3.861829024084073581e-02
-2.829124444632391544e-02
-1.602787705794739281e-02
-2.183684062640622869e-02
-3.990917093770640633e-02
-3.087300593156250272e-02
-1.990051945066362293e-02
-3.022756556254080351e-02
-3.990917093770640633e-02
-2.829124444632391544e-02
-2.441860217268931876e-02
-3.345476739239039432e-02
-2.958212519199499013e-02
-1.796419826117912066e-02
-2.119140023601850942e-02
-3.410020775378441726e-02
-2.764580407120043049e-02
-1.086435378212158298e-02
-1.860963865919984528e-02
-3.668196918410870921e-02
-3.668196918410870921e-02
-3.539108847199656793e-02
-3.280932702947048085e-02
-2.958212519199499013e-02
-1.344611543225582295e-02
-4.409949549806668756e-03
-1.925507905569467937e-02
-2.570948293667107976e-02
-1.602787705794739281e-02
-1.150979419694664330e-02
-1.731875786162895281e-02
-2.570948293667107976e-02
-1.667331746055111807e-02
-2.054595984410489962e-02
-2.958212519199499013e-02
-1.150979419694664330e-02
-3.764509118166614599e-03
-1.150979419694664330e-02
-6.346270835550171796e-03
-1.602787705794739281e-02
-3.280932702947048085e-02
-1.150979419694664330e-02
-1.280067502201376328e-02
-2.119140023601850942e-02
-1.731875786162895281e-02
-2.441860217268931876e-02
-2.893668481992150987e-02
-1.990051945066362293e-02
-1.280067502201376328e-02
-1.796419826117912066e-02
-2.119140023601850942e-02
-2.377316178840693794e-02
-3.280932702947048085e-02
-3.926373059003651633e-02
-3.022756556254080351e-02
-1.021891336576885578e-02
-1.409155584097021574e-02
-2.829124444632391544e-02
-2.506404255544403270e-02
-1.925507905569467937e-02
-2.958212519199499013e-02
-2.829124444632391544e-02
-6.991711261074229355e-03
-6.991711261074229355e-03
-3.022756556254080351e-02
-3.151844629905831141e-02
-1.925507905569467937e-02
-1.280067502201376328e-02
-2.054595984410489962e-02
-1.215523461024581309e-02
-4.409949549806668756e-03
-2.248228101526628109e-02
-3.087300593156250272e-02
-2.377316178840693794e-02
-1.860963865919984528e-02
-2.119140023601850942e-02
-2.054595984410489962e-02
-1.021891336576885578e-02
-8.282592107537567472e-03
-2.506404255544403270e-02
-3.022756556254080351e-02
-8.928032528475071672e-03
-1.021891336576885578e-02
-2.119140023601850942e-02
-1.860963865919984528e-02
-1.860963865919984528e-02
-2.635492331637401264e-02
-2.829124444632391544e-02
-1.215523461024581309e-02
-5.373069370353533714e-04
-1.925507905569467937e-02
-3.216388666502645322e-02
-1.538243665381600067e-02
-9.573472947886685347e-03
-2.183684062640622869e-02
-1.860963865919984528e-02
-6.991711261074229355e-03
-5.700830408498447355e-03
-1.796419826117912066e-02
-1.602787705794739281e-02
-5.055389979917279675e-03
-2.119140023601850942e-02
-2.312772140260044296e-02
-6.991711261074229355e-03
-1.796419826117912066e-02
-2.441860217268931876e-02
-3.216388666502645322e-02
-1.860963865919984528e-02
-1.215523461024581309e-02
-1.667331746055111807e-02
-6.991711261074229355e-03
-1.086435378212158298e-02
-2.764580407120043049e-02
-3.087300593156250272e-02
-1.086435378212158298e-02
-5.700830408498447355e-03
-2.764580407120043049e-02
-3.345476739239039432e-02
-1.667331746055111807e-02
-9.573472947886685347e-03
-1.602787705794739281e-02
-1.409155584097021574e-02
-1.215523461024581309e-02
-1.538243665381600067e-02
-1.731875786162895281e-02
-1.021891336576885578e-02
-8.282592107537567472e-03
-1.344611543225582295e-02
-1.860963865919984528e-02
-2.312772140260044296e-02
-1.150979419694664330e-02
-1.731875786162895281e-02
-2.764580407120043049e-02
-8.282592107537567472e-03
7.535739461221879765e-04
-1.473699624815694165e-02
-2.635492331637401264e-02
-1.860963865919984528e-02
-5.700830408498447355e-03
-4.409949549806668756e-03
-5.055389979917279675e-03
-6.991711261074229355e-03
-1.538243665381600067e-02
-2.700036369454927865e-02
-2.570948293667107976e-02
-9.573472947886685347e-03
-1.344611543225582295e-02
-2.119140023601850942e-02
-5.700830408498447355e-03
-1.150979419694664330e-02
-2.248228101526628109e-02
-2.377316178840693794e-02
-1.602787705794739281e-02
-8.282592107537567472e-03
-2.183684062640622869e-02
-1.925507905569467937e-02
2.689895282330212467e-03
-1.086435378212158298e-02
-3.926373059003651633e-02
-2.570948293667107976e-02
-5.055389979917279675e-03
-1.086435378212158298e-02
-2.441860217268931876e-02
-1.925507905569467937e-02
-1.409155584097021574e-02
-1.473699624815694165e-02
-6.346270835550171796e-03
5.271657085359038319e-03
-1.086435378212158298e-02
-3.280932702947048085e-02
-3.087300593156250272e-02
-1.021891336576885578e-02
-1.086435378212158298e-02
-2.441860217268931876e-02
-1.473699624815694165e-02
-5.055389979917279675e-03
-1.538243665381600067e-02
-2.119140023601850942e-02
-1.731875786162895281e-02
-1.021891336576885578e-02
-1.215523461024581309e-02
-1.150979419694664330e-02
-6.991711261074229355e-03
-1.731875786162895281e-02
-2.893668481992150987e-02
