1.568140592701183778e-02
-4.546053610940958833e-04
-1.336341370347859936e-02
-1.100045792734150041e-03
1.180876313064516125e-02
-4.546053610940958833e-04
-1.336341370347859936e-02
4.063477703194706692e-03
1.245420359287940926e-02
-4.972688350465048757e-03
-7.554450025049064266e-03
1.245420359287940926e-02
1.697228687137908310e-02
-4.546053610940958833e-04
-1.745486222844760960e-03
1.309964405664487685e-02
8.581560842431557035e-03
-1.594517529862216065e-02
-8.845330853173294372e-03
2.149037022490674076e-02
1.568140592701183778e-02
-1.207253289674348196e-02
-2.390926651425928640e-03
9.872441753126182107e-03
-2.390926651425928640e-03
-1.207253289674348196e-02
-5.618128771402552957e-03
1.439052498876591812e-02
7.290679937856481274e-03
-1.400885410455643409e-02
-1.013621167518330424e-02
1.051788221076854768e-02
5.354358592470020994e-03
-1.659061569359110422e-02
-1.013621167518330424e-02
1.116332266994390920e-02
1.481715942997396951e-03
-2.046325803133441923e-02
-1.465429450410660195e-02
1.051788221076854768e-02
5.354358592470020994e-03
-1.465429450410660195e-02
-6.909009608696337068e-03
1.309964405664487685e-02
1.908350720736251560e-04
-7.554450025049064266e-03
9.227001297015036130e-03
1.632684639842985064e-02
-1.100045792734150041e-03
-8.199890439874124581e-03
5.354358592470020994e-03
1.309964405664487685e-02
-1.465429450410660195e-02
-1.723605608703238090e-02
1.697228687137908310e-02
1.955404877849176160e-02
8.362755067707894341e-04
-7.554450025049064266e-03
-4.972688350465048757e-03
1.051788221076854768e-02
6.645239487864884609e-03
-8.845330853173294372e-03
5.999799039402731182e-03
1.374508452193978769e-02
-1.745486222844760960e-03
-5.618128771402552957e-03
-1.100045792734150041e-03
-3.036367078477653081e-03
-1.013621167518330424e-02
-3.681807504001710640e-03
1.503596545712326815e-02
1.439052498876591812e-02
-4.546053610940958833e-04
1.481715942997396951e-03
1.180876313064516125e-02
5.354358592470020994e-03
-4.972688350465048757e-03
-8.199890439874124581e-03
1.908350720736251560e-04
-1.100045792734150041e-03
6.645239487864884609e-03
9.227001297015036130e-03
9.227001297015036130e-03
1.503596545712326815e-02
-4.546053610940958833e-04
-1.400885410455643409e-02
5.999799039402731182e-03
2.019948925909886839e-02
-3.036367078477653081e-03
-1.271797330087487410e-02
1.180876313064516125e-02
1.116332266994390920e-02
-1.271797330087487410e-02
-8.199890439874124581e-03
1.439052498876591812e-02
1.180876313064516125e-02
-1.594517529862216065e-02
-1.529973490212732656e-02
1.180876313064516125e-02
1.116332266994390920e-02
-5.618128771402552957e-03
2.127156380751671350e-03
1.051788221076854768e-02
6.645239487864884609e-03
-4.972688350465048757e-03
3.418037260850326220e-03
1.374508452193978769e-02
5.354358592470020994e-03
-1.078165208389769703e-02
4.708918147068530402e-03
1.051788221076854768e-02
-4.546053610940958833e-04
-1.013621167518330424e-02
8.362755067707894341e-04
1.051788221076854768e-02
-4.546053610940958833e-04
-1.271797330087487410e-02
-6.263569190814166632e-03
5.354358592470020994e-03
1.908350720736251560e-04
-4.327247927996324961e-03
1.245420359287940926e-02
1.890860829941765076e-02
1.481715942997396951e-03
-1.529973490212732656e-02
-5.618128771402552957e-03
4.708918147068530402e-03
-7.554450025049064266e-03
-1.142709249108442293e-02
-7.554450025049064266e-03
1.481715942997396951e-03
1.908350720736251560e-04
-2.390926651425928640e-03
8.581560842431557035e-03
1.374508452193978769e-02
-1.100045792734150041e-03
-1.078165208389769703e-02
3.418037260850326220e-03
7.936120389381073892e-03
-1.013621167518330424e-02
-1.594517529862216065e-02
7.936120389381073892e-03
7.936120389381073892e-03
-8.845330853173294372e-03
1.481715942997396951e-03
1.245420359287940926e-02
4.063477703194706692e-03
-1.013621167518330424e-02
-6.263569190814166632e-03
7.936120389381073892e-03
6.645239487864884609e-03
-4.972688350465048757e-03
-4.972688350465048757e-03
-4.546053610940958833e-04
-3.681807504001710640e-03
-4.546053610940958833e-04
8.362755067707894341e-04
4.708918147068530402e-03
4.063477703194706692e-03
-6.263569190814166632e-03
-3.681807504001710640e-03
9.227001297015036130e-03
8.581560842431557035e-03
-4.327247927996324961e-03
-6.909009608696337068e-03
1.374508452193978769e-02
1.374508452193978769e-02
-1.013621167518330424e-02
-1.659061569359110422e-02
2.127156380751671350e-03
3.418037260850326220e-03
-1.594517529862216065e-02
-1.745486222844760960e-03
1.890860829941765076e-02
5.354358592470020994e-03
-1.465429450410660195e-02
-5.618128771402552957e-03
7.936120389381073892e-03
5.354358592470020994e-03
-8.845330853173294372e-03
-5.618128771402552957e-03
1.180876313064516125e-02
6.645239487864884609e-03
-1.078165208389769703e-02
1.481715942997396951e-03
1.051788221076854768e-02
-6.263569190814166632e-03
-4.972688350465048757e-03
-5.618128771402552957e-03
1.481715942997396951e-03
1.908350720736251560e-04
-3.681807504001710640e-03
4.708918147068530402e-03
1.116332266994390920e-02
-1.100045792734150041e-03
-8.199890439874124581e-03
8.362755067707894341e-04
9.872441753126182107e-03
1.481715942997396951e-03
-9.490771264941244567e-03
1.908350720736251560e-04
1.309964405664487685e-02
8.362755067707894341e-04
-1.078165208389769703e-02
8.362755067707894341e-04
1.309964405664487685e-02
2.772596820037165344e-03
-1.013621167518330424e-02
9.227001297015036130e-03
1.503596545712326815e-02
-3.036367078477653081e-03
-1.852693686933370998e-02
2.772596820037165344e-03
1.374508452193978769e-02
-5.618128771402552957e-03
-1.465429450410660195e-02
-6.909009608696337068e-03
5.999799039402731182e-03
2.772596820037165344e-03
-1.100045792734150041e-03
1.116332266994390920e-02
1.180876313064516125e-02
-6.909009608696337068e-03
-1.465429450410660195e-02
1.481715942997396951e-03
9.227001297015036130e-03
-1.100045792734150041e-03
-1.271797330087487410e-02
9.227001297015036130e-03
1.439052498876591812e-02
-4.972688350465048757e-03
-8.199890439874124581e-03
5.354358592470020994e-03
1.632684639842985064e-02
2.772596820037165344e-03
-7.554450025049064266e-03
5.354358592470020994e-03
1.051788221076854768e-02
-1.100045792734150041e-03
-1.100045792734150041e-03
1.051788221076854768e-02
9.872441753126182107e-03
-6.263569190814166632e-03
-1.745486222844760960e-03
1.116332266994390920e-02
5.999799039402731182e-03
-1.336341370347859936e-02
-1.207253289674348196e-02
1.116332266994390920e-02
1.180876313064516125e-02
-1.078165208389769703e-02
-1.981781764552792424e-02
-2.390926651425928640e-03
-1.745486222844760960e-03
-1.594517529862216065e-02
-1.271797330087487410e-02
4.708918147068530402e-03
9.227001297015036130e-03
-3.036367078477653081e-03
-8.199890439874124581e-03
5.999799039402731182e-03
9.227001297015036130e-03
-4.327247927996324961e-03
-4.327247927996324961e-03
1.051788221076854768e-02
8.581560842431557035e-03
-3.681807504001710640e-03
-4.972688350465048757e-03
1.116332266994390920e-02
1.439052498876591812e-02
-1.659061569359110422e-02
-4.546053610940958833e-04
8.581560842431557035e-03
4.063477703194706692e-03
1.908350720736251560e-04
-1.100045792734150041e-03
1.245420359287940926e-02
9.227001297015036130e-03
-5.618128771402552957e-03
-4.327247927996324961e-03
7.290679937856481274e-03
-4.327247927996324961e-03
-1.207253289674348196e-02
1.908350720736251560e-04
1.439052498876591812e-02
-1.100045792734150041e-03
-1.981781764552792424e-02
-6.263569190814166632e-03
8.581560842431557035e-03
7.290679937856481274e-03
-4.546053610940958833e-04
1.908350720736251560e-04
1.180876313064516125e-02
6.645239487864884609e-03
-1.100045792734150041e-03
5.999799039402731182e-03
9.227001297015036130e-03
-1.917237725819376237e-02
-4.692631253608858799e-02
-5.015351412968804823e-02
-3.918102855607052959e-02
-5.660791720269209293e-02
-8.178008773395717412e-02
-7.209848395711127012e-02
-6.177143955151365162e-02
-7.726200601397081869e-02
-9.662521286151815048e-02
-8.436184868339147158e-02
-6.822584235062834068e-02
-7.790744626424128683e-02
-8.887993028644558535e-02
-8.758904983602278094e-02
-8.178008773395717412e-02
-8.500728891695352729e-02
-1.011432942627585874e-01
-1.004978540671306320e-01
-9.275257160129513068e-02
-9.146169116908176022e-02
-9.533433244751066127e-02
-9.533433244751066127e-02
-8.371640844831063077e-02
-9.662521286151815048e-02
-1.095340166679630300e-01
-9.662521286151815048e-02
-7.984376700593465159e-02
-8.823449006199268752e-02
-1.069522559551838725e-01
-9.275257160129513068e-02
-7.984376700593465159e-02
-9.791609326945582836e-02
-1.192156191250024477e-01
-1.050159354046851234e-01
-8.113464749280119293e-02
-1.017887344568695340e-01
-1.198610592766868876e-01
-1.004978540671306320e-01
-9.210713138594783800e-02
-1.217973797226648003e-01
-1.334153021125104033e-01
-1.134066576916747948e-01
-9.727065306624460561e-02
-1.121157773564984694e-01
-1.134066576916747948e-01
-9.597977265527291024e-02
-1.082431363146039160e-01
-1.211519395755207285e-01
-1.308335416237955684e-01
-1.269609008453400634e-01
-1.308335416237955684e-01
-1.411605834335016851e-01
-1.314789817482431289e-01
-1.166338585031123642e-01
-1.211519395755207285e-01
-1.353516224631690079e-01
-1.224428198682971924e-01
-9.856153347115004237e-02
-9.920697367132724764e-02
-1.146975380207937434e-01
-1.179247388170860944e-01
-1.069522559551838725e-01
-1.050159354046851234e-01
-1.301881014978345519e-01
-1.372879428002189428e-01
-1.075976961356506223e-01
-1.037250550301074270e-01
-1.230882600124161286e-01
-1.217973797226648003e-01
-1.088885764920402011e-01
-1.101794568423688503e-01
-1.230882600124161286e-01
-1.230882600124161286e-01
-1.101794568423688503e-01
-1.082431363146039160e-01
-1.263154607103036398e-01
-1.276063409788665837e-01
-1.198610592766868876e-01
-1.185701789718009991e-01
-1.237337001550198323e-01
-1.172792986608541810e-01
-1.101794568423688503e-01
-1.211519395755207285e-01
-1.353516224631690079e-01
-1.282517811108778716e-01
-1.172792986608541810e-01
-1.321244218711790097e-01
-1.482604244532268467e-01
-1.430969037297398216e-01
-1.250245804356886481e-01
-1.263154607103036398e-01
-1.418060235337588182e-01
-1.321244218711790097e-01
-1.140520978569927735e-01
-1.121157773564984694e-01
-1.353516224631690079e-01
-1.379333829095443775e-01
-1.127612175248451365e-01
-1.288972212413757035e-01
-1.437423438254636920e-01
-1.353516224631690079e-01
-1.353516224631690079e-01
-1.314789817482431289e-01
-1.418060235337588182e-01
-1.353516224631690079e-01
-1.224428198682971924e-01
-1.237337001550198323e-01
-1.347061823477950782e-01
-1.340607422309094687e-01
-1.250245804356886481e-01
-1.366425026893800521e-01
-1.501967446996097522e-01
-1.456786641035687779e-01
-1.366425026893800521e-01
-1.463241041932494824e-01
-1.514876248563137295e-01
-1.353516224631690079e-01
-1.263154607103036398e-01
-1.430969037297398216e-01
-1.489058645368661615e-01
-1.308335416237955684e-01
-1.179247388170860944e-01
-1.379333829095443775e-01
-1.585874656102426172e-01
-1.411605834335016851e-01
-1.243791402961100800e-01
-1.347061823477950782e-01
-1.347061823477950782e-01
-1.224428198682971924e-01
-1.198610592766868876e-01
-1.301881014978345519e-01
-1.353516224631690079e-01
-1.166338585031123642e-01
-1.024341746494652483e-01
-1.224428198682971924e-01
-1.353516224631690079e-01
-1.192156191250024477e-01
-1.075976961356506223e-01
-1.224428198682971924e-01
-1.276063409788665837e-01
-1.185701789718009991e-01
-1.217973797226648003e-01
-1.411605834335016851e-01
-1.405151433317346488e-01
-1.250245804356886481e-01
-1.211519395755207285e-01
-1.314789817482431289e-01
-1.424514636325060479e-01
-1.295426613703618557e-01
-1.237337001550198323e-01
-1.256700205737519838e-01
-1.263154607103036398e-01
-1.121157773564984694e-01
-1.134066576916747948e-01
-1.495513046189937967e-01
-1.469695442814202835e-01
-1.411605834335016851e-01
-1.379333829095443775e-01
-1.469695442814202835e-01
-1.572965854867511837e-01
-1.372879428002189428e-01
-1.263154607103036398e-01
-1.476149843680794049e-01
-1.489058645368661615e-01
-1.347061823477950782e-01
-1.379333829095443775e-01
-1.334153021125104033e-01
-1.424514636325060479e-01
-1.418060235337588182e-01
-1.366425026893800521e-01
-1.469695442814202835e-01
-1.489058645368661615e-01
-1.379333829095443775e-01
-1.379333829095443775e-01
-1.534239450800480853e-01
-1.514876248563137295e-01
-1.295426613703618557e-01
-1.205064994268614242e-01
-1.366425026893800521e-01
-1.443877839196776591e-01
-1.301881014978345519e-01
-1.276063409788665837e-01
-1.411605834335016851e-01
-1.469695442814202835e-01
-1.256700205737519838e-01
-1.198610592766868876e-01
-1.456786641035687779e-01
-1.424514636325060479e-01
-1.250245804356886481e-01
-1.250245804356886481e-01
-1.405151433317346488e-01
-1.463241041932494824e-01
-1.250245804356886481e-01
-1.243791402961100800e-01
-1.495513046189937967e-01
-1.437423438254636920e-01
-1.282517811108778716e-01
-1.282517811108778716e-01
-1.405151433317346488e-01
-1.405151433317346488e-01
-1.256700205737519838e-01
-1.282517811108778716e-01
-1.385788230173599089e-01
-1.340607422309094687e-01
-1.211519395755207285e-01
-1.224428198682971924e-01
-1.366425026893800521e-01
-1.327698619926014345e-01
-1.198610592766868876e-01
-1.224428198682971924e-01
-1.308335416237955684e-01
-1.230882600124161286e-01
-1.121157773564984694e-01
-1.263154607103036398e-01
-1.450332240123781702e-01
-1.250245804356886481e-01
-1.082431363146039160e-01
-1.269609008453400634e-01
-1.372879428002189428e-01
-1.205064994268614242e-01
-1.075976961356506223e-01
-1.172792986608541810e-01
-1.521330649324017514e-01
-1.663327462244552635e-01
-1.682690663440684631e-01
-2.069954658893280453e-01
-2.341039423504582828e-01
-2.412037809862219717e-01
-2.495944991401497504e-01
-2.708940133176280796e-01
-2.928389656158785215e-01
-2.876754475833678271e-01
-2.676668143045510817e-01
-2.450764201656507879e-01
-2.231314641018666833e-01
-2.018319462629740713e-01
-1.856959468101582189e-01
-1.953775465946954171e-01
-2.018319462629740713e-01
-1.869868268009984291e-01
-1.753689066665611307e-01
-1.818233068014993847e-01
-1.889231467759646677e-01
-1.734325865966965807e-01
-1.521330649324017514e-01
-1.540693851516046209e-01
-1.566511454227388356e-01
-1.456786641035687779e-01
-1.398697032284541564e-01
-1.469695442814202835e-01
-1.579420255492518521e-01
-1.456786641035687779e-01
-1.308335416237955684e-01
-1.547148252216530295e-01
-1.740780266214922989e-01
-1.534239450800480853e-01
-1.321244218711790097e-01
-1.418060235337588182e-01
-1.618146658925656567e-01
-1.489058645368661615e-01
-1.398697032284541564e-01
-1.560057053572201369e-01
-1.572965854867511837e-01
-1.372879428002189428e-01
-1.269609008453400634e-01
-1.437423438254636920e-01
-1.553602652901915349e-01
-1.321244218711790097e-01
-1.308335416237955684e-01
-1.527785050069798700e-01
-1.560057053572201369e-01
-1.476149843680794049e-01
-1.501967446996097522e-01
-1.592329056697234790e-01
-1.585874656102426172e-01
-1.430969037297398216e-01
-1.340607422309094687e-01
-1.450332240123781702e-01
-1.527785050069798700e-01
-1.398697032284541564e-01
-1.347061823477950782e-01
-1.437423438254636920e-01
-1.547148252216530295e-01
-1.424514636325060479e-01
-1.340607422309094687e-01
-1.572965854867511837e-01
-1.631055459949326547e-01
-1.398697032284541564e-01
-1.514876248563137295e-01
-1.721417065425843163e-01
-1.650418661371695350e-01
-1.456786641035687779e-01
-1.411605834335016851e-01
-1.469695442814202835e-01
-1.514876248563137295e-01
-1.508421847787175807e-01
-1.534239450800480853e-01
-1.702053864501102964e-01
-1.669781862658332727e-01
-1.424514636325060479e-01
-1.430969037297398216e-01
-1.637509860438530751e-01
-1.598783457276979902e-01
-1.379333829095443775e-01
-1.353516224631690079e-01
-1.430969037297398216e-01
-1.437423438254636920e-01
-1.340607422309094687e-01
-1.340607422309094687e-01
-1.624601059445041074e-01
-1.611692258391173027e-01
-1.430969037297398216e-01
-1.469695442814202835e-01
-1.560057053572201369e-01
-1.579420255492518521e-01
-1.476149843680794049e-01
-1.508421847787175807e-01
-1.702053864501102964e-01
-1.753689066665611307e-01
-1.682690663440684631e-01
-1.631055459949326547e-01
-1.676236263057049314e-01
-1.676236263057049314e-01
-1.592329056697234790e-01
-1.656873061815655745e-01
-1.766597867056027837e-01
-1.708508264824430967e-01
-1.572965854867511837e-01
-1.631055459949326547e-01
-1.837596268126038268e-01
-1.805324267865628940e-01
-1.663327462244552635e-01
-1.708508264824430967e-01
-1.760143466868360207e-01
-1.721417065425843163e-01
-1.669781862658332727e-01
-1.689145063809238678e-01
-1.779506667386172580e-01
-1.669781862658332727e-01
-1.489058645368661615e-01
-1.495513046189937967e-01
-1.656873061815655745e-01
-1.637509860438530751e-01
-1.366425026893800521e-01
-1.534239450800480853e-01
-1.979593064800564406e-01
-2.134498652870000512e-01
-1.979593064800564406e-01
-1.966684265403841891e-01
-2.282949833316862964e-01
-2.076409058358574811e-01
-1.792415467656027772e-01
-1.760143466868360207e-01
-1.805324267865628940e-01
-1.702053864501102964e-01
-1.553602652901915349e-01
-1.566511454227388356e-01
-1.753689066665611307e-01
-1.650418661371695350e-01
-1.456786641035687779e-01
-1.566511454227388356e-01
-1.714962665132677699e-01
-1.656873061815655745e-01
-1.579420255492518521e-01
-1.702053864501102964e-01
-1.811778667947834265e-01
-1.695599464162711456e-01
-1.618146658925656567e-01
-1.605237857841625981e-01
-1.669781862658332727e-01
-1.631055459949326547e-01
-1.463241041932494824e-01
-1.585874656102426172e-01
-1.656873061815655745e-01
-1.579420255492518521e-01
-1.579420255492518521e-01
-1.579420255492518521e-01
-1.618146658925656567e-01
-1.521330649324017514e-01
-1.553602652901915349e-01
-1.779506667386172580e-01
-1.831141868104086967e-01
-1.650418661371695350e-01
-1.527785050069798700e-01
-1.618146658925656567e-01
-1.773052267228631962e-01
-1.753689066665611307e-01
-1.611692258391173027e-01
-1.702053864501102964e-01
-1.856959468101582189e-01
-1.721417065425843163e-01
-1.566511454227388356e-01
-1.650418661371695350e-01
-1.682690663440684631e-01
-1.676236263057049314e-01
-1.534239450800480853e-01
-1.456786641035687779e-01
-1.489058645368661615e-01
-1.347061823477950782e-01
-1.179247388170860944e-01
-1.256700205737519838e-01
-1.217973797226648003e-01
-1.030796148405439538e-01
-8.823449006199268752e-02
-9.662521286151815048e-02
-1.082431363146039160e-01
-7.532568525404670368e-02
-5.854423809491215991e-02
-9.210713138594783800e-02
-9.468889223823317991e-02
-8.048920725012820299e-02
-5.983511868211799367e-02
-7.661656576218334180e-02
-7.919832676022231510e-02
-5.531703660026998648e-02
-5.596247690224132043e-02
-7.532568525404670368e-02
-8.565272914899857426e-02
-6.112599926323625255e-02
-4.950807381401567397e-02
-6.499864097008156705e-02
-6.951672289220311995e-02
-6.241687983826871289e-02
-5.789879779902662449e-02
-7.080760342769742977e-02
-7.080760342769742977e-02
-4.950807381401567397e-02
-4.305367057350473203e-02
-6.435320068941052796e-02
-6.758040207756010886e-02
-5.467159629677631472e-02
-5.725335750162052761e-02
-6.048055897343829201e-02
-5.144439475646933602e-02
-3.466294613305009875e-02
-3.595382683296399762e-02
-5.531703660026998648e-02
-6.306232012350321270e-02
-4.757175285785564256e-02
-4.305367057350473203e-02
-6.241687983826871289e-02
-5.725335750162052761e-02
-4.111734957164614457e-02
-4.240823024107598371e-02
-5.273527537715771984e-02
-4.821719317809680661e-02
-3.143574435658003097e-02
-3.272662507174217694e-02
-4.305367057350473203e-02
-4.821719317809680661e-02
-4.240823024107598371e-02
-3.530838648376821709e-02
-4.692631253608858799e-02
-4.692631253608858799e-02
-2.885398290795393450e-02
-2.949942327239796214e-02
-4.821719317809680661e-02
-5.596247690224132043e-02
-4.111734957164614457e-02
-3.595382683296399762e-02
-4.563543188798746542e-02
-3.659926718063388762e-02
-2.820854254198579270e-02
-3.595382683296399762e-02
-5.015351412968804823e-02
-4.950807381401567397e-02
-3.918102855607052959e-02
-4.111734957164614457e-02
-4.369911090441114254e-02
-4.498999156165339741e-02
-3.014486363531787561e-02
-2.691766180546828480e-02
-5.144439475646933602e-02
-4.692631253608858799e-02
-3.208118471492404922e-02
-2.949942327239796214e-02
-4.950807381401567397e-02
-4.305367057350473203e-02
-2.562678106284899116e-02
-4.111734957164614457e-02
-5.402615599175852878e-02
-3.853558821449887262e-02
-2.433590031412791177e-02
-3.208118471492404922e-02
-3.982646889611984875e-02
-2.433590031412791177e-02
-1.400885410455643409e-02
-3.337206542703619050e-02
-4.821719317809680661e-02
-3.337206542703619050e-02
-1.723605608703238090e-02
-3.014486363531787561e-02
-3.853558821449887262e-02
-2.369045993747675993e-02
-2.562678106284899116e-02
-3.982646889611984875e-02
-4.176278990712312122e-02
-2.820854254198579270e-02
-1.917237725819376237e-02
-3.853558821449887262e-02
-4.369911090441114254e-02
-2.756310217448998401e-02
-2.110869841561680005e-02
-2.369045993747675993e-02
-3.079030399671189855e-02
-2.433590031412791177e-02
-1.852693686933370998e-02
-3.659926718063388762e-02
-4.498999156165339741e-02
-2.820854254198579270e-02
-2.756310217448998401e-02
-4.111734957164614457e-02
-3.789014787140132512e-02
-2.756310217448998401e-02
-2.756310217448998401e-02
-3.595382683296399762e-02
-2.498134068925139673e-02
-1.400885410455643409e-02
-3.014486363531787561e-02
-4.628087221280097197e-02
-2.949942327239796214e-02
-1.465429450410660195e-02
-2.756310217448998401e-02
-3.853558821449887262e-02
-2.433590031412791177e-02
-1.271797330087487410e-02
-2.691766180546828480e-02
-4.628087221280097197e-02
-4.047190923464505374e-02
-1.852693686933370998e-02
-2.304501955930149393e-02
-3.595382683296399762e-02
-1.659061569359110422e-02
-1.529973490212732656e-02
-4.047190923464505374e-02
-4.692631253608858799e-02
-3.079030399671189855e-02
-1.917237725819376237e-02
-2.498134068925139673e-02
-4.305367057350473203e-02
-3.659926718063388762e-02
-1.142709249108442293e-02
-1.465429450410660195e-02
-3.143574435658003097e-02
-2.562678106284899116e-02
-1.013621167518330424e-02
-1.788149647894599070e-02
-3.595382683296399762e-02
-2.949942327239796214e-02
-1.400885410455643409e-02
-7.554450025049064266e-03
-1.336341370347859936e-02
-1.529973490212732656e-02
-1.400885410455643409e-02
-2.949942327239796214e-02
-4.305367057350473203e-02
-2.562678106284899116e-02
-7.554450025049064266e-03
-1.788149647894599070e-02
-2.756310217448998401e-02
-1.207253289674348196e-02
-1.207253289674348196e-02
-3.466294613305009875e-02
-2.304501955930149393e-02
-3.036367078477653081e-03
-1.745486222844760960e-03
-2.110869841561680005e-02
-4.369911090441114254e-02
-2.304501955930149393e-02
-1.271797330087487410e-02
-2.885398290795393450e-02
-2.369045993747675993e-02
-1.336341370347859936e-02
-1.788149647894599070e-02
-2.820854254198579270e-02
-2.627222143492247142e-02
-1.078165208389769703e-02
-1.400885410455643409e-02
-2.756310217448998401e-02
-2.046325803133441923e-02
-6.909009608696337068e-03
-1.271797330087487410e-02
-3.208118471492404922e-02
-3.272662507174217694e-02
-2.239957917959856104e-02
-2.110869841561680005e-02
-3.143574435658003097e-02
-2.949942327239796214e-02
-1.723605608703238090e-02
-2.239957917959856104e-02
-3.530838648376821709e-02
-2.562678106284899116e-02
-1.207253289674348196e-02
-2.369045993747675993e-02
-4.628087221280097197e-02
-2.498134068925139673e-02
1.180876313064516125e-02
-6.263569190814166632e-03
-3.337206542703619050e-02
-2.691766180546828480e-02
-1.594517529862216065e-02
-2.498134068925139673e-02
-2.433590031412791177e-02
-6.263569190814166632e-03
-1.013621167518330424e-02
-2.433590031412791177e-02
-2.885398290795393450e-02
-2.110869841561680005e-02
-1.917237725819376237e-02
-2.175413879837151399e-02
-1.788149647894599070e-02
-1.142709249108442293e-02
-1.788149647894599070e-02
-2.949942327239796214e-02
-3.143574435658003097e-02
-2.175413879837151399e-02
-1.852693686933370998e-02
-2.820854254198579270e-02
-2.498134068925139673e-02
-1.336341370347859936e-02
-8.845330853173294372e-03
-2.691766180546828480e-02
-3.143574435658003097e-02
-5.618128771402552957e-03
-9.490771264941244567e-03
-2.627222143492247142e-02
-3.014486363531787561e-02
-2.239957917959856104e-02
-1.529973490212732656e-02
-2.304501955930149393e-02
-1.078165208389769703e-02
-5.618128771402552957e-03
-1.723605608703238090e-02
-2.820854254198579270e-02
-2.756310217448998401e-02
-1.465429450410660195e-02
-1.271797330087487410e-02
-1.852693686933370998e-02
-2.175413879837151399e-02
-2.239957917959856104e-02
-2.046325803133441923e-02
-2.369045993747675993e-02
-8.199890439874124581e-03
-3.681807504001710640e-03
-2.433590031412791177e-02
-2.498134068925139673e-02
-1.723605608703238090e-02
-1.465429450410660195e-02
-2.369045993747675993e-02
-3.208118471492404922e-02
-1.723605608703238090e-02
-1.013621167518330424e-02
-2.110869841561680005e-02
-3.272662507174217694e-02
-2.691766180546828480e-02
-1.659061569359110422e-02
-2.046325803133441923e-02
-1.917237725819376237e-02
-1.207253289674348196e-02
-1.659061569359110422e-02
-2.175413879837151399e-02
-1.917237725819376237e-02
-8.199890439874124581e-03
-1.013621167518330424e-02
-2.369045993747675993e-02
-2.756310217448998401e-02
-2.562678106284899116e-02
-2.627222143492247142e-02
-2.756310217448998401e-02
-2.110869841561680005e-02
-1.723605608703238090e-02
-2.433590031412791177e-02
-3.079030399671189855e-02
-1.659061569359110422e-02
1.481715942997396951e-03
-5.618128771402552957e-03
-2.756310217448998401e-02
-2.304501955930149393e-02
-5.618128771402552957e-03
-6.909009608696337068e-03
-2.239957917959856104e-02
-1.594517529862216065e-02
-5.618128771402552957e-03
-1.981781764552792424e-02
-2.498134068925139673e-02
-6.263569190814166632e-03
1.481715942997396951e-03
-1.465429450410660195e-02
-2.756310217448998401e-02
-1.788149647894599070e-02
-4.327247927996324961e-03
-1.078165208389769703e-02
-2.046325803133441923e-02
-1.207253289674348196e-02
-3.036367078477653081e-03
-2.627222143492247142e-02
-2.433590031412791177e-02
-9.490771264941244567e-03
-3.681807504001710640e-03
-1.013621167518330424e-02
-1.400885410455643409e-02
8.362755067707894341e-04
-6.909009608696337068e-03
-3.208118471492404922e-02
-2.304501955930149393e-02
-2.390926651425928640e-03
-9.490771264941244567e-03
-2.498134068925139673e-02
-2.304501955930149393e-02
-1.465429450410660195e-02
-1.723605608703238090e-02
-2.110869841561680005e-02
-1.788149647894599070e-02
-6.909009608696337068e-03
-4.327247927996324961e-03
-1.465429450410660195e-02
-1.529973490212732656e-02
-8.199890439874124581e-03
-1.465429450410660195e-02
