1.803820832407154739e-03
5.031023013538415967e-03
-4.650583415195086445e-03
-7.232345071439993944e-03
1.803820832407154739e-03
-2.714262156963798134e-03
-1.175042791105518347e-02
-7.779408849764024581e-04
1.277630840426979830e-02
3.094701700272040057e-03
-1.497762989353113028e-02
-9.814106703242231333e-03
-7.779408849764024581e-04
-4.650583415195086445e-03
-8.523225890396446403e-03
1.803820832407154739e-03
6.321903896695957314e-03
-1.325004579246780168e-04
2.449261265574875779e-03
-1.423381310500460017e-03
-5.941464246372873959e-03
-2.068821734495074338e-03
8.258225232903981805e-03
1.019454658288232451e-02
-1.325004579246780168e-04
-9.814106703242231333e-03
-3.359702577901302334e-03
1.213086794662743273e-02
5.129399706564896633e-04
-1.949571260487026336e-02
-7.779408849764024581e-04
6.321903896695957314e-03
-5.296023831547813643e-03
-1.423381310500460017e-03
5.129399706564896633e-04
5.129399706564896633e-04
-7.877785481682053614e-03
-5.941464246372873959e-03
1.600351071544103831e-02
5.676463454351576843e-03
-1.045954710737362348e-02
-7.779408849764024581e-04
1.083998703593280766e-02
-1.325004579246780168e-04
-1.304130870862607594e-02
-2.714262156963798134e-03
1.277630840426979830e-02
1.158380400767100582e-03
-7.232345071439993944e-03
8.258225232903981805e-03
8.903665681366135232e-03
-7.232345071439993944e-03
-2.714262156963798134e-03
1.729439165062451877e-02
1.213086794662743273e-02
-7.779408849764024581e-04
2.449261265574875779e-03
1.803820832407154739e-03
-5.296023831547813643e-03
-7.877785481682053614e-03
3.094701700272040057e-03
6.967344340569781025e-03
-4.005142997312916009e-03
-5.941464246372873959e-03
8.258225232903981805e-03
6.321903896695957314e-03
-7.232345071439993944e-03
-1.110498750997734874e-02
1.158380400767100582e-03
6.967344340569781025e-03
-1.325004579246780168e-04
-1.423381310500460017e-03
6.321903896695957314e-03
8.903665681366135232e-03
6.321903896695957314e-03
1.803820832407154739e-03
-1.423381310500460017e-03
-9.814106703242231333e-03
-9.814106703242231333e-03
6.321903896695957314e-03
9.549106131357731897e-03
-4.650583415195086445e-03
-4.005142997312916009e-03
7.612784785971271617e-03
2.449261265574875779e-03
-8.523225890396446403e-03
-2.068821734495074338e-03
1.019454658288232451e-02
-4.005142997312916009e-03
-9.168666297583172309e-03
1.406718932414641188e-02
1.664895118226716875e-02
-7.779408849764024581e-04
5.129399706564896633e-04
1.158380400767100582e-03
-2.068821734495074338e-03
-5.941464246372873959e-03
-2.068821734495074338e-03
3.740142136498647574e-03
6.967344340569781025e-03
1.019454658288232451e-02
1.158380400767100582e-03
-9.168666297583172309e-03
-1.497762989353113028e-02
-1.175042791105518347e-02
5.129399706564896633e-04
5.676463454351576843e-03
2.449261265574875779e-03
-4.005142997312916009e-03
1.158380400767100582e-03
5.031023013538415967e-03
-4.650583415195086445e-03
-1.110498750997734874e-02
1.158380400767100582e-03
1.406718932414641188e-02
5.031023013538415967e-03
-5.296023831547813643e-03
3.094701700272040057e-03
-1.423381310500460017e-03
-1.239586831060535133e-02
5.129399706564896633e-04
1.342174886344515983e-02
5.676463454351576843e-03
-1.110498750997734874e-02
-9.814106703242231333e-03
5.676463454351576843e-03
2.449261265574875779e-03
-5.296023831547813643e-03
-2.068821734495074338e-03
1.083998703593280766e-02
8.903665681366135232e-03
-3.359702577901302334e-03
8.258225232903981805e-03
4.385582574252921972e-03
-1.239586831060535133e-02
-1.423381310500460017e-03
8.903665681366135232e-03
-3.359702577901302334e-03
-1.368674910512091003e-02
1.158380400767100582e-03
8.258225232903981805e-03
-2.714262156963798134e-03
-7.877785481682053614e-03
5.031023013538415967e-03
1.148542749051628675e-02
9.549106131357731897e-03
1.148542749051628675e-02
1.600351071544103831e-02
-7.779408849764024581e-04
-2.078659336580024330e-02
-1.175042791105518347e-02
8.903665681366135232e-03
4.385582574252921972e-03
-7.877785481682053614e-03
6.321903896695957314e-03
5.129399706564896633e-04
-9.814106703242231333e-03
-8.523225890396446403e-03
-1.423381310500460017e-03
1.019454658288232451e-02
-1.423381310500460017e-03
-1.497762989353113028e-02
1.406718932414641188e-02
3.740142136498647574e-03
-2.659555671445268388e-02
-9.168666297583172309e-03
1.535807025014612748e-02
4.385582574252921972e-03
-1.045954710737362348e-02
4.385582574252921972e-03
9.549106131357731897e-03
-4.005142997312916009e-03
-9.814106703242231333e-03
1.158380400767100582e-03
7.612784785971271617e-03
-2.068821734495074338e-03
-2.714262156963798134e-03
5.676463454351576843e-03
5.676463454351576843e-03
-2.714262156963798134e-03
-5.296023831547813643e-03
5.676463454351576843e-03
4.385582574252921972e-03
-5.941464246372873959e-03
-7.779408849764024581e-04
9.549106131357731897e-03
1.158380400767100582e-03
-5.296023831547813643e-03
3.094701700272040057e-03
6.967344340569781025e-03
-3.359702577901302334e-03
2.449261265574875779e-03
1.535807025014612748e-02
-1.325004579246780168e-04
-1.949571260487026336e-02
-9.168666297583172309e-03
2.449261265574875779e-03
1.158380400767100582e-03
-7.779408849764024581e-04
7.612784785971271617e-03
5.676463454351576843e-03
-4.005142997312916009e-03
-2.068821734495074338e-03
2.449261265574875779e-03
5.031023013538415967e-03
-1.423381310500460017e-03
1.158380400767100582e-03
9.549106131357731897e-03
-5.296023831547813643e-03
-1.497762989353113028e-02
1.158380400767100582e-03
5.676463454351576843e-03
-2.068821734495074338e-03
-4.005142997312916009e-03
-5.941464246372873959e-03
-2.714262156963798134e-03
-5.296023831547813643e-03
6.321903896695957314e-03
4.385582574252921972e-03
-7.877785481682053614e-03
-1.368674910512091003e-02
5.129399706564896633e-04
8.258225232903981805e-03
1.148542749051628675e-02
-1.325004579246780168e-04
-7.779408849764024581e-04
3.740142136498647574e-03
-1.423381310500460017e-03
-2.714262156963798134e-03
1.019454658288232451e-02
3.740142136498647574e-03
-6.586904659672043749e-03
-1.562307028544474008e-02
-7.779408849764024581e-04
1.083998703593280766e-02
-1.110498750997734874e-02
-9.168666297583172309e-03
1.019454658288232451e-02
-7.779408849764024581e-04
-1.497762989353113028e-02
1.158380400767100582e-03
1.148542749051628675e-02
5.129399706564896633e-04
-1.304130870862607594e-02
-2.714262156963798134e-03
3.094701700272040057e-03
-1.045954710737362348e-02
-5.296023831547813643e-03
1.664895118226716875e-02
2.116703449291890138e-02
5.031023013538415967e-03
-9.814106703242231333e-03
-7.877785481682053614e-03
-5.296023831547813643e-03
-4.650583415195086445e-03
6.321903896695957314e-03
8.258225232903981805e-03
-7.232345071439993944e-03
-7.779408849764024581e-04
9.549106131357731897e-03
1.406718932414641188e-02
8.903665681366135232e-03
2.449261265574875779e-03
3.740142136498647574e-03
-1.325004579246780168e-04
-4.650583415195086445e-03
-1.423381310500460017e-03
6.967344340569781025e-03
8.258225232903981805e-03
-1.325004579246780168e-04
-7.779408849764024581e-04
3.740142136498647574e-03
-2.068821734495074338e-03
-7.877785481682053614e-03
-1.325004579246780168e-04
8.258225232903981805e-03
-1.325004579246780168e-04
-2.068821734495074338e-03
2.449261265574875779e-03
-1.325004579246780168e-04
-7.232345071439993944e-03
3.740142136498647574e-03
4.385582574252921972e-03
3.740142136498647574e-03
-1.755939145202667362e-02
-1.691395106469251175e-02
1.019454658288232451e-02
4.385582574252921972e-03
4.385582574252921972e-03
3.740142136498647574e-03
3.740142136498647574e-03
-5.941464246372873959e-03
-1.175042791105518347e-02
-1.239586831060535133e-02
-1.368674910512091003e-02
-9.168666297583172309e-03
3.740142136498647574e-03
1.535807025014612748e-02
1.803820832407154739e-03
-2.724099707889671151e-02
-3.885892337814489395e-02
-5.886757306973500192e-02
-9.759398767648619355e-02
-1.311568759190091527e-01
-1.343840764958788014e-01
-1.356749567160431269e-01
-1.524563990281517789e-01
-1.614925598503518245e-01
-1.666560801874226172e-01
-1.808557606169074461e-01
-1.886010405438849347e-01
-1.866647205824634170e-01
-1.750468005293619456e-01
-1.756922405451160074e-01
-1.976372001847810367e-01
-1.957008802865551900e-01
-1.866647205824634170e-01
-1.969917602202091444e-01
-1.995735200694728206e-01
-1.892464805280145157e-01
-1.866647205824634170e-01
-1.937645603747899514e-01
-1.950554403174713514e-01
-1.879556005582507794e-01
-1.969917602202091444e-01
-2.163549585034729716e-01
-2.241002374382574658e-01
-2.124823189550042457e-01
-2.202275979978853826e-01
-2.202275979978853826e-01
-2.105459991604927694e-01
-2.150640786599922194e-01
-2.111914390934988006e-01
-1.989280801094128748e-01
-1.840829606128284723e-01
-1.750468005293619456e-01
-1.698832803490830656e-01
-1.614925598503518245e-01
-1.576199195341967396e-01
-1.602016797510028567e-01
-1.653652001122036808e-01
-1.595562396990644061e-01
-1.472928784254925461e-01
-1.356749567160431269e-01
-1.427747978188769196e-01
-1.343840764958788014e-01
-1.401930374390047973e-01
-1.485837585852163301e-01
-1.531018390966902842e-01
-1.479383185061085015e-01
-1.511655188865468347e-01
-1.563290394167413666e-01
-1.524563990281517789e-01
-1.343840764958788014e-01
-1.285751154302943178e-01
-1.556835993557506015e-01
-1.621379998977641179e-01
-1.524563990281517789e-01
-1.576199195341967396e-01
-1.647197600723320221e-01
-1.602016797510028567e-01
-1.614925598503518245e-01
-1.698832803490830656e-01
-1.769831205721015266e-01
-1.698832803490830656e-01
-1.666560801874226172e-01
-1.705287203768950377e-01
-1.647197600723320221e-01
-1.737559204933347701e-01
-1.692378403197665193e-01
-1.769831205721015266e-01
-1.853738406006577577e-01
-1.666560801874226172e-01
-1.621379998977641179e-01
-1.595562396990644061e-01
-1.563290394167413666e-01
-1.640743200309540129e-01
-1.679469602566090458e-01
-1.653652001122036808e-01
-1.479383185061085015e-01
-1.472928784254925461e-01
-1.576199195341967396e-01
-1.518109589581033703e-01
-1.479383185061085015e-01
-1.492291986628124789e-01
-1.556835993557506015e-01
-1.582653595906613475e-01
-1.537472791637188863e-01
-1.556835993557506015e-01
-1.614925598503518245e-01
-1.524563990281517789e-01
-1.498746387389005008e-01
-1.556835993557506015e-01
-1.556835993557506015e-01
-1.447111180879190329e-01
-1.466474383433649109e-01
-1.653652001122036808e-01
-1.756922405451160074e-01
-1.673015202227698950e-01
-1.666560801874226172e-01
-1.705287203768950377e-01
-1.666560801874226172e-01
-1.660106401505672125e-01
-1.673015202227698950e-01
-1.653652001122036808e-01
-1.621379998977641179e-01
-1.602016797510028567e-01
-1.698832803490830656e-01
-1.892464805280145157e-01
-1.873101605711102735e-01
-1.705287203768950377e-01
-1.782740005930616434e-01
-1.892464805280145157e-01
-1.782740005930616434e-01
-1.802103206132059654e-01
-1.950554403174713514e-01
-1.873101605711102735e-01
-1.853738406006577577e-01
-1.957008802865551900e-01
-1.879556005582507794e-01
-1.595562396990644061e-01
-1.505200788134786194e-01
-1.769831205721015266e-01
-1.873101605711102735e-01
-1.763376805593601659e-01
-1.679469602566090458e-01
-1.724650404512786395e-01
-1.750468005293619456e-01
-1.776285605833347603e-01
-1.911828004713758133e-01
-2.008643999850807660e-01
-1.924736804260920309e-01
-1.860192805923137627e-01
-1.898919205106395225e-01
-1.982826401478483547e-01
-1.969917602202091444e-01
-1.918282404494853211e-01
-1.969917602202091444e-01
-1.944100003468829385e-01
-1.873101605711102735e-01
-1.847284006074971785e-01
-1.963463202541344543e-01
-2.015098399406305418e-01
-1.873101605711102735e-01
-1.886010405438849347e-01
-2.060279195873828684e-01
-1.905373604917617314e-01
-1.769831205721015266e-01
-1.879556005582507794e-01
-2.015098399406305418e-01
-1.924736804260920309e-01
-1.821466406197931320e-01
-1.827920806189773373e-01
-1.821466406197931320e-01
-1.808557606169074461e-01
-1.892464805280145157e-01
-2.015098399406305418e-01
-1.937645603747899514e-01
-1.789194406012821759e-01
-1.847284006074971785e-01
-1.924736804260920309e-01
-1.808557606169074461e-01
-1.685924002889418460e-01
-1.744013605121015331e-01
-1.769831205721015266e-01
-1.647197600723320221e-01
-1.640743200309540129e-01
-1.840829606128284723e-01
-1.924736804260920309e-01
-1.976372001847810367e-01
-2.163549585034729716e-01
-2.273274369306346188e-01
-2.350727155593368423e-01
-2.486269526401674312e-01
-2.679901473245021037e-01
-2.899350996735368113e-01
-2.950986176224770219e-01
-3.125254899955738352e-01
-3.338249991993542665e-01
-3.151072487732733407e-01
-2.828352623377838881e-01
-2.699264667188927547e-01
-2.628266288736718082e-01
-2.447543135416374582e-01
-2.260365571381850458e-01
-2.234547975352825233e-01
-2.247456773397349394e-01
-2.131277588835036596e-01
-2.028007198472181472e-01
-2.021552798946757434e-01
-2.053824796423562304e-01
-1.898919205106395225e-01
-1.795648806079981341e-01
-1.892464805280145157e-01
-1.924736804260920309e-01
-1.782740005930616434e-01
-1.802103206132059654e-01
-1.963463202541344543e-01
-1.898919205106395225e-01
-1.750468005293619456e-01
-1.711741604031953301e-01
-1.840829606128284723e-01
-1.873101605711102735e-01
-1.724650404512786395e-01
-1.827920806189773373e-01
-1.821466406197931320e-01
-1.608471198014314041e-01
-1.614925598503518245e-01
-1.769831205721015266e-01
-1.795648806079981341e-01
-1.756922405451160074e-01
-1.731104804730598801e-01
-1.756922405451160074e-01
-1.737559204933347701e-01
-1.595562396990644061e-01
-1.711741604031953301e-01
-1.782740005930616434e-01
-1.653652001122036808e-01
-1.595562396990644061e-01
-1.737559204933347701e-01
-1.827920806189773373e-01
-1.750468005293619456e-01
-1.769831205721015266e-01
-1.931191204011941664e-01
-1.969917602202091444e-01
-1.866647205824634170e-01
-1.737559204933347701e-01
-1.808557606169074461e-01
-1.815012006191025762e-01
-1.653652001122036808e-01
-1.847284006074971785e-01
-1.995735200694728206e-01
-1.711741604031953301e-01
-1.640743200309540129e-01
-1.834375206166569683e-01
-1.886010405438849347e-01
-1.886010405438849347e-01
-1.950554403174713514e-01
-1.918282404494853211e-01
-1.815012006191025762e-01
-1.763376805593601659e-01
-1.769831205721015266e-01
-1.905373604917617314e-01
-1.860192805923137627e-01
-1.724650404512786395e-01
-1.763376805593601659e-01
-1.821466406197931320e-01
-1.705287203768950377e-01
-1.595562396990644061e-01
-1.621379998977641179e-01
-1.724650404512786395e-01
-1.705287203768950377e-01
-1.737559204933347701e-01
-1.795648806079981341e-01
-1.718196004279910483e-01
-1.614925598503518245e-01
-1.769831205721015266e-01
-1.950554403174713514e-01
-1.866647205824634170e-01
-1.776285605833347603e-01
-1.815012006191025762e-01
-1.918282404494853211e-01
-1.918282404494853211e-01
-1.698832803490830656e-01
-1.744013605121015331e-01
-1.756922405451160074e-01
-1.724650404512786395e-01
-1.724650404512786395e-01
-1.718196004279910483e-01
-1.685924002889418460e-01
-1.666560801874226172e-01
-1.886010405438849347e-01
-2.241002374382574658e-01
-2.312000762719819136e-01
-2.279728768246087611e-01
-2.363635953097951159e-01
-2.415271142516690617e-01
-2.273274369306346188e-01
-2.163549585034729716e-01
-2.208730379083654327e-01
-2.195821580859043110e-01
-1.924736804260920309e-01
-1.840829606128284723e-01
-1.944100003468829385e-01
-1.911828004713758133e-01
-1.776285605833347603e-01
-1.763376805593601659e-01
-1.808557606169074461e-01
-1.827920806189773373e-01
-1.808557606169074461e-01
-1.847284006074971785e-01
-1.821466406197931320e-01
-1.685924002889418460e-01
-1.627834399436682844e-01
-1.815012006191025762e-01
-1.879556005582507794e-01
-1.679469602566090458e-01
-1.595562396990644061e-01
-1.679469602566090458e-01
-1.698832803490830656e-01
-1.640743200309540129e-01
-1.602016797510028567e-01
-1.685924002889418460e-01
-1.634288799880643239e-01
-1.537472791637188863e-01
-1.692378403197665193e-01
-1.795648806079981341e-01
-1.653652001122036808e-01
-1.498746387389005008e-01
-1.640743200309540129e-01
-1.679469602566090458e-01
-1.543927192292375850e-01
-1.647197600723320221e-01
-1.756922405451160074e-01
-1.698832803490830656e-01
-1.531018390966902842e-01
-1.621379998977641179e-01
-1.763376805593601659e-01
-1.614925598503518245e-01
-1.511655188865468347e-01
-1.640743200309540129e-01
-1.750468005293619456e-01
-1.647197600723320221e-01
-1.498746387389005008e-01
-1.627834399436682844e-01
-1.705287203768950377e-01
-1.582653595906613475e-01
-1.608471198014314041e-01
-1.750468005293619456e-01
-1.692378403197665193e-01
-1.647197600723320221e-01
-1.692378403197665193e-01
-1.698832803490830656e-01
-1.550381592932499331e-01
-1.531018390966902842e-01
-1.685924002889418460e-01
-1.563290394167413666e-01
-1.376112770349529058e-01
-1.305114357991001839e-01
-1.259933549173766210e-01
-1.182480732333601736e-01
-1.079210306488675997e-01
-1.150208724673529304e-01
-1.150208724673529304e-01
-1.001757484559639977e-01
-9.759398767648619355e-02
-1.008211886470427032e-01
-1.001757484559639977e-01
-8.662150409294433473e-02
-8.210342248989022096e-02
-7.693990056672106448e-02
-7.564902007074003620e-02
-7.758534081243340097e-02
-7.500357982046956806e-02
-7.952166154045592350e-02
-7.758534081243340097e-02
-6.338565505573079406e-02
-6.532197588405885824e-02
-8.081254201821153060e-02
-7.242181880419629181e-02
-6.080389393000196208e-02
-6.467653560947184133e-02
-7.500357982046956806e-02
-6.209477449590927733e-02
-5.434949100919084231e-02
-6.403109533336071024e-02
-7.177637854633012182e-02
-6.854917723419617914e-02
-6.984005776361001949e-02
-7.887622129929994230e-02
-6.532197588405885824e-02
-4.660420730331615857e-02
-5.693125219577410689e-02
-7.242181880419629181e-02
-6.403109533336071024e-02
-5.112228949171893078e-02
-5.757669248861674305e-02
-6.596741615712709006e-02
-5.499493130811927699e-02
-5.176772979825727816e-02
-5.822213277993704139e-02
-5.434949100919084231e-02
-4.595876698459555598e-02
-5.305861040676873586e-02
-5.822213277993704139e-02
-4.402244601929972134e-02
-3.498628133327841283e-02
-4.789508793618679761e-02
-6.144933421371590043e-02
-5.370405070874006981e-02
-4.595876698459555598e-02
-5.564037160552537387e-02
-6.080389393000196208e-02
-5.047684918365646922e-02
-5.176772979825727816e-02
-5.757669248861674305e-02
-4.531332666435439194e-02
-3.821348304114380312e-02
-4.402244601929972134e-02
-5.241317010327506409e-02
-4.466788634258733737e-02
-3.821348304114380312e-02
-4.595876698459555598e-02
-5.564037160552537387e-02
-4.724964762051442335e-02
-3.563172167790007450e-02
-3.627716202099762199e-02
-3.756804270261859813e-02
-3.821348304114380312e-02
-4.918596856296808539e-02
-4.854052825033861041e-02
-4.466788634258733737e-02
-4.208612504029218826e-02
-3.756804270261859813e-02
-4.014980404757473309e-02
-3.950436371362187060e-02
-3.563172167790007450e-02
-4.144068471090989192e-02
-3.369540063946274699e-02
-2.788643744181662498e-02
-3.175907958730306291e-02
-4.273156536815214679e-02
-4.660420730331615857e-02
-3.563172167790007450e-02
-3.046819887824092632e-02
-3.821348304114380312e-02
-4.402244601929972134e-02
-3.627716202099762199e-02
-3.756804270261859813e-02
-3.563172167790007450e-02
-2.982275852142279859e-02
-2.853187780321064793e-02
-3.950436371362187060e-02
-4.079524438000348141e-02
-2.595011634848454207e-02
-2.465923561196703417e-02
-4.724964762051442335e-02
-4.531332666435439194e-02
-2.465923561196703417e-02
-2.143203374397550931e-02
-3.756804270261859813e-02
-4.144068471090989192e-02
-3.175907958730306291e-02
-3.692260236256927897e-02
-4.337700569448621479e-02
-3.692260236256927897e-02
-3.304996029026696647e-02
-4.208612504029218826e-02
-4.273156536815214679e-02
-3.304996029026696647e-02
-2.530467598098873339e-02
-3.240451993954884813e-02
-3.627716202099762199e-02
-3.046819887824092632e-02
-3.304996029026696647e-02
-3.950436371362187060e-02
-3.756804270261859813e-02
-2.788643744181662498e-02
-2.078659336580024330e-02
-2.336835486934774053e-02
-1.949571260487026336e-02
-3.046819887824092632e-02
-3.950436371362187060e-02
-3.756804270261859813e-02
-2.078659336580024330e-02
-1.691395106469251175e-02
-3.046819887824092632e-02
-3.369540063946274699e-02
-3.692260236256927897e-02
-3.627716202099762199e-02
-3.627716202099762199e-02
-1.820483183783316861e-02
-9.814106703242231333e-03
-2.336835486934774053e-02
-3.240451993954884813e-02
-2.401379524142122079e-02
-1.691395106469251175e-02
-3.046819887824092632e-02
-3.240451993954884813e-02
-2.401379524142122079e-02
-2.724099707889671151e-02
-2.014115298609731042e-02
-2.465923561196703417e-02
-2.530467598098873339e-02
-1.755939145202667362e-02
-3.563172167790007450e-02
-2.336835486934774053e-02
-9.168666297583172309e-03
-3.175907958730306291e-02
-4.144068471090989192e-02
-2.788643744181662498e-02
-1.304130870862607594e-02
-1.949571260487026336e-02
-2.595011634848454207e-02
-1.562307028544474008e-02
-2.401379524142122079e-02
-2.982275852142279859e-02
-2.336835486934774053e-02
-2.401379524142122079e-02
-3.304996029026696647e-02
-3.756804270261859813e-02
-2.982275852142279859e-02
-1.175042791105518347e-02
-2.465923561196703417e-02
-4.079524438000348141e-02
-2.465923561196703417e-02
-1.626851067583245936e-02
-2.595011634848454207e-02
-2.595011634848454207e-02
-1.885027222211554943e-02
-1.304130870862607594e-02
-2.207747412062666115e-02
-2.659555671445268388e-02
-1.949571260487026336e-02
-2.078659336580024330e-02
-2.788643744181662498e-02
-1.949571260487026336e-02
-7.232345071439993944e-03
-1.820483183783316861e-02
-3.175907958730306291e-02
-2.982275852142279859e-02
-2.272291449575014610e-02
-2.853187780321064793e-02
-2.336835486934774053e-02
-2.714262156963798134e-03
-1.110498750997734874e-02
-3.175907958730306291e-02
-3.046819887824092632e-02
-1.110498750997734874e-02
-1.175042791105518347e-02
-3.175907958730306291e-02
-3.563172167790007450e-02
-1.885027222211554943e-02
-2.336835486934774053e-02
-3.046819887824092632e-02
-1.110498750997734874e-02
-1.045954710737362348e-02
-2.336835486934774053e-02
-2.917731816307878034e-02
-1.239586831060535133e-02
-2.714262156963798134e-03
-2.207747412062666115e-02
-3.046819887824092632e-02
-2.401379524142122079e-02
-1.691395106469251175e-02
-2.014115298609731042e-02
-2.143203374397550931e-02
-1.175042791105518347e-02
-1.433218950008985360e-02
-1.626851067583245936e-02
-2.014115298609731042e-02
-9.814106703242231333e-03
-1.885027222211554943e-02
-3.046819887824092632e-02
-2.207747412062666115e-02
-1.110498750997734874e-02
-1.820483183783316861e-02
-2.401379524142122079e-02
-1.885027222211554943e-02
-1.949571260487026336e-02
-2.595011634848454207e-02
-1.045954710737362348e-02
-5.941464246372873959e-03
-2.014115298609731042e-02
-2.659555671445268388e-02
-1.626851067583245936e-02
-9.168666297583172309e-03
-1.885027222211554943e-02
-1.755939145202667362e-02
-1.110498750997734874e-02
-2.078659336580024330e-02
-2.595011634848454207e-02
-1.755939145202667362e-02
-3.359702577901302334e-03
-1.045954710737362348e-02
-2.724099707889671151e-02
-1.949571260487026336e-02
-1.045954710737362348e-02
-2.207747412062666115e-02
-3.434084098713263700e-02
-1.885027222211554943e-02
-1.045954710737362348e-02
-3.175907958730306291e-02
-3.111363923353493988e-02
-7.877785481682053614e-03
-9.168666297583172309e-03
-3.175907958730306291e-02
-2.788643744181662498e-02
-6.586904659672043749e-03
-8.523225890396446403e-03
-2.465923561196703417e-02
-1.949571260487026336e-02
-6.586904659672043749e-03
-1.368674910512091003e-02
-2.143203374397550931e-02
-1.562307028544474008e-02
-4.650583415195086445e-03
-5.941464246372873959e-03
-1.885027222211554943e-02
-8.523225890396446403e-03
3.094701700272040057e-03
-1.949571260487026336e-02
-2.530467598098873339e-02
-2.078659336580024330e-02
-2.143203374397550931e-02
-1.433218950008985360e-02
-2.207747412062666115e-02
-1.949571260487026336e-02
-1.820483183783316861e-02
-2.014115298609731042e-02
-1.045954710737362348e-02
-2.068821734495074338e-03
-3.111363923353493988e-02
-2.595011634848454207e-02
-7.779408849764024581e-04
-1.885027222211554943e-02
-2.659555671445268388e-02
-1.368674910512091003e-02
-4.650583415195086445e-03
-1.691395106469251175e-02
-3.046819887824092632e-02
-1.497762989353113028e-02
-3.359702577901302334e-03
-2.143203374397550931e-02
-3.369540063946274699e-02
-1.820483183783316861e-02
-5.941464246372873959e-03
-2.078659336580024330e-02
-2.917731816307878034e-02
-9.168666297583172309e-03
-5.296023831547813643e-03
-3.046819887824092632e-02
-2.595011634848454207e-02
-1.423381310500460017e-03
-8.523225890396446403e-03
-3.175907958730306291e-02
-2.272291449575014610e-02
-1.325004579246780168e-04
5.129399706564896633e-04
-1.497762989353113028e-02
-1.304130870862607594e-02
3.094701700272040057e-03
-1.110498750997734874e-02
-2.143203374397550931e-02
-1.562307028544474008e-02
-7.232345071439993944e-03
-1.368674910512091003e-02
-2.595011634848454207e-02
-1.304130870862607594e-02
-2.714262156963798134e-03
-1.755939145202667362e-02
-2.078659336580024330e-02
-1.175042791105518347e-02
-1.239586831060535133e-02
-2.724099707889671151e-02
-2.143203374397550931e-02
-9.168666297583172309e-03
-1.304130870862607594e-02
-2.530467598098873339e-02
-1.820483183783316861e-02
-1.433218950008985360e-02
-2.659555671445268388e-02
-2.465923561196703417e-02
-1.239586831060535133e-02
-9.814106703242231333e-03
-7.232345071439993944e-03
-1.175042791105518347e-02
-1.755939145202667362e-02
-2.143203374397550931e-02
-2.595011634848454207e-02
-1.175042791105518347e-02
