-6.051163285087923782e-03
-8.876399359163400504e-04
1.694121775351220549e-03
6.212204828935696810e-03
8.148526160555391584e-03
-4.114842040610966478e-03
-1.895997123028614340e-02
-1.508732891086062011e-02
-2.178520782379678167e-03
-6.051163285087923782e-03
-5.405722871788753991e-03
-2.421995103922824910e-04
4.275883511082767541e-03
-2.421995103922824910e-04
-6.696603696855873977e-03
3.630443074856160024e-03
1.008484750594185186e-02
3.630443074856160024e-03
2.985002640158995746e-03
6.212204828935696810e-03
-1.533080359910954371e-03
-1.121468653647106350e-02
-1.533080359910954371e-03
1.912101396651522123e-02
4.032409166594419503e-04
-7.342044107097933647e-03
-2.421995103922824910e-04
-6.051163285087923782e-03
-9.923805732789503509e-03
-7.987484515812326435e-03
4.275883511082767541e-03
9.439407055950255199e-03
-2.823961203317182367e-03
-1.533080359910954371e-03
-2.421995103922824910e-04
-7.987484515812326435e-03
-4.760282456963693676e-03
6.857645271280077282e-03
1.008484750594185186e-02
-2.421995103922824910e-04
-7.342044107097933647e-03
-1.533080359910954371e-03
4.921323948837041939e-03
-6.051163285087923782e-03
-7.987484515812326435e-03
-2.823961203317182367e-03
-1.533080359910954371e-03
-2.823961203317182367e-03
-6.051163285087923782e-03
1.048681345240609630e-03
-2.421995103922824910e-04
-1.533080359910954371e-03
3.630443074856160024e-03
3.630443074856160024e-03
-6.696603696855873977e-03
-8.632924922999052342e-03
2.339562206991274707e-03
3.630443074856160024e-03
-7.987484515812326435e-03
-4.760282456963693676e-03
1.048681345240609630e-03
-2.421995103922824910e-04
1.694121775351220549e-03
1.653925209002515828e-02
6.212204828935696810e-03
-8.632924922999052342e-03
-1.186012693602123136e-02
4.275883511082767541e-03
1.073028795746644448e-02
-3.469401622728796042e-03
-2.178520782379678167e-03
1.008484750594185186e-02
4.032409166594419503e-04
-8.632924922999052342e-03
3.630443074856160024e-03
1.137572841051692762e-02
4.921323948837041939e-03
-8.876399359163400504e-04
4.032409166594419503e-04
6.857645271280077282e-03
-2.178520782379678167e-03
-1.186012693602123136e-02
4.032409166594419503e-04
-8.876399359163400504e-04
4.032409166594419503e-04
-2.421995103922824910e-04
-2.823961203317182367e-03
-6.051163285087923782e-03
-1.315100773053679006e-02
-8.876399359163400504e-04
1.331204977885391827e-02
1.048681345240609630e-03
-9.923805732789503509e-03
-4.760282456963693676e-03
5.566764388122535934e-03
4.032409166594419503e-04
-1.056924613539322877e-02
-4.114842040610966478e-03
-2.421995103922824910e-04
-1.121468653647106350e-02
-4.114842040610966478e-03
6.857645271280077282e-03
2.339562206991274707e-03
-1.186012693602123136e-02
-6.696603696855873977e-03
8.148526160555391584e-03
-2.421995103922824910e-04
-7.987484515812326435e-03
1.048681345240609630e-03
3.630443074856160024e-03
-1.056924613539322877e-02
-4.114842040610966478e-03
-1.533080359910954371e-03
-3.469401622728796042e-03
-6.696603696855873977e-03
1.048681345240609630e-03
1.073028795746644448e-02
2.985002640158995746e-03
-1.056924613539322877e-02
-2.823961203317182367e-03
1.266660932121155270e-02
6.212204828935696810e-03
4.032409166594419503e-04
2.985002640158995746e-03
-2.421995103922824910e-04
-9.923805732789503509e-03
-6.051163285087923782e-03
2.985002640158995746e-03
1.694121775351220549e-03
6.857645271280077282e-03
7.503085715153900992e-03
4.921323948837041939e-03
1.048681345240609630e-03
-7.987484515812326435e-03
4.275883511082767541e-03
1.331204977885391827e-02
3.630443074856160024e-03
-2.178520782379678167e-03
-8.876399359163400504e-04
6.212204828935696810e-03
1.694121775351220549e-03
-1.250556733404195597e-02
2.339562206991274707e-03
4.275883511082767541e-03
-9.278365328658111366e-03
-2.823961203317182367e-03
-2.421995103922824910e-04
-4.114842040610966478e-03
-9.278365328658111366e-03
-2.823961203317182367e-03
6.212204828935696810e-03
-6.051163285087923782e-03
-1.895997123028614340e-02
-1.056924613539322877e-02
-2.823961203317182367e-03
-7.987484515812326435e-03
-1.533080359910954371e-03
1.202116886510040672e-02
1.718469255685128871e-02
1.048681345240609630e-03
-8.876399359163400504e-04
5.566764388122535934e-03
-2.823961203317182367e-03
-4.114842040610966478e-03
1.048681345240609630e-03
-3.469401622728796042e-03
-1.121468653647106350e-02
-1.121468653647106350e-02
2.985002640158995746e-03
2.985002640158995746e-03
-7.987484515812326435e-03
-7.342044107097933647e-03
5.566764388122535934e-03
7.503085715153900992e-03
-1.533080359910954371e-03
-5.405722871788753991e-03
1.048681345240609630e-03
-8.876399359163400504e-04
-5.405722871788753991e-03
-2.421995103922824910e-04
5.566764388122535934e-03
-2.178520782379678167e-03
-1.250556733404195597e-02
-2.823961203317182367e-03
6.212204828935696810e-03
2.339562206991274707e-03
-2.178520782379678167e-03
7.503085715153900992e-03
4.921323948837041939e-03
-3.469401622728796042e-03
1.694121775351220549e-03
9.439407055950255199e-03
-2.178520782379678167e-03
-9.278365328658111366e-03
5.566764388122535934e-03
6.857645271280077282e-03
-1.533080359910954371e-03
-7.342044107097933647e-03
3.630443074856160024e-03
1.008484750594185186e-02
-4.114842040610966478e-03
-5.405722871788753991e-03
3.630443074856160024e-03
3.630443074856160024e-03
-3.469401622728796042e-03
1.694121775351220549e-03
6.857645271280077282e-03
-4.114842040610966478e-03
-9.278365328658111366e-03
-3.469401622728796042e-03
4.275883511082767541e-03
-2.421995103922824910e-04
-9.923805732789503509e-03
-2.421995103922824910e-04
2.985002640158995746e-03
-6.051163285087923782e-03
-1.315100773053679006e-02
-2.421995103922824910e-04
1.073028795746644448e-02
7.503085715153900992e-03
5.566764388122535934e-03
5.566764388122535934e-03
-4.760282456963693676e-03
-1.766909046324904864e-02
-1.056924613539322877e-02
4.921323948837041939e-03
1.694121775351220549e-03
-1.315100773053679006e-02
-6.696603696855873977e-03
1.008484750594185186e-02
4.275883511082767541e-03
-1.533080359910954371e-03
8.793966607488101772e-03
6.857645271280077282e-03
-1.121468653647106350e-02
-1.121468653647106350e-02
1.048681345240609630e-03
1.694121775351220549e-03
-8.876399359163400504e-04
1.395749023802927979e-02
1.589381162473024744e-02
-9.278365328658111366e-03
-2.347805386683710083e-02
-7.342044107097933647e-03
1.395749023802927979e-02
1.048681345240609630e-03
-2.421995103922824910e-04
2.557541876492663846e-02
1.589381162473024744e-02
-1.508732891086062011e-02
-4.114842040610966478e-03
7.503085715153900992e-03
4.921323948837041939e-03
4.032409166594419503e-04
-4.760282456963693676e-03
-6.696603696855873977e-03
-6.696603696855873977e-03
-1.379644812550573363e-02
-2.421995103922824910e-04
1.331204977885391827e-02
-2.823961203317182367e-03
-1.186012693602123136e-02
-7.342044107097933647e-03
-4.760282456963693676e-03
-5.405722871788753991e-03
-4.114842040610966478e-03
5.566764388122535934e-03
3.630443074856160024e-03
-2.178520782379678167e-03
1.073028795746644448e-02
9.439407055950255199e-03
-6.051163285087923782e-03
-4.114842040610966478e-03
6.212204828935696810e-03
8.148526160555391584e-03
-4.760282456963693676e-03
-1.186012693602123136e-02
-8.876399359163400504e-04
1.694121775351220549e-03
-6.051163285087923782e-03
-7.342044107097933647e-03
-8.876399359163400504e-04
-2.421995103922824910e-04
3.630443074856160024e-03
5.566764388122535934e-03
1.008484750594185186e-02
2.985002640158995746e-03
-5.405722871788753991e-03
5.566764388122535934e-03
7.503085715153900992e-03
-6.051163285087923782e-03
-9.923805732789503509e-03
7.503085715153900992e-03
4.032409166594419503e-04
-2.154173274604254118e-02
-2.799613642862652796e-02
-2.993245750365680635e-02
-4.606846592873203861e-02
-5.833183169515088196e-02
-5.639551082118998693e-02
-4.929566749948932625e-02
-5.768639140535292142e-02
-7.317695794078815652e-02
-6.994975665145197752e-02
-6.220447340199619646e-02
-7.704959943784928100e-02
-8.221312134886815670e-02
-6.865887612507926008e-02
-7.963136040550899963e-02
-9.576736590306467178e-02
-8.285856158091320367e-02
-6.994975665145197752e-02
-8.479488226793741035e-02
-1.073852892742834797e-01
-1.054489687465185455e-01
-9.964000708137987772e-02
-1.035126482051147434e-01
-1.106124901235894242e-01
-1.119033704527083728e-01
-9.124928445935154286e-02
-8.931296381786246741e-02
-9.899456688878416344e-02
-9.705824630190207358e-02
-9.447648549815923502e-02
-1.093216097884130988e-01
-1.170668917086015171e-01
-1.009308874620220564e-01
-1.054489687465185455e-01
-1.235212931422182692e-01
-1.157760114037156285e-01
-1.041580883870985019e-01
-1.080307294471740676e-01
-1.112579302889074029e-01
-1.009308874620220564e-01
-9.576736590306467178e-02
-1.196486523002118219e-01
-1.338483351212946815e-01
-1.209395325869344617e-01
-1.138396909350269937e-01
-1.222304128676032775e-01
-1.248121734107812131e-01
-1.170668917086015171e-01
-1.248121734107812131e-01
-1.293302543030936391e-01
-1.086761696185511994e-01
-1.138396909350269937e-01
-1.609568184757677045e-01
-1.964560188456250245e-01
-1.919379390515079109e-01
-1.893561791360554025e-01
-1.900016191171776114e-01
-1.745110591547778256e-01
-1.609568184757677045e-01
-1.725747390984757601e-01
-1.861289792078792971e-01
-1.854835392177296427e-01
-1.693475389744989457e-01
-1.712838590534069283e-01
-1.887107391534303957e-01
-1.809654592445184562e-01
-1.841926592329130585e-01
-2.119465775804201257e-01
-2.319552146658470093e-01
-2.158192171288888517e-01
-1.887107391534303957e-01
-1.809654592445184562e-01
-1.751564991705318874e-01
-1.609568184757677045e-01
-1.428844965354834073e-01
-1.577296182160772275e-01
-1.609568184757677045e-01
-1.286848141801577583e-01
-1.306211345444250327e-01
-1.519206576535676589e-01
-1.525660977221061643e-01
-1.286848141801577583e-01
-1.312665746628240981e-01
-1.519206576535676589e-01
-1.377209757636492782e-01
-1.183577720074353579e-01
-1.383664158654163145e-01
-1.422390564442927996e-01
-1.299756944245160639e-01
-1.312665746628240981e-01
-1.499843374388944994e-01
-1.512752175835192503e-01
-1.299756944245160639e-01
-1.119033704527083728e-01
-1.190032121545794297e-01
-1.267484938022764851e-01
-1.125488106149958867e-01
-1.170668917086015171e-01
-1.409481762573783215e-01
-1.493388973643163808e-01
-1.415936163515922885e-01
-1.325574548950836373e-01
-1.448208167999940343e-01
-1.467571370509084261e-01
-1.474025771315243816e-01
-1.545024179186658131e-01
-1.532115377891347663e-01
-1.461116969687807909e-01
-1.454662568851414761e-01
-1.577296182160772275e-01
-1.674112188820249258e-01
-1.603113784268472841e-01
-1.603113784268472841e-01
-1.699929790023109177e-01
-1.596659383764187368e-01
-1.403027361616544511e-01
-1.519206576535676589e-01
-1.738656191375174132e-01
-1.538569778546534650e-01
-1.409481762573783215e-01
-1.474025771315243816e-01
-1.474025771315243816e-01
-1.396572960644206773e-01
-1.306211345444250327e-01
-1.428844965354834073e-01
-1.461116969687807909e-01
-1.325574548950836373e-01
-1.461116969687807909e-01
-1.538569778546534650e-01
-1.370755356603687858e-01
-1.286848141801577583e-01
-1.428844965354834073e-01
-1.557932980421572466e-01
-1.415936163515922885e-01
-1.357846554492745383e-01
-1.467571370509084261e-01
-1.512752175835192503e-01
-1.454662568851414761e-01
-1.448208167999940343e-01
-1.499843374388944994e-01
-1.461116969687807909e-01
-1.428844965354834073e-01
-1.422390564442927996e-01
-1.364300955555766137e-01
-1.474025771315243816e-01
-1.570841781596126197e-01
-1.596659383764187368e-01
-1.512752175835192503e-01
-1.461116969687807909e-01
-1.551478579811664815e-01
-1.538569778546534650e-01
-1.545024179186658131e-01
-1.499843374388944994e-01
-1.493388973643163808e-01
-1.706384190286112101e-01
-1.732201791187506501e-01
-1.538569778546534650e-01
-1.512752175835192503e-01
-1.493388973643163808e-01
-1.596659383764187368e-01
-1.693475389744989457e-01
-1.687020989451823993e-01
-1.758019391847760460e-01
-1.945196989428872314e-01
-2.332460944282974680e-01
-2.700361651394480589e-01
-2.887539185486183158e-01
-2.945628762478929019e-01
-3.113443089228411509e-01
-3.378073353264081646e-01
-3.223167835888514077e-01
-2.990809543749026744e-01
-2.913356775409940980e-01
-2.803632016584600706e-01
-2.526092901457310802e-01
-2.364732938081903768e-01
-2.461548917230587108e-01
-2.493820909531123675e-01
-2.338915343072756059e-01
-2.177555368828514304e-01
-2.177555368828514304e-01
-2.190464167113201910e-01
-2.158192171288888517e-01
-2.177555368828514304e-01
-2.332460944282974680e-01
-2.267916955560504988e-01
-1.958105788795503344e-01
-1.867744191965261535e-01
-1.996832186534440723e-01
-1.977468987732642347e-01
-1.861289792078792971e-01
-1.938742589722988185e-01
-2.145283372854080994e-01
-2.087193779153899698e-01
-1.887107391534303957e-01
-2.061376181563208121e-01
-2.184009767978363215e-01
-1.971014588101969167e-01
-1.893561791360554025e-01
-2.029104184236718567e-01
-2.029104184236718567e-01
-1.854835392177296427e-01
-1.829017792420728483e-01
-1.983923387348287548e-01
-2.022649784726340272e-01
-1.854835392177296427e-01
-1.977468987732642347e-01
-2.132374574359161556e-01
-1.919379390515079109e-01
-1.745110591547778256e-01
-1.945196989428872314e-01
-1.977468987732642347e-01
-1.829017792420728483e-01
-1.887107391534303957e-01
-1.971014588101969167e-01
-1.919379390515079109e-01
-1.777382592184775234e-01
-1.751564991705318874e-01
-1.925833790266100465e-01
-1.861289792078792971e-01
-1.732201791187506501e-01
-1.900016191171776114e-01
-2.048467382677721105e-01
-1.925833790266100465e-01
-1.680566589143577261e-01
-1.712838590534069283e-01
-1.900016191171776114e-01
-1.751564991705318874e-01
-1.712838590534069283e-01
-1.867744191965261535e-01
-1.829017792420728483e-01
-1.738656191375174132e-01
-1.699929790023109177e-01
-1.770928192087506403e-01
-1.803200192423233261e-01
-1.706384190286112101e-01
-1.783836992266980559e-01
-1.874198591836666594e-01
-1.835472192382443524e-01
-1.693475389744989457e-01
-1.667657788481857750e-01
-1.803200192423233261e-01
-1.648294587376195608e-01
-1.486934572882283589e-01
-1.596659383764187368e-01
-1.738656191375174132e-01
-1.583750582710319321e-01
-1.506297775119627147e-01
-1.609568184757677045e-01
-1.622476985690841644e-01
-1.564387381016381084e-01
-1.474025771315243816e-01
-1.564387381016381084e-01
-1.641840186977479021e-01
-1.519206576535676589e-01
-1.403027361616544511e-01
-1.467571370509084261e-01
-1.577296182160772275e-01
-1.596659383764187368e-01
-1.583750582710319321e-01
-1.628931386134802040e-01
-1.590204983244802861e-01
-1.403027361616544511e-01
-1.474025771315243816e-01
-1.590204983244802861e-01
-1.454662568851414761e-01
-1.461116969687807909e-01
-1.577296182160772275e-01
-1.577296182160772275e-01
-1.325574548950836373e-01
-1.377209757636492782e-01
-1.699929790023109177e-01
-1.461116969687807909e-01
-1.306211345444250327e-01
-1.467571370509084261e-01
-1.622476985690841644e-01
-1.628931386134802040e-01
-1.551478579811664815e-01
-1.551478579811664815e-01
-1.712838590534069283e-01
-1.628931386134802040e-01
-1.467571370509084261e-01
-1.519206576535676589e-01
-1.622476985690841644e-01
-1.519206576535676589e-01
-1.357846554492745383e-01
-1.525660977221061643e-01
-1.674112188820249258e-01
-1.545024179186658131e-01
-1.519206576535676589e-01
-1.596659383764187368e-01
-1.603113784268472841e-01
-1.545024179186658131e-01
-1.545024179186658131e-01
-1.493388973643163808e-01
-1.396572960644206773e-01
-1.415936163515922885e-01
-1.525660977221061643e-01
-1.557932980421572466e-01
-1.474025771315243816e-01
-1.467571370509084261e-01
-1.577296182160772275e-01
-1.448208167999940343e-01
-1.351392153414590069e-01
-1.499843374388944994e-01
-1.641840186977479021e-01
-1.538569778546534650e-01
-1.390118559656734476e-01
-1.435299366251641118e-01
-1.745110591547778256e-01
-1.551478579811664815e-01
-1.467571370509084261e-01
-1.680566589143577261e-01
-1.635385786563698929e-01
-1.493388973643163808e-01
-1.441753767133349129e-01
-1.486934572882283589e-01
-1.396572960644206773e-01
-1.332028950089458874e-01
-1.448208167999940343e-01
-1.583750582710319321e-01
-1.506297775119627147e-01
-1.435299366251641118e-01
-1.577296182160772275e-01
-1.609568184757677045e-01
-1.422390564442927996e-01
-1.364300955555766137e-01
-1.519206576535676589e-01
-1.577296182160772275e-01
-1.441753767133349129e-01
-1.364300955555766137e-01
-1.512752175835192503e-01
-1.622476985690841644e-01
-1.228758530056666132e-01
-1.286848141801577583e-01
-1.622476985690841644e-01
-1.454662568851414761e-01
-1.312665746628240981e-01
-1.441753767133349129e-01
-1.635385786563698929e-01
-1.499843374388944994e-01
-1.338483351212946815e-01
-1.493388973643163808e-01
-1.667657788481857750e-01
-1.532115377891347663e-01
-1.467571370509084261e-01
-1.622476985690841644e-01
-1.628931386134802040e-01
-1.441753767133349129e-01
-1.448208167999940343e-01
-1.596659383764187368e-01
-1.635385786563698929e-01
-1.499843374388944994e-01
-1.512752175835192503e-01
-1.603113784268472841e-01
-1.551478579811664815e-01
-1.493388973643163808e-01
-1.557932980421572466e-01
-1.583750582710319321e-01
-1.583750582710319321e-01
-1.545024179186658131e-01
-1.590204983244802861e-01
-1.764473791975174066e-01
-1.719292990766945195e-01
-1.609568184757677045e-01
-1.680566589143577261e-01
-1.777382592184775234e-01
-1.583750582710319321e-01
-1.570841781596126197e-01
-1.803200192423233261e-01
-1.848380992260736377e-01
-1.641840186977479021e-01
-1.532115377891347663e-01
-1.661203388128384972e-01
-1.641840186977479021e-01
-1.454662568851414761e-01
-1.499843374388944994e-01
-1.551478579811664815e-01
-1.474025771315243816e-01
-1.370755356603687858e-01
-1.415936163515922885e-01
-1.519206576535676589e-01
-1.538569778546534650e-01
-1.493388973643163808e-01
-1.557932980421572466e-01
-1.583750582710319321e-01
-1.499843374388944994e-01
-1.435299366251641118e-01
-1.577296182160772275e-01
-1.712838590534069283e-01
-1.648294587376195608e-01
-1.635385786563698929e-01
-1.699929790023109177e-01
-1.770928192087506403e-01
-1.667657788481857750e-01
-1.635385786563698929e-01
-1.854835392177296427e-01
-1.706384190286112101e-01
-1.441753767133349129e-01
-1.441753767133349129e-01
-1.377209757636492782e-01
-1.131942507757681682e-01
-9.383104529343277989e-02
-1.022217678365997529e-01
-1.106124901235894242e-01
-9.254016487942529068e-02
-7.769503968204283240e-02
-8.802208338261330312e-02
-8.866752360099638963e-02
-6.736799559262607318e-02
-6.220447340199619646e-02
-7.769503968204283240e-02
-8.092224088022526018e-02
-6.349535395877659028e-02
-6.543167478254297009e-02
-7.898592016587180353e-02
-7.834047992471582234e-02
-6.349535395877659028e-02
-6.543167478254297009e-02
-7.640415919213694451e-02
-6.736799559262607318e-02
-5.252286903218461589e-02
-6.155903312132515737e-02
-7.253151768596133309e-02
-5.768639140535292142e-02
-5.316830933415594984e-02
-6.994975665145197752e-02
-6.155903312132515737e-02
-5.768639140535292142e-02
-6.155903312132515737e-02
-6.220447340199619646e-02
-6.091359283913178047e-02
-5.058654811713481081e-02
-4.994110780907234926e-02
-5.445918993353515702e-02
-5.252286903218461589e-02
-4.606846592873203861e-02
-4.413214496800321740e-02
-5.445918993353515702e-02
-6.155903312132515737e-02
-5.381374963460672234e-02
-5.510463023094125390e-02
-6.349535395877659028e-02
-5.187742872869094413e-02
-4.348670464471560138e-02
-5.510463023094125390e-02
-6.026815255541784211e-02
-4.477758528977027197e-02
-3.574142064641350203e-02
-4.994110780907234926e-02
-5.123198842367315820e-02
-3.380509961254851703e-02
-3.445053995869429286e-02
-4.671390624593030338e-02
-4.348670464471560138e-02
-3.767774166655968315e-02
-4.348670464471560138e-02
-6.284991368114667409e-02
-4.090494333632577195e-02
-2.670525570431259155e-02
-5.962271227018334230e-02
-6.607711505409064046e-02
-4.219582399356802682e-02
-4.090494333632577195e-02
-5.381374963460672234e-02
-4.671390624593030338e-02
-3.251421891568284650e-02
-3.509598030331595453e-02
-5.058654811713481081e-02
-5.316830933415594984e-02
-4.155038366570806829e-02
-4.155038366570806829e-02
-4.284126431990209483e-02
-3.703230132803447816e-02
-2.928701714683867863e-02
-3.509598030331595453e-02
-4.542302561001143602e-02
-4.477758528977027197e-02
-3.251421891568284650e-02
-3.186877856496472816e-02
-4.219582399356802682e-02
-4.219582399356802682e-02
-3.315965926487862703e-02
-3.574142064641350203e-02
-4.606846592873203861e-02
-4.735934656160267764e-02
-4.155038366570806829e-02
-4.025950300541936144e-02
-3.638686098798515900e-02
-2.476893460640461342e-02
-2.412349423738291421e-02
-4.025950300541936144e-02
-4.671390624593030338e-02
-3.638686098798515900e-02
-3.703230132803447816e-02
-4.735934656160267764e-02
-2.670525570431259155e-02
-1.702365007744255365e-02
-3.445053995869429286e-02
-4.542302561001143602e-02
-3.509598030331595453e-02
-3.122333821271894294e-02
-4.413214496800321740e-02
-4.413214496800321740e-02
-2.605981533986856391e-02
-2.283261349476362057e-02
-3.896862233903775063e-02
-4.671390624593030338e-02
-2.993245750365680635e-02
-2.283261349476362057e-02
-4.155038366570806829e-02
-3.574142064641350203e-02
-1.960541161151319045e-02
-2.799613642862652796e-02
-4.477758528977027197e-02
-4.155038366570806829e-02
-2.605981533986856391e-02
-3.057789785895081991e-02
-3.832318200356077398e-02
-1.766909046324904864e-02
-2.476893460640461342e-02
-4.025950300541936144e-02
-4.542302561001143602e-02
-3.057789785895081991e-02
-1.702365007744255365e-02
-1.766909046324904864e-02
-2.864157678849466038e-02
-2.089629236939138934e-02
-1.960541161151319045e-02
-3.832318200356077398e-02
-3.445053995869429286e-02
-1.056924613539322877e-02
-1.379644812550573363e-02
-3.638686098798515900e-02
-3.122333821271894294e-02
-1.766909046324904864e-02
-2.928701714683867863e-02
-4.413214496800321740e-02
-2.993245750365680635e-02
-1.444188851894701031e-02
-2.864157678849466038e-02
-3.638686098798515900e-02
-3.251421891568284650e-02
-3.961406267299061312e-02
-3.767774166655968315e-02
-3.509598030331595453e-02
-2.154173274604254118e-02
-1.831453084753142946e-02
-3.057789785895081991e-02
-3.315965926487862703e-02
-1.121468653647106350e-02
-1.895997123028614340e-02
-3.574142064641350203e-02
-2.928701714683867863e-02
-2.541437497390042211e-02
-2.412349423738291421e-02
-3.057789785895081991e-02
-2.541437497390042211e-02
-1.186012693602123136e-02
-2.154173274604254118e-02
-3.638686098798515900e-02
-2.476893460640461342e-02
-1.186012693602123136e-02
-2.025085199121612334e-02
-2.347805386683710083e-02
-2.412349423738291421e-02
-2.541437497390042211e-02
-3.251421891568284650e-02
-3.315965926487862703e-02
-1.637820969010839178e-02
-1.895997123028614340e-02
-3.703230132803447816e-02
-3.832318200356077398e-02
-2.412349423738291421e-02
-2.347805386683710083e-02
-3.703230132803447816e-02
-2.864157678849466038e-02
-1.315100773053679006e-02
-2.347805386683710083e-02
-3.445053995869429286e-02
-1.895997123028614340e-02
-2.476893460640461342e-02
-3.186877856496472816e-02
-3.509598030331595453e-02
-2.347805386683710083e-02
-7.987484515812326435e-03
-3.445053995869429286e-02
-3.767774166655968315e-02
-2.670525570431259155e-02
-2.799613642862652796e-02
-2.541437497390042211e-02
-2.670525570431259155e-02
-1.831453084753142946e-02
-2.412349423738291421e-02
-3.767774166655968315e-02
-2.799613642862652796e-02
-1.702365007744255365e-02
-2.218717312116602614e-02
-3.445053995869429286e-02
-2.864157678849466038e-02
-1.444188851894701031e-02
-2.605981533986856391e-02
-3.445053995869429286e-02
-2.089629236939138934e-02
-1.895997123028614340e-02
-2.799613642862652796e-02
-2.864157678849466038e-02
-1.573276930124833939e-02
-1.121468653647106350e-02
-2.283261349476362057e-02
-2.799613642862652796e-02
-1.444188851894701031e-02
-1.766909046324904864e-02
-2.799613642862652796e-02
-2.347805386683710083e-02
-1.186012693602123136e-02
-7.987484515812326435e-03
-2.283261349476362057e-02
-2.412349423738291421e-02
-1.573276930124833939e-02
-2.412349423738291421e-02
-3.186877856496472816e-02
-2.670525570431259155e-02
-1.508732891086062011e-02
-1.508732891086062011e-02
-3.638686098798515900e-02
-2.541437497390042211e-02
-4.760282456963693676e-03
-2.476893460640461342e-02
-3.445053995869429286e-02
-2.025085199121612334e-02
-1.508732891086062011e-02
-2.283261349476362057e-02
-3.380509961254851703e-02
-2.154173274604254118e-02
-1.637820969010839178e-02
-2.476893460640461342e-02
-2.412349423738291421e-02
-1.702365007744255365e-02
-1.831453084753142946e-02
-2.476893460640461342e-02
-1.831453084753142946e-02
-1.508732891086062011e-02
-1.444188851894701031e-02
-2.670525570431259155e-02
-2.799613642862652796e-02
-1.444188851894701031e-02
-2.154173274604254118e-02
-3.057789785895081991e-02
-1.702365007744255365e-02
-1.766909046324904864e-02
-2.670525570431259155e-02
-2.541437497390042211e-02
-1.379644812550573363e-02
-1.637820969010839178e-02
-2.993245750365680635e-02
-2.799613642862652796e-02
-1.702365007744255365e-02
-1.766909046324904864e-02
-3.251421891568284650e-02
-3.703230132803447816e-02
-1.508732891086062011e-02
-1.315100773053679006e-02
-1.895997123028614340e-02
-1.379644812550573363e-02
-7.342044107097933647e-03
-2.089629236939138934e-02
-3.445053995869429286e-02
-2.283261349476362057e-02
-1.508732891086062011e-02
-2.283261349476362057e-02
-1.831453084753142946e-02
-4.114842040610966478e-03
-6.051163285087923782e-03
-2.735069606723250502e-02
-3.445053995869429286e-02
-1.960541161151319045e-02
-1.250556733404195597e-02
-2.476893460640461342e-02
-2.089629236939138934e-02
-9.923805732789503509e-03
-2.025085199121612334e-02
-3.122333821271894294e-02
-2.735069606723250502e-02
-8.632924922999052342e-03
-9.923805732789503509e-03
-2.412349423738291421e-02
-1.766909046324904864e-02
-8.876399359163400504e-04
-9.278365328658111366e-03
-2.928701714683867863e-02
-2.283261349476362057e-02
-1.379644812550573363e-02
-2.218717312116602614e-02
-3.057789785895081991e-02
-2.476893460640461342e-02
-1.315100773053679006e-02
-2.476893460640461342e-02
-3.574142064641350203e-02
-1.960541161151319045e-02
-1.186012693602123136e-02
-3.186877856496472816e-02
-2.928701714683867863e-02
-4.760282456963693676e-03
-9.278365328658111366e-03
-4.219582399356802682e-02
-3.509598030331595453e-02
-6.051163285087923782e-03
-2.218717312116602614e-02
-3.186877856496472816e-02
-1.895997123028614340e-02
-5.405722871788753991e-03
-2.283261349476362057e-02
-3.251421891568284650e-02
-9.278365328658111366e-03
-6.051163285087923782e-03
-2.993245750365680635e-02
-2.928701714683867863e-02
-1.444188851894701031e-02
-1.250556733404195597e-02
-1.766909046324904864e-02
-2.218717312116602614e-02
-8.632924922999052342e-03
-1.444188851894701031e-02
-2.864157678849466038e-02
-2.541437497390042211e-02
-1.121468653647106350e-02
-1.573276930124833939e-02
-3.186877856496472816e-02
-2.993245750365680635e-02
-1.895997123028614340e-02
-1.895997123028614340e-02
-2.347805386683710083e-02
