2.173649039857394882e-03
2.173649039857394882e-03
-1.138059116444445351e-02
-4.280751140282035294e-03
1.185524959270090051e-02
1.528209015061676723e-03
-1.267147114926103768e-02
-4.926191150008918385e-03
1.185524959270090051e-02
-2.989871116307440957e-03
-1.008971117360424330e-02
7.337169292485512528e-03
6.691729255630107787e-03
-1.267147114926103768e-02
-1.138059116444445351e-02
-2.344431102063282424e-03
2.173649039857394882e-03
6.046289220282830001e-03
-2.344431102063282424e-03
-4.081110502820450847e-04
8.628049370720702882e-03
-4.926191150008918385e-03
-1.267147114926103768e-02
2.373289699928449181e-04
4.755409154110878944e-03
-1.053551069048808131e-03
4.755409154110878944e-03
4.755409154110878944e-03
-8.153391176049851197e-03
-1.138059116444445351e-02
1.314612969204986825e-02
1.830965014980279193e-02
-5.571631158229450875e-03
-1.073515116977574735e-02
-1.698991086309220577e-03
2.373289699928449181e-04
-2.989871116307440957e-03
-8.153391176049851197e-03
1.766421008730212350e-02
1.443700979743667290e-02
-1.460779111519805440e-02
-4.926191150008918385e-03
5.400849186443679173e-03
-1.698991086309220577e-03
-1.202603115760503272e-02
-4.280751140282035294e-03
6.691729255630107787e-03
-1.053551069048808131e-03
-1.053551069048808131e-03
9.918929454988401062e-03
6.691729255630107787e-03
-1.073515116977574735e-02
-6.862511170153240414e-03
4.755409154110878944e-03
3.464529093969659357e-03
-4.280751140282035294e-03
2.819089066157687284e-03
6.691729255630107787e-03
-4.926191150008918385e-03
-1.848043100643259606e-02
-8.153391176049851197e-03
7.982609330849044227e-03
-9.444271175924612294e-03
-1.718955104870900641e-02
3.464529093969659357e-03
8.628049370720702882e-03
2.819089066157687284e-03
2.819089066157687284e-03
9.273489412098712137e-03
6.046289220282830001e-03
-8.798831176740407045e-03
-8.153391176049851197e-03
1.056436949938444059e-02
9.273489412098712137e-03
-5.571631158229450875e-03
-4.280751140282035294e-03
6.691729255630107787e-03
4.755409154110878944e-03
-4.081110502820450847e-04
-1.698991086309220577e-03
-2.344431102063282424e-03
-2.989871116307440957e-03
1.528209015061676723e-03
1.120980954528860707e-02
4.755409154110878944e-03
-1.073515116977574735e-02
8.827689917740855208e-04
1.508244985239137748e-02
4.755409154110878944e-03
-8.153391176049851197e-03
-1.073515116977574735e-02
4.109969123286205672e-03
-1.053551069048808131e-03
-8.153391176049851197e-03
2.173649039857394882e-03
1.572788990885598537e-02
1.056436949938444059e-02
-1.053551069048808131e-03
-3.635311129048801604e-03
9.918929454988401062e-03
8.827689917740855208e-04
-1.654411106758679750e-02
4.755409154110878944e-03
9.918929454988401062e-03
-1.698991086309220577e-03
8.827689917740855208e-04
1.250068964162132090e-02
1.250068964162132090e-02
-2.344431102063282424e-03
-7.507951173854721105e-03
2.373289699928449181e-04
4.109969123286205672e-03
-3.635311129048801604e-03
-1.698991086309220577e-03
1.120980954528860707e-02
-2.344431102063282424e-03
-4.926191150008918385e-03
8.628049370720702882e-03
1.120980954528860707e-02
-3.635311129048801604e-03
-6.217071164945409123e-03
2.819089066157687284e-03
2.373289699928449181e-04
-1.202603115760503272e-02
-4.280751140282035294e-03
9.273489412098712137e-03
4.755409154110878944e-03
-6.217071164945409123e-03
3.464529093969659357e-03
1.443700979743667290e-02
5.400849186443679173e-03
8.827689917740855208e-04
-4.081110502820450847e-04
-1.053551069048808131e-03
3.464529093969659357e-03
-1.396235112805754852e-02
-1.053551069048808131e-03
1.637332996683049657e-02
-2.989871116307440957e-03
-1.460779111519805440e-02
1.528209015061676723e-03
1.508244985239137748e-02
-1.138059116444445351e-02
-1.267147114926103768e-02
1.185524959270090051e-02
7.982609330849044227e-03
-1.267147114926103768e-02
-5.571631158229450875e-03
1.056436949938444059e-02
8.827689917740855208e-04
-1.460779111519805440e-02
-2.344431102063282424e-03
9.918929454988401062e-03
-2.344431102063282424e-03
-4.926191150008918385e-03
1.443700979743667290e-02
1.185524959270090051e-02
-4.926191150008918385e-03
-1.073515116977574735e-02
8.827689917740855208e-04
5.400849186443679173e-03
-3.635311129048801604e-03
-8.153391176049851197e-03
1.701877002631135838e-02
9.273489412098712137e-03
-7.507951173854721105e-03
5.400849186443679173e-03
9.918929454988401062e-03
-4.081110502820450847e-04
2.373289699928449181e-04
6.046289220282830001e-03
9.273489412098712137e-03
-4.280751140282035294e-03
-4.280751140282035294e-03
1.314612969204986825e-02
4.755409154110878944e-03
-1.267147114926103768e-02
2.373289699928449181e-04
1.443700979743667290e-02
2.173649039857394882e-03
-7.507951173854721105e-03
6.046289220282830001e-03
1.766421008730212350e-02
2.173649039857394882e-03
-1.331691113941069204e-02
2.819089066157687284e-03
4.109969123286205672e-03
-1.008971117360424330e-02
-1.331691113941069204e-02
3.464529093969659357e-03
1.120980954528860707e-02
-2.989871116307440957e-03
-6.862511170153240414e-03
2.373289699928449181e-04
4.755409154110878944e-03
-4.280751140282035294e-03
-4.926191150008918385e-03
1.185524959270090051e-02
7.982609330849044227e-03
-1.138059116444445351e-02
-8.798831176740407045e-03
7.337169292485512528e-03
7.337169292485512528e-03
1.056436949938444059e-02
5.400849186443679173e-03
4.109969123286205672e-03
5.400849186443679173e-03
-5.571631158229450875e-03
-6.217071164945409123e-03
-2.344431102063282424e-03
-1.460779111519805440e-02
-1.073515116977574735e-02
8.628049370720702882e-03
8.628049370720702882e-03
-8.153391176049851197e-03
-4.926191150008918385e-03
1.120980954528860707e-02
6.691729255630107787e-03
-6.862511170153240414e-03
-4.081110502820450847e-04
1.056436949938444059e-02
4.755409154110878944e-03
-2.989871116307440957e-03
-3.635311129048801604e-03
7.982609330849044227e-03
5.400849186443679173e-03
-1.783499102832308836e-02
-6.217071164945409123e-03
6.046289220282830001e-03
-1.698991086309220577e-03
-6.862511170153240414e-03
6.691729255630107787e-03
8.628049370720702882e-03
4.109969123286205672e-03
1.528209015061676723e-03
2.819089066157687284e-03
2.373289699928449181e-04
1.528209015061676723e-03
-2.344431102063282424e-03
4.109969123286205672e-03
-1.053551069048808131e-03
-1.008971117360424330e-02
-2.344431102063282424e-03
2.173649039857394882e-03
5.400849186443679173e-03
7.337169292485512528e-03
8.827689917740855208e-04
3.464529093969659357e-03
-8.153391176049851197e-03
-1.331691113941069204e-02
2.373289699928449181e-04
7.337169292485512528e-03
-1.008971117360424330e-02
-5.571631158229450875e-03
1.185524959270090051e-02
1.508244985239137748e-02
-1.053551069048808131e-03
-3.635311129048801604e-03
9.273489412098712137e-03
8.827689917740855208e-04
-1.331691113941069204e-02
-1.698991086309220577e-03
8.628049370720702882e-03
-1.331691113941069204e-02
-2.041675093173722644e-02
4.755409154110878944e-03
1.379156974398831892e-02
-1.698991086309220577e-03
-2.344431102063282424e-03
7.337169292485512528e-03
2.173649039857394882e-03
-6.862511170153240414e-03
2.819089066157687284e-03
1.895509021381514003e-02
5.400849186443679173e-03
-1.138059116444445351e-02
-1.698991086309220577e-03
9.273489412098712137e-03
-6.862511170153240414e-03
-1.396235112805754852e-02
-4.081110502820450847e-04
6.691729255630107787e-03
-2.344431102063282424e-03
-4.081110502820450847e-04
3.464529093969659357e-03
4.755409154110878944e-03
-6.862511170153240414e-03
-8.798831176740407045e-03
5.400849186443679173e-03
3.464529093969659357e-03
-1.267147114926103768e-02
-8.798831176740407045e-03
-1.698991086309220577e-03
-7.507951173854721105e-03
-7.507951173854721105e-03
4.109969123286205672e-03
1.056436949938444059e-02
-1.525323110083220968e-02
-4.300714906042024666e-02
-4.623434864285158596e-02
-4.042538936744755063e-02
-5.527050727403093333e-02
-6.753386494612634294e-02
-5.978858647935325621e-02
-6.237034599226198850e-02
-7.786090256618294347e-02
-8.625162035024125373e-02
-7.334282365459010578e-02
-7.205194395208458502e-02
-8.108810174383229707e-02
-7.850634240470633074e-02
-6.947018452909681230e-02
-8.818793980295680512e-02
-1.030330551599867306e-01
-9.786953686462496194e-02
-8.431530088406091750e-02
-8.883337961753667855e-02
-9.464233788144937876e-02
-8.947881943061908316e-02
-8.947881943061908316e-02
-9.980585623659443684e-02
-9.916041644743245342e-02
-7.979722207726247518e-02
-8.173354157487189298e-02
-9.464233788144937876e-02
-8.947881943061908316e-02
-8.883337961753667855e-02
-8.754249998688123924e-02
-1.043239347188862354e-01
-1.120692119468138515e-01
-9.980585623659443684e-02
-1.120692119468138515e-01
-1.217508081794242969e-01
-1.081965733597307633e-01
-9.335145827771462734e-02
-1.023876153782978804e-01
-1.127146517061010655e-01
-1.088420131279779213e-01
-1.056148142718082994e-01
-1.101328926599904889e-01
-1.081965733597307633e-01
-9.657865727584002968e-02
-9.980585623659443684e-02
-1.101328926599904889e-01
-1.127146517061010655e-01
-1.049693744960933373e-01
-1.107783324237576750e-01
-1.572499914962435241e-01
-1.791949389319587027e-01
-1.669315861649192101e-01
-1.791949389319587027e-01
-1.720951031848159118e-01
-1.604771897563015415e-01
-1.430503187101361817e-01
-1.398231202491810876e-01
-1.488592758460569598e-01
-1.378868011547336181e-01
-1.294960849238471212e-01
-1.424048790209244686e-01
-1.553136725223609460e-01
-1.462775171338677183e-01
-1.436957583978610842e-01
-1.527319138696938694e-01
-1.533773535350917427e-01
-1.456320774520989403e-01
-1.378868011547336181e-01
-1.424048790209244686e-01
-1.359504820468799835e-01
-1.301415246428589967e-01
-1.482138361702425300e-01
-1.527319138696938694e-01
-1.482138361702425300e-01
-1.333687232155522651e-01
-1.391776805525211103e-01
-1.514410345344323616e-01
-1.378868011547336181e-01
-1.236871273856632314e-01
-1.256234465784782373e-01
-1.230416876517423930e-01
-1.127146517061010655e-01
-1.120692119468138515e-01
-1.230416876517423930e-01
-1.294960849238471212e-01
-1.191690492168913096e-01
-1.165872902304840864e-01
-1.198144889597614338e-01
-1.217508081794242969e-01
-1.088420131279779213e-01
-1.133600914638961399e-01
-1.307869643603769561e-01
-1.256234465784782373e-01
-1.069056938187582517e-01
-1.178781697266710893e-01
-1.424048790209244686e-01
-1.443411980840956232e-01
-1.378868011547336181e-01
-1.495047155203828027e-01
-1.637043879791910683e-01
-1.572499914962435241e-01
-1.482138361702425300e-01
-1.604771897563015415e-01
-1.662861465307461373e-01
-1.507955948645705035e-01
-1.385322408543725459e-01
-1.507955948645705035e-01
-1.514410345344323616e-01
-1.424048790209244686e-01
-1.495047155203828027e-01
-1.604771897563015415e-01
-1.430503187101361817e-01
-1.353050423412831549e-01
-1.514410345344323616e-01
-1.507955948645705035e-01
-1.424048790209244686e-01
-1.430503187101361817e-01
-1.456320774520989403e-01
-1.507955948645705035e-01
-1.404685599443507016e-01
-1.294960849238471212e-01
-1.327232835039922065e-01
-1.340141629256184075e-01
-1.223962479163294148e-01
-1.191690492168913096e-01
-1.411139996380299522e-01
-1.462775171338677183e-01
-1.262688863064340694e-01
-1.275597657578728672e-01
-1.501501551932218348e-01
-1.501501551932218348e-01
-1.275597657578728672e-01
-1.243325671180919301e-01
-1.314324040764063284e-01
-1.230416876517423930e-01
-1.178781697266710893e-01
-1.307869643603769561e-01
-1.424048790209244686e-01
-1.294960849238471212e-01
-1.081965733597307633e-01
-1.198144889597614338e-01
-1.282052054813540565e-01
-1.230416876517423930e-01
-1.211053684410288156e-01
-1.333687232155522651e-01
-1.417594393302206157e-01
-1.385322408543725459e-01
-1.365959217509882251e-01
-1.507955948645705035e-01
-1.578954311512283937e-01
-1.604771897563015415e-01
-1.798403785364275365e-01
-2.140486754510870782e-01
-2.359936184517952285e-01
-2.372844973986225625e-01
-2.540659231699020637e-01
-2.721382267315508585e-01
-2.727836661231002324e-01
-2.656838327350357076e-01
-2.734291055131770065e-01
-2.702019085480635852e-01
-2.489024076542403208e-01
-2.166304335399154013e-01
-2.101760382734401134e-01
-2.043670824070265013e-01
-1.740314220427663372e-01
-1.656407068950862538e-01
-1.766131804992401300e-01
-1.753223012739724140e-01
-1.533773535350917427e-01
-1.404685599443507016e-01
-1.540227931990028054e-01
-1.566045518397700675e-01
-1.495047155203828027e-01
-1.417594393302206157e-01
-1.391776805525211103e-01
-1.533773535350917427e-01
-1.475683964929395131e-01
-1.443411980840956232e-01
-1.501501551932218348e-01
-1.533773535350917427e-01
-1.391776805525211103e-01
-1.411139996380299522e-01
-1.469229568141461328e-01
-1.353050423412831549e-01
-1.262688863064340694e-01
-1.262688863064340694e-01
-1.424048790209244686e-01
-1.514410345344323616e-01
-1.475683964929395131e-01
-1.514410345344323616e-01
-1.495047155203828027e-01
-1.398231202491810876e-01
-1.346596026341959629e-01
-1.469229568141461328e-01
-1.507955948645705035e-01
-1.391776805525211103e-01
-1.436957583978610842e-01
-1.514410345344323616e-01
-1.507955948645705035e-01
-1.378868011547336181e-01
-1.385322408543725459e-01
-1.533773535350917427e-01
-1.559591121818098003e-01
-1.430503187101361817e-01
-1.553136725223609460e-01
-1.675770257976054722e-01
-1.507955948645705035e-01
-1.449866377688415753e-01
-1.643498276193096075e-01
-1.701587843134966249e-01
-1.604771897563015415e-01
-1.533773535350917427e-01
-1.624135086944953343e-01
-1.701587843134966249e-01
-1.611226294038523577e-01
-1.514410345344323616e-01
-1.662861465307461373e-01
-1.656407068950862538e-01
-1.482138361702425300e-01
-1.553136725223609460e-01
-1.656407068950862538e-01
-1.553136725223609460e-01
-1.417594393302206157e-01
-1.391776805525211103e-01
-1.449866377688415753e-01
-1.353050423412831549e-01
-1.301415246428589967e-01
-1.430503187101361817e-01
-1.520864742028074090e-01
-1.456320774520989403e-01
-1.353050423412831549e-01
-1.449866377688415753e-01
-1.572499914962435241e-01
-1.482138361702425300e-01
-1.288506452033466587e-01
-1.469229568141461328e-01
-1.553136725223609460e-01
-1.391776805525211103e-01
-1.436957583978610842e-01
-1.572499914962435241e-01
-1.507955948645705035e-01
-1.385322408543725459e-01
-1.462775171338677183e-01
-1.546682328614252810e-01
-1.449866377688415753e-01
-1.430503187101361817e-01
-1.507955948645705035e-01
-1.546682328614252810e-01
-1.391776805525211103e-01
-1.320778437909453373e-01
-1.469229568141461328e-01
-1.611226294038523577e-01
-1.501501551932218348e-01
-1.417594393302206157e-01
-1.449866377688415753e-01
-1.482138361702425300e-01
-1.372413614536061033e-01
-1.333687232155522651e-01
-1.456320774520989403e-01
-1.424048790209244686e-01
-1.320778437909453373e-01
-1.404685599443507016e-01
-1.540227931990028054e-01
-1.462775171338677183e-01
-1.288506452033466587e-01
-1.443411980840956232e-01
-1.624135086944953343e-01
-1.514410345344323616e-01
-1.411139996380299522e-01
-1.456320774520989403e-01
-1.533773535350917427e-01
-1.475683964929395131e-01
-1.424048790209244686e-01
-1.585408708047282289e-01
-1.643498276193096075e-01
-1.482138361702425300e-01
-1.372413614536061033e-01
-1.449866377688415753e-01
-1.559591121818098003e-01
-1.443411980840956232e-01
-1.436957583978610842e-01
-1.559591121818098003e-01
-1.533773535350917427e-01
-1.449866377688415753e-01
-1.553136725223609460e-01
-1.662861465307461373e-01
-1.495047155203828027e-01
-1.294960849238471212e-01
-1.398231202491810876e-01
-1.566045518397700675e-01
-1.514410345344323616e-01
-1.346596026341959629e-01
-1.443411980840956232e-01
-1.675770257976054722e-01
-1.469229568141461328e-01
-1.346596026341959629e-01
-1.604771897563015415e-01
-1.559591121818098003e-01
-1.417594393302206157e-01
-1.346596026341959629e-01
-1.520864742028074090e-01
-1.553136725223609460e-01
-1.424048790209244686e-01
-1.443411980840956232e-01
-1.456320774520989403e-01
-1.488592758460569598e-01
-1.282052054813540565e-01
-1.417594393302206157e-01
-1.514410345344323616e-01
-1.456320774520989403e-01
-1.391776805525211103e-01
-1.443411980840956232e-01
-1.469229568141461328e-01
-1.424048790209244686e-01
-1.391776805525211103e-01
-1.507955948645705035e-01
-1.662861465307461373e-01
-1.578954311512283937e-01
-1.514410345344323616e-01
-1.495047155203828027e-01
-1.462775171338677183e-01
-1.391776805525211103e-01
-1.449866377688415753e-01
-1.617680690499181395e-01
-1.643498276193096075e-01
-1.462775171338677183e-01
-1.449866377688415753e-01
-1.566045518397700675e-01
-1.624135086944953343e-01
-1.482138361702425300e-01
-1.462775171338677183e-01
-1.546682328614252810e-01
-1.449866377688415753e-01
-1.359504820468799835e-01
-1.404685599443507016e-01
-1.559591121818098003e-01
-1.553136725223609460e-01
-1.527319138696938694e-01
-1.566045518397700675e-01
-1.553136725223609460e-01
-1.488592758460569598e-01
-1.546682328614252810e-01
-1.708042239387559391e-01
-1.759677408873496773e-01
-1.637043879791910683e-01
-1.520864742028074090e-01
-1.578954311512283937e-01
-1.617680690499181395e-01
-1.540227931990028054e-01
-1.559591121818098003e-01
-1.675770257976054722e-01
-1.585408708047282289e-01
-1.378868011547336181e-01
-1.443411980840956232e-01
-1.566045518397700675e-01
-1.514410345344323616e-01
-1.424048790209244686e-01
-1.527319138696938694e-01
-1.578954311512283937e-01
-1.462775171338677183e-01
-1.404685599443507016e-01
-1.520864742028074090e-01
-1.656407068950862538e-01
-1.559591121818098003e-01
-1.482138361702425300e-01
-1.643498276193096075e-01
-1.604771897563015415e-01
-1.430503187101361817e-01
-1.436957583978610842e-01
-1.578954311512283937e-01
-1.598317501072639146e-01
-1.501501551932218348e-01
-1.533773535350917427e-01
-1.637043879791910683e-01
-1.630589483375857185e-01
-1.533773535350917427e-01
-1.553136725223609460e-01
-1.462775171338677183e-01
-1.172327299793245459e-01
-1.010967358104348790e-01
-1.010967358104348790e-01
-1.075511335899914656e-01
-9.335145827771462734e-02
-7.657002288464376250e-02
-8.431530088406091750e-02
-8.496074070761672203e-02
-7.205194395208458502e-02
-6.172490611628411727e-02
-7.140650409858473324e-02
-8.302442123245867833e-02
-7.786090256618294347e-02
-7.205194395208458502e-02
-7.592458304162796878e-02
-7.463370335110397491e-02
-6.237034599226198850e-02
-5.527050727403093333e-02
-6.237034599226198850e-02
-6.947018452909681230e-02
-5.785226682892918859e-02
-5.656138705447943948e-02
-6.430666561120190750e-02
-5.333418759210672988e-02
-4.429802889789691278e-02
-5.591594716500480899e-02
-5.527050727403093333e-02
-4.042538936744755063e-02
-3.784362965044607563e-02
-4.881610828177151973e-02
-5.785226682892918859e-02
-5.333418759210672988e-02
-5.075242799520474080e-02
-6.107946623880700088e-02
-5.333418759210672988e-02
-3.784362965044607563e-02
-3.784362965044607563e-02
-6.043402635982886295e-02
-5.591594716500480899e-02
-3.590730984692136474e-02
-3.590730984692136474e-02
-4.881610828177151973e-02
-4.494346881438282537e-02
-3.074379030474005958e-02
-4.494346881438282537e-02
-5.333418759210672988e-02
-4.042538936744755063e-02
-4.171626921693949441e-02
-4.042538936744755063e-02
-3.848906958194930894e-02
-4.494346881438282537e-02
-3.590730984692136474e-02
-3.913450951195152072e-02
-4.687978855483265761e-02
-3.138923025277406964e-02
-2.558027066636014979e-02
-5.075242799520474080e-02
-5.978858647935325621e-02
-4.107082929294314511e-02
-3.397099002987502558e-02
-5.075242799520474080e-02
-5.333418759210672988e-02
-2.880747045162301845e-02
-3.203467019930350546e-02
-5.591594716500480899e-02
-4.558890872936771643e-02
-2.687115058497546727e-02
-3.268011014433014338e-02
-4.558890872936771643e-02
-4.236170913942949312e-02
-3.332555008785220707e-02
-3.784362965044607563e-02
-4.558890872936771643e-02
-3.590730984692136474e-02
-1.912587098303930588e-02
-2.493483070479562969e-02
-3.655274978293121535e-02
-3.074379030474005958e-02
-2.687115058497546727e-02
-3.590730984692136474e-02
-5.204330779665689022e-02
-3.848906958194930894e-02
-2.364395077715641946e-02
-3.848906958194930894e-02
-5.010698809222979833e-02
-3.009835035520325164e-02
-2.364395077715641946e-02
-4.494346881438282537e-02
-3.913450951195152072e-02
-1.267147114926103768e-02
-1.848043100643259606e-02
-3.913450951195152072e-02
-3.719818971744004443e-02
-1.912587098303930588e-02
-1.848043100643259606e-02
-4.171626921693949441e-02
-3.461642997039326985e-02
-2.041675093173722644e-02
-3.138923025277406964e-02
-3.655274978293121535e-02
-1.460779111519805440e-02
-8.153391176049851197e-03
-3.268011014433014338e-02
-4.494346881438282537e-02
-3.461642997039326985e-02
-3.526186990940871624e-02
-4.365258897990997866e-02
-4.042538936744755063e-02
-2.170763087441862638e-02
-2.041675093173722644e-02
-3.397099002987502558e-02
-3.526186990940871624e-02
-2.170763087441862638e-02
-3.009835035520325164e-02
-4.236170913942949312e-02
-2.816203049757781685e-02
-9.444271175924612294e-03
-2.945291040416542216e-02
-4.365258897990997866e-02
-2.751659054202804100e-02
-1.331691113941069204e-02
-2.493483070479562969e-02
-4.236170913942949312e-02
-3.268011014433014338e-02
-1.912587098303930588e-02
-3.009835035520325164e-02
-3.268011014433014338e-02
-1.267147114926103768e-02
-1.138059116444445351e-02
-3.138923025277406964e-02
-2.751659054202804100e-02
-1.008971117360424330e-02
-7.507951173854721105e-03
-2.235307084350246498e-02
-2.945291040416542216e-02
-1.525323110083220968e-02
-1.589867108496179071e-02
-3.461642997039326985e-02
-2.945291040416542216e-02
-1.525323110083220968e-02
-1.138059116444445351e-02
-2.493483070479562969e-02
-2.751659054202804100e-02
-2.235307084350246498e-02
-3.074379030474005958e-02
-3.590730984692136474e-02
-2.428939074172831170e-02
-2.428939074172831170e-02
-2.558027066636014979e-02
-2.493483070479562969e-02
-2.106219090383021353e-02
-2.299851081108172934e-02
-3.138923025277406964e-02
-2.816203049757781685e-02
-2.299851081108172934e-02
-1.848043100643259606e-02
-2.880747045162301845e-02
-2.816203049757781685e-02
-1.460779111519805440e-02
-2.041675093173722644e-02
-2.751659054202804100e-02
-3.332555008785220707e-02
-3.074379030474005958e-02
-2.493483070479562969e-02
-3.138923025277406964e-02
-2.687115058497546727e-02
-1.654411106758679750e-02
-2.170763087441862638e-02
-1.912587098303930588e-02
-1.267147114926103768e-02
-1.783499102832308836e-02
-3.784362965044607563e-02
-2.235307084350246498e-02
-1.138059116444445351e-02
-2.558027066636014979e-02
-2.945291040416542216e-02
-3.268011014433014338e-02
-2.041675093173722644e-02
-1.589867108496179071e-02
-2.945291040416542216e-02
-1.848043100643259606e-02
-2.989871116307440957e-03
-1.396235112805754852e-02
-3.332555008785220707e-02
-2.622571062642009565e-02
-1.267147114926103768e-02
-1.589867108496179071e-02
-2.364395077715641946e-02
-2.106219090383021353e-02
-1.654411106758679750e-02
-2.299851081108172934e-02
-2.493483070479562969e-02
-2.299851081108172934e-02
-1.138059116444445351e-02
-1.654411106758679750e-02
-3.461642997039326985e-02
-2.622571062642009565e-02
-2.428939074172831170e-02
-3.009835035520325164e-02
-2.751659054202804100e-02
-1.589867108496179071e-02
-2.989871116307440957e-03
-1.589867108496179071e-02
-2.751659054202804100e-02
-1.589867108496179071e-02
-1.589867108496179071e-02
-2.041675093173722644e-02
-1.589867108496179071e-02
-1.698991086309220577e-03
-2.106219090383021353e-02
-3.913450951195152072e-02
-2.428939074172831170e-02
-1.589867108496179071e-02
-1.783499102832308836e-02
-1.848043100643259606e-02
-1.912587098303930588e-02
-1.396235112805754852e-02
-2.235307084350246498e-02
-3.203467019930350546e-02
-1.331691113941069204e-02
-2.989871116307440957e-03
-1.589867108496179071e-02
-1.912587098303930588e-02
-8.798831176740407045e-03
-1.331691113941069204e-02
-3.138923025277406964e-02
-2.428939074172831170e-02
-9.444271175924612294e-03
-1.331691113941069204e-02
-2.170763087441862638e-02
-1.073515116977574735e-02
-4.081110502820450847e-04
-1.202603115760503272e-02
-1.525323110083220968e-02
-4.081110502820450847e-04
-1.589867108496179071e-02
-2.299851081108172934e-02
-2.299851081108172934e-02
-1.589867108496179071e-02
-1.008971117360424330e-02
-2.235307084350246498e-02
-2.041675093173722644e-02
-1.008971117360424330e-02
-9.444271175924612294e-03
-1.589867108496179071e-02
-1.654411106758679750e-02
-3.635311129048801604e-03
-4.926191150008918385e-03
-2.106219090383021353e-02
-2.428939074172831170e-02
-1.202603115760503272e-02
-2.170763087441862638e-02
-2.364395077715641946e-02
-6.217071164945409123e-03
-1.698991086309220577e-03
-1.460779111519805440e-02
-2.622571062642009565e-02
-2.235307084350246498e-02
-7.507951173854721105e-03
-5.571631158229450875e-03
-4.280751140282035294e-03
-5.571631158229450875e-03
-1.331691113941069204e-02
-2.106219090383021353e-02
-2.299851081108172934e-02
-1.008971117360424330e-02
-4.926191150008918385e-03
-2.041675093173722644e-02
-2.170763087441862638e-02
-1.008971117360424330e-02
-1.073515116977574735e-02
-2.299851081108172934e-02
-1.396235112805754852e-02
-6.217071164945409123e-03
-1.460779111519805440e-02
-2.558027066636014979e-02
-1.848043100643259606e-02
-1.267147114926103768e-02
-2.041675093173722644e-02
-1.848043100643259606e-02
-1.331691113941069204e-02
-1.073515116977574735e-02
-1.202603115760503272e-02
-2.106219090383021353e-02
-5.571631158229450875e-03
-1.053551069048808131e-03
-1.589867108496179071e-02
-2.364395077715641946e-02
-1.396235112805754852e-02
-1.202603115760503272e-02
-2.299851081108172934e-02
-2.687115058497546727e-02
-1.267147114926103768e-02
-2.989871116307440957e-03
-1.783499102832308836e-02
-1.525323110083220968e-02
-1.589867108496179071e-02
-9.444271175924612294e-03
-1.073515116977574735e-02
-1.718955104870900641e-02
-5.571631158229450875e-03
-1.977131095814144146e-02
-3.526186990940871624e-02
-3.138923025277406964e-02
-1.589867108496179071e-02
-2.106219090383021353e-02
-2.428939074172831170e-02
-1.202603115760503272e-02
-1.396235112805754852e-02
-2.170763087441862638e-02
-2.106219090383021353e-02
-1.008971117360424330e-02
-5.571631158229450875e-03
-2.041675093173722644e-02
-1.718955104870900641e-02
-1.073515116977574735e-02
-2.493483070479562969e-02
-2.622571062642009565e-02
-1.267147114926103768e-02
-7.507951173854721105e-03
-8.153391176049851197e-03
-1.589867108496179071e-02
-6.217071164945409123e-03
-4.280751140282035294e-03
