1.278913952208426963e-02
5.257713209179115665e-04
-1.109215593971946134e-02
-5.928632773864350725e-03
-1.196690954348156311e-04
-2.055990335326995933e-03
-1.196690954348156311e-04
1.171211738800082003e-03
-1.196690954348156311e-04
-1.302847710172017059e-02
-1.367391748600255141e-02
1.020737774965141398e-02
1.472546086747072991e-02
2.462092579149199878e-03
-2.701430745569055603e-03
6.334735136880098594e-03
1.149825863280895533e-02
-2.701430745569055603e-03
-3.992311561470174297e-03
6.334735136880098594e-03
3.752973425612537994e-03
-1.044671554933174207e-02
4.398413851136595554e-03
7.625616001687873791e-03
-2.055990335326995933e-03
-7.651095102598759468e-04
8.916496872611645585e-03
1.214369907668277904e-02
-1.109215593971946134e-02
-9.155834763976855584e-03
9.561937310365919984e-03
1.214369907668277904e-02
-3.346871154283448391e-03
-4.637751967129233321e-03
6.334735136880098594e-03
-4.637751967129233321e-03
-1.496479824998431241e-02
4.398413851136595554e-03
1.924354406025940989e-02
1.343457996901697982e-02
5.257713209179115665e-04
-2.701430745569055603e-03
1.816652158211695678e-03
-7.219513574492353314e-03
-5.283192371260625464e-03
1.020737774965141398e-02
8.916496872611645585e-03
-3.346871154283448391e-03
-8.510394369007912019e-03
1.816652158211695678e-03
7.625616001687873791e-03
2.462092579149199878e-03
8.271056436385038069e-03
1.730722268274043074e-02
5.043854278188319995e-03
-7.864953972513077929e-03
-2.701430745569055603e-03
9.561937310365919984e-03
6.980175568520152751e-03
2.462092579149199878e-03
6.980175568520152751e-03
1.816652158211695678e-03
-3.346871154283448391e-03
3.107533001617923674e-03
1.343457996901697982e-02
6.980175568520152751e-03
-7.651095102598759468e-04
6.980175568520152751e-03
5.257713209179115665e-04
-3.992311561470174297e-03
-2.701430745569055603e-03
-2.055990335326995933e-03
-3.992311561470174297e-03
-2.701430745569055603e-03
7.625616001687873791e-03
1.085281819046457485e-02
-3.346871154283448391e-03
-1.173759632857951374e-02
8.271056436385038069e-03
1.149825863280895533e-02
1.816652158211695678e-03
5.257713209179115665e-04
1.472546086747072991e-02
3.752973425612537994e-03
-2.701430745569055603e-03
-2.055990335326995933e-03
-5.928632773864350725e-03
-7.864953972513077929e-03
-1.410549923559045737e-03
-2.701430745569055603e-03
5.043854278188319995e-03
-1.196690954348156311e-04
-1.044671554933174207e-02
-1.044671554933174207e-02
1.816652158211695678e-03
-7.651095102598759468e-04
-5.928632773864350725e-03
2.462092579149199878e-03
5.689294706769487675e-03
-7.864953972513077929e-03
-9.155834763976855584e-03
5.043854278188319995e-03
5.689294706769487675e-03
-1.044671554933174207e-02
-1.109215593971946134e-02
1.171211738800082003e-03
4.398413851136595554e-03
-1.410549923559045737e-03
1.171211738800082003e-03
6.980175568520152751e-03
1.816652158211695678e-03
-1.173759632857951374e-02
-3.346871154283448391e-03
6.980175568520152751e-03
-1.196690954348156311e-04
-7.864953972513077929e-03
4.398413851136595554e-03
8.271056436385038069e-03
-5.928632773864350725e-03
-7.219513574492353314e-03
6.334735136880098594e-03
1.408002041747913324e-02
1.171211738800082003e-03
-6.574073174942185460e-03
6.980175568520152751e-03
5.043854278188319995e-03
5.257713209179115665e-04
8.271056436385038069e-03
8.271056436385038069e-03
-5.283192371260625464e-03
-3.992311561470174297e-03
3.752973425612537994e-03
8.271056436385038069e-03
-2.055990335326995933e-03
1.171211738800082003e-03
1.149825863280895533e-02
6.334735136880098594e-03
2.462092579149199878e-03
-1.410549923559045737e-03
3.752973425612537994e-03
8.916496872611645585e-03
-1.410549923559045737e-03
1.085281819046457485e-02
1.020737774965141398e-02
-2.055990335326995933e-03
-4.637751967129233321e-03
-6.574073174942185460e-03
1.171211738800082003e-03
2.462092579149199878e-03
-5.283192371260625464e-03
2.462092579149199878e-03
1.020737774965141398e-02
-2.701430745569055603e-03
-9.155834763976855584e-03
3.107533001617923674e-03
2.462092579149199878e-03
-7.219513574492353314e-03
5.257713209179115665e-04
4.398413851136595554e-03
-8.510394369007912019e-03
-1.690111938451366314e-02
1.171211738800082003e-03
5.689294706769487675e-03
-2.701430745569055603e-03
-3.992311561470174297e-03
5.257713209179115665e-04
5.257713209179115665e-04
-2.055990335326995933e-03
6.980175568520152751e-03
1.278913952208426963e-02
-2.701430745569055603e-03
-2.055990335326995933e-03
7.625616001687873791e-03
4.398413851136595554e-03
-6.574073174942185460e-03
-1.410549923559045737e-03
1.666178222662928476e-02
1.020737774965141398e-02
-1.690111938451366314e-02
-1.302847710172017059e-02
1.149825863280895533e-02
8.271056436385038069e-03
-4.637751967129233321e-03
9.561937310365919984e-03
1.214369907668277904e-02
5.257713209179115665e-04
-4.637751967129233321e-03
3.107533001617923674e-03
-1.196690954348156311e-04
-1.625567900786251130e-02
-8.510394369007912019e-03
1.149825863280895533e-02
9.561937310365919984e-03
-2.055990335326995933e-03
-1.196690954348156311e-04
4.398413851136595554e-03
-2.055990335326995933e-03
-3.346871154283448391e-03
4.398413851136595554e-03
-1.196690954348156311e-04
-1.109215593971946134e-02
-5.928632773864350725e-03
1.278913952208426963e-02
1.343457996901697982e-02
-5.928632773864350725e-03
-2.701430745569055603e-03
1.171211738800082003e-03
-3.992311561470174297e-03
-7.864953972513077929e-03
5.043854278188319995e-03
1.730722268274043074e-02
-1.561023862968724529e-02
-1.496479824998431241e-02
5.689294706769487675e-03
5.689294706769487675e-03
5.257713209179115665e-04
-2.055990335326995933e-03
5.689294706769487675e-03
3.107533001617923674e-03
-1.496479824998431241e-02
-7.219513574492353314e-03
7.625616001687873791e-03
1.214369907668277904e-02
5.043854278188319995e-03
-3.992311561470174297e-03
-1.410549923559045737e-03
-7.651095102598759468e-04
-2.055990335326995933e-03
6.980175568520152751e-03
3.752973425612537994e-03
-9.801275157418132267e-03
-9.801275157418132267e-03
-1.410549923559045737e-03
1.171211738800082003e-03
-6.574073174942185460e-03
-6.574073174942185460e-03
1.020737774965141398e-02
9.561937310365919984e-03
-2.055990335326995933e-03
-1.410549923559045737e-03
7.625616001687873791e-03
2.462092579149199878e-03
3.107533001617923674e-03
1.601634177204580567e-02
-7.651095102598759468e-04
-1.754655975963714809e-02
-1.044671554933174207e-02
5.043854278188319995e-03
8.271056436385038069e-03
3.752973425612537994e-03
6.334735136880098594e-03
8.916496872611645585e-03
-2.701430745569055603e-03
-1.044671554933174207e-02
-2.701430745569055603e-03
5.257713209179115665e-04
-1.410549923559045737e-03
1.816652158211695678e-03
2.462092579149199878e-03
1.171211738800082003e-03
-4.637751967129233321e-03
-6.574073174942185460e-03
5.689294706769487675e-03
-2.701430745569055603e-03
-1.302847710172017059e-02
-4.637751967129233321e-03
3.752973425612537994e-03
5.689294706769487675e-03
3.107533001617923674e-03
6.980175568520152751e-03
1.988898452249365789e-02
2.462092579149199878e-03
-1.496479824998431241e-02
1.816652158211695678e-03
7.625616001687873791e-03
-1.044671554933174207e-02
-3.992311561470174297e-03
4.398413851136595554e-03
-2.701430745569055603e-03
-8.510394369007912019e-03
-2.701430745569055603e-03
5.043854278188319995e-03
-1.410549923559045737e-03
-1.044671554933174207e-02
-5.928632773864350725e-03
3.107533001617923674e-03
2.462092579149199878e-03
-3.346871154283448391e-03
-6.574073174942185460e-03
-1.431935786875726535e-02
-1.238303671591367561e-02
-2.701430745569055603e-03
1.171211738800082003e-03
-1.196690954348156311e-04
-1.410549923559045737e-03
3.107533001617923674e-03
1.472546086747072991e-02
-7.651095102598759468e-04
-2.271008270570362697e-02
-2.400096342696578233e-02
-1.948288087585403616e-02
-5.110945716529791127e-02
-6.789090432443245504e-02
-6.530914328992309947e-02
-7.176354583060806647e-02
-8.338147002108442507e-02
-7.757250798733927866e-02
-6.466370302749702148e-02
-6.918178483256909317e-02
-8.402691023946751159e-02
-8.596323088551116598e-02
-7.950882867891806427e-02
-8.854499172565866161e-02
-9.629027410049317837e-02
-8.983587213663035698e-02
-8.789955151789641263e-02
-1.040355562570223213e-01
-1.066173169273785248e-01
-9.564483391092970521e-02
-9.822659466008509810e-02
-1.143625987930505516e-01
-1.169443593664958314e-01
-9.822659466008509810e-02
-8.983587213663035698e-02
-1.040355562570223213e-01
-1.059718767620605462e-01
-9.499939371985099967e-02
-9.822659466008509810e-02
-1.040355562570223213e-01
-1.020992357383487814e-01
-1.046809964268842208e-01
-1.214624403117614548e-01
-1.214624403117614548e-01
-1.046809964268842208e-01
-9.951747502556962388e-02
-1.124262783470726390e-01
-1.330803624021204001e-01
-1.227533205682203032e-01
-1.150080389386829438e-01
-1.188806797806893911e-01
-1.104899578874718458e-01
-1.008083553849896674e-01
-1.066173169273785248e-01
-1.098445177312399323e-01
-1.027446759127546017e-01
-1.001629152060363737e-01
-1.150080389386829438e-01
-1.408256435236125981e-01
-1.543798849629514081e-01
-1.730976458569486454e-01
-1.924608454486680387e-01
-1.931062854117353567e-01
-1.808429258562007647e-01
-1.724522058472217623e-01
-1.705158858090030094e-01
-1.640614855836535213e-01
-1.595434053362190241e-01
-1.976243651111051491e-01
-2.363507595155560637e-01
-2.344144399235936760e-01
-2.234419619809706603e-01
-2.144058033497913129e-01
-2.014970047947919340e-01
-1.840701257919015177e-01
-1.666432456918780503e-01
-1.659978056670823321e-01
-1.627706055204960478e-01
-1.472800442920387809e-01
-1.498618045571369350e-01
-1.556707650653184061e-01
-1.524435647980837416e-01
-1.459891641504338367e-01
-1.440528439266994809e-01
-1.505072446196376035e-01
-1.446982840027875028e-01
-1.517981247401092304e-01
-1.576070852075552864e-01
-1.505072446196376035e-01
-1.434074038491033320e-01
-1.563162051142388265e-01
-1.756794058807944481e-01
-1.730976458569486454e-01
-1.601888453760906827e-01
-1.614797254513096192e-01
-1.621251654866568970e-01
-1.537344449095030541e-01
-1.485709244276058882e-01
-1.582525252519513259e-01
-1.711613258232471679e-01
-1.672886857151656415e-01
-1.724522058472217623e-01
-1.931062854117353567e-01
-1.911699655180214563e-01
-1.601888453760906827e-01
-1.537344449095030541e-01
-1.569616451616511199e-01
-1.614797254513096192e-01
-1.634160455528288480e-01
-1.524435647980837416e-01
-1.621251654866568970e-01
-1.659978056670823321e-01
-1.653523656407820397e-01
-1.672886857151656415e-01
-1.679341257369468821e-01
-1.634160455528288480e-01
-1.601888453760906827e-01
-1.634160455528288480e-01
-1.601888453760906827e-01
-1.517981247401092304e-01
-1.569616451616511199e-01
-1.588979652948410148e-01
-1.485709244276058882e-01
-1.363075628958494434e-01
-1.337258025038874365e-01
-1.466346042219903723e-01
-1.401802034384651563e-01
-1.311440420877456603e-01
-1.388893232636352337e-01
-1.505072446196376035e-01
-1.382438831739545293e-01
-1.330803624021204001e-01
-1.388893232636352337e-01
-1.421165236893795480e-01
-1.401802034384651563e-01
-1.466346042219903723e-01
-1.524435647980837416e-01
-1.446982840027875028e-01
-1.388893232636352337e-01
-1.517981247401092304e-01
-1.776157258828643393e-01
-1.860064457352628153e-01
-1.989152450116797866e-01
-2.376416392360365393e-01
-2.621683527872686881e-01
-2.608774731805443281e-01
-2.724953894258259623e-01
-2.937949012854179642e-01
-3.015401779224919920e-01
-2.996038587833460554e-01
-2.970220999102863857e-01
-2.944403410133737964e-01
-2.666864313637162809e-01
-2.473232369486737525e-01
-2.505504361113519707e-01
-2.466777971116460577e-01
-2.227965220884957631e-01
-2.027878846773329968e-01
-2.047242044898709423e-01
-1.950426052919151942e-01
-1.743885258718851361e-01
-1.801974858645447597e-01
-1.924608454486680387e-01
-1.911699655180214563e-01
-1.789066058767154743e-01
-1.763248458829895782e-01
-1.918154054840961464e-01
-1.827792458221377814e-01
-1.769702858836801340e-01
-1.937517253732998768e-01
-1.847155657745265245e-01
-1.814883658463504190e-01
-1.718067658359885286e-01
-1.808429258562007647e-01
-1.866518857133723230e-01
-1.724522058472217623e-01
-1.659978056670823321e-01
-1.730976458569486454e-01
-1.653523656407820397e-01
-1.569616451616511199e-01
-1.634160455528288480e-01
-1.737430858651691779e-01
-1.711613258232471679e-01
-1.659978056670823321e-01
-1.634160455528288480e-01
-1.595434053362190241e-01
-1.505072446196376035e-01
-1.530890048545483495e-01
-1.621251654866568970e-01
-1.685795657572217721e-01
-1.608342854144542144e-01
-1.601888453760906827e-01
-1.705158858090030094e-01
-1.685795657572217721e-01
-1.608342854144542144e-01
-1.666432456918780503e-01
-1.705158858090030094e-01
-1.588979652948410148e-01
-1.472800442920387809e-01
-1.582525252519513259e-01
-1.711613258232471679e-01
-1.614797254513096192e-01
-1.647069256129700676e-01
-1.847155657745265245e-01
-1.801974858645447597e-01
-1.517981247401092304e-01
-1.485709244276058882e-01
-1.608342854144542144e-01
-1.679341257369468821e-01
-1.582525252519513259e-01
-1.466346042219903723e-01
-1.524435647980837416e-01
-1.563162051142388265e-01
-1.614797254513096192e-01
-1.756794058807944481e-01
-1.840701257919015177e-01
-1.685795657572217721e-01
-1.595434053362190241e-01
-1.524435647980837416e-01
-1.621251654866568970e-01
-1.595434053362190241e-01
-1.492163644931245869e-01
-1.640614855836535213e-01
-1.595434053362190241e-01
-1.446982840027875028e-01
-1.608342854144542144e-01
-1.789066058767154743e-01
-1.666432456918780503e-01
-1.569616451616511199e-01
-1.614797254513096192e-01
-1.653523656407820397e-01
-1.511526846806283686e-01
-1.614797254513096192e-01
-1.743885258718851361e-01
-1.672886857151656415e-01
-1.530890048545483495e-01
-1.388893232636352337e-01
-1.446982840027875028e-01
-1.588979652948410148e-01
-1.505072446196376035e-01
-1.524435647980837416e-01
-1.685795657572217721e-01
-1.601888453760906827e-01
-1.453437240773656214e-01
-1.414710836072519129e-01
-1.492163644931245869e-01
-1.563162051142388265e-01
-1.601888453760906827e-01
-1.698704457932489476e-01
-1.718067658359885286e-01
-1.718067658359885286e-01
-1.750339658770929674e-01
-1.814883658463504190e-01
-1.769702858836801340e-01
-1.595434053362190241e-01
-1.582525252519513259e-01
-1.666432456918780503e-01
-1.640614855836535213e-01
-1.563162051142388265e-01
-1.601888453760906827e-01
-1.647069256129700676e-01
-1.627706055204960478e-01
-1.621251654866568970e-01
-1.672886857151656415e-01
-1.692250057759885351e-01
-1.550253250148898587e-01
-1.434074038491033320e-01
-1.524435647980837416e-01
-1.556707650653184061e-01
-1.492163644931245869e-01
-1.492163644931245869e-01
-1.485709244276058882e-01
-1.421165236893795480e-01
-1.485709244276058882e-01
-1.634160455528288480e-01
-1.724522058472217623e-01
-1.517981247401092304e-01
-1.421165236893795480e-01
-1.576070852075552864e-01
-1.627706055204960478e-01
-1.563162051142388265e-01
-1.653523656407820397e-01
-1.711613258232471679e-01
-1.576070852075552864e-01
-1.414710836072519129e-01
-1.453437240773656214e-01
-1.608342854144542144e-01
-1.550253250148898587e-01
-1.421165236893795480e-01
-1.647069256129700676e-01
-1.718067658359885286e-01
-1.524435647980837416e-01
-1.459891641504338367e-01
-1.485709244276058882e-01
-1.485709244276058882e-01
-1.472800442920387809e-01
-1.408256435236125981e-01
-1.614797254513096192e-01
-1.621251654866568970e-01
-1.427619637699955035e-01
-1.440528439266994809e-01
-1.414710836072519129e-01
-1.543798849629514081e-01
-1.588979652948410148e-01
-1.595434053362190241e-01
-1.588979652948410148e-01
-1.550253250148898587e-01
-1.543798849629514081e-01
-1.511526846806283686e-01
-1.582525252519513259e-01
-1.627706055204960478e-01
-1.659978056670823321e-01
-1.692250057759885351e-01
-1.647069256129700676e-01
-1.672886857151656415e-01
-1.776157258828643393e-01
-1.730976458569486454e-01
-1.666432456918780503e-01
-1.769702858836801340e-01
-1.950426052919151942e-01
-1.879427656650811684e-01
-1.789066058767154743e-01
-1.892336456107699405e-01
-1.879427656650811684e-01
-1.718067658359885286e-01
-1.653523656407820397e-01
-1.776157258828643393e-01
-1.982698050621429786e-01
-1.860064457352628153e-01
-1.666432456918780503e-01
-1.750339658770929674e-01
-1.872973256899790329e-01
-1.776157258828643393e-01
-1.582525252519513259e-01
-1.647069256129700676e-01
-1.801974858645447597e-01
-1.640614855836535213e-01
-1.434074038491033320e-01
-1.550253250148898587e-01
-1.743885258718851361e-01
-1.692250057759885351e-01
-1.550253250148898587e-01
-1.653523656407820397e-01
-1.724522058472217623e-01
-1.582525252519513259e-01
-1.498618045571369350e-01
-1.595434053362190241e-01
-1.582525252519513259e-01
-1.505072446196376035e-01
-1.588979652948410148e-01
-1.679341257369468821e-01
-1.614797254513096192e-01
-1.569616451616511199e-01
-1.505072446196376035e-01
-1.479254843605772862e-01
-1.556707650653184061e-01
-1.653523656407820397e-01
-1.653523656407820397e-01
-1.692250057759885351e-01
-1.627706055204960478e-01
-1.627706055204960478e-01
-1.724522058472217623e-01
-1.595434053362190241e-01
-1.453437240773656214e-01
-1.453437240773656214e-01
-1.285622816474170094e-01
-1.169443593664958314e-01
-1.091990775734981156e-01
-1.143625987930505516e-01
-1.085536374142392901e-01
-9.112675254153579374e-02
-8.854499172565866161e-02
-8.725411130861893128e-02
-8.209058957976722581e-02
-8.402691023946751159e-02
-8.854499172565866161e-02
-8.789955151789641263e-02
-7.692706775377722295e-02
-6.789090432443245504e-02
-7.176354583060806647e-02
-7.434530680434292549e-02
-6.853634457925927848e-02
-7.950882867891806427e-02
-8.660867109782266482e-02
-7.692706775377722295e-02
-5.691841975979627932e-02
-6.660002381021712381e-02
-8.531779067168088204e-02
-8.015426890640853230e-02
-6.530914328992309947e-02
-6.014562114794586023e-02
-7.563618728209853259e-02
-7.111810558337694488e-02
-5.433665862189940299e-02
-6.143650169256176241e-02
-6.982722508435657005e-02
-6.143650169256176241e-02
-5.110945716529791127e-02
-5.627297947760290242e-02
-6.595458355083039237e-02
-5.369121833362200391e-02
-4.142785256720316056e-02
-5.433665862189940299e-02
-6.272738223109719513e-02
-5.110945716529791127e-02
-5.240033775250374504e-02
-6.272738223109719513e-02
-5.562753919388896406e-02
-4.788225567065573784e-02
-5.369121833362200391e-02
-5.691841975979627932e-02
-5.498209890865446425e-02
-4.530049444754347121e-02
-4.465505413796044820e-02
-5.756386004046731841e-02
-4.981857657200627898e-02
-4.594593475560593276e-02
-5.627297947760290242e-02
-5.885474059724771223e-02
-4.852769597262707180e-02
-4.142785256720316056e-02
-4.981857657200627898e-02
-4.852769597262707180e-02
-4.465505413796044820e-02
-5.175489745966110888e-02
-5.046401686941237585e-02
-4.530049444754347121e-02
-3.561888964389048340e-02
-2.916448625101963898e-02
-3.690977030417919025e-02
-4.723681536716206608e-02
-4.981857657200627898e-02
-4.788225567065573784e-02
-4.788225567065573784e-02
-3.884609128318672333e-02
-3.239168796650560012e-02
-3.368256864203189593e-02
-3.303712830503080511e-02
-3.626432997479689391e-02
-4.013697192824139393e-02
-3.820065095837321678e-02
-3.239168796650560012e-02
-3.690977030417919025e-02
-5.046401686941237585e-02
-4.594593475560593276e-02
-3.626432997479689391e-02
-3.432800897750887259e-02
-4.336417351422561239e-02
-4.465505413796044820e-02
-2.141920197833968587e-02
-2.012832124487573537e-02
-3.949153160647433936e-02
-4.207329288440142534e-02
-3.368256864203189593e-02
-3.626432997479689391e-02
-5.433665862189940299e-02
-4.788225567065573784e-02
-2.980992659716541482e-02
-3.626432997479689391e-02
-4.336417351422561239e-02
-3.432800897750887259e-02
-3.110080728488462398e-02
-4.530049444754347121e-02
-4.400961382685508738e-02
-2.658272485119006490e-02
-2.400096342696578233e-02
-3.368256864203189593e-02
-3.174624762645628095e-02
-2.271008270570362697e-02
-4.078241224848255797e-02
-4.594593475560593276e-02
-3.045536694178707648e-02
-1.948288087585403616e-02
-2.077376161237154406e-02
-3.626432997479689391e-02
-3.432800897750887259e-02
-1.496479824998431241e-02
-3.368256864203189593e-02
-3.626432997479689391e-02
-1.109215593971946134e-02
-1.883744050530822278e-02
-4.207329288440142534e-02
-4.981857657200627898e-02
-2.529184414212792831e-02
-2.787360555415396846e-02
-3.949153160647433936e-02
-2.271008270570362697e-02
-1.561023862968724529e-02
-2.851904590334974898e-02
-4.078241224848255797e-02
-2.980992659716541482e-02
-1.431935786875726535e-02
-2.916448625101963898e-02
-4.594593475560593276e-02
-2.851904590334974898e-02
-1.819200013323474252e-02
-4.078241224848255797e-02
-4.530049444754347121e-02
-2.787360555415396846e-02
-2.141920197833968587e-02
-2.787360555415396846e-02
-2.916448625101963898e-02
-2.141920197833968587e-02
-2.271008270570362697e-02
-2.916448625101963898e-02
-2.012832124487573537e-02
-1.754655975963714809e-02
-2.658272485119006490e-02
-3.561888964389048340e-02
-1.561023862968724529e-02
-1.431935786875726535e-02
-3.497344931146173508e-02
-2.851904590334974898e-02
-2.206464234278371350e-02
-2.593728449742194186e-02
-3.110080728488462398e-02
-2.980992659716541482e-02
-2.141920197833968587e-02
-3.045536694178707648e-02
-3.303712830503080511e-02
-2.077376161237154406e-02
-5.283192371260625464e-03
-1.238303671591367561e-02
-3.690977030417919025e-02
-4.207329288440142534e-02
-3.174624762645628095e-02
-3.690977030417919025e-02
-4.530049444754347121e-02
-2.722816520343585012e-02
-9.155834763976855584e-03
-1.819200013323474252e-02
-2.851904590334974898e-02
-1.819200013323474252e-02
-2.335552306709764991e-02
-3.303712830503080511e-02
-2.400096342696578233e-02
-1.496479824998431241e-02
-2.206464234278371350e-02
-3.045536694178707648e-02
-2.271008270570362697e-02
-9.801275157418132267e-03
-1.302847710172017059e-02
-2.851904590334974898e-02
-2.206464234278371350e-02
-1.410549923559045737e-03
-1.173759632857951374e-02
-3.368256864203189593e-02
-2.529184414212792831e-02
-2.206464234278371350e-02
-1.561023862968724529e-02
-2.464640378530980058e-02
-2.077376161237154406e-02
-1.302847710172017059e-02
-3.110080728488462398e-02
-3.110080728488462398e-02
-1.819200013323474252e-02
-1.561023862968724529e-02
-1.754655975963714809e-02
-1.496479824998431241e-02
-1.302847710172017059e-02
-1.754655975963714809e-02
-2.464640378530980058e-02
-2.012832124487573537e-02
-1.883744050530822278e-02
-2.206464234278371350e-02
-2.271008270570362697e-02
-1.367391748600255141e-02
-1.109215593971946134e-02
-2.335552306709764991e-02
-2.593728449742194186e-02
-1.690111938451366314e-02
-2.400096342696578233e-02
-2.529184414212792831e-02
-1.819200013323474252e-02
-6.574073174942185460e-03
-1.367391748600255141e-02
-2.141920197833968587e-02
-1.819200013323474252e-02
-1.561023862968724529e-02
-1.819200013323474252e-02
-2.787360555415396846e-02
-2.335552306709764991e-02
-1.109215593971946134e-02
-1.948288087585403616e-02
-2.335552306709764991e-02
-1.561023862968724529e-02
-1.496479824998431241e-02
-1.948288087585403616e-02
-2.077376161237154406e-02
-1.819200013323474252e-02
-1.496479824998431241e-02
-2.271008270570362697e-02
-1.948288087585403616e-02
-5.283192371260625464e-03
-1.238303671591367561e-02
-2.593728449742194186e-02
-2.529184414212792831e-02
-9.801275157418132267e-03
-9.155834763976855584e-03
-7.864953972513077929e-03
-7.864953972513077929e-03
-1.302847710172017059e-02
-2.335552306709764991e-02
-2.012832124487573537e-02
-9.801275157418132267e-03
-1.496479824998431241e-02
-2.722816520343585012e-02
-2.658272485119006490e-02
-2.335552306709764991e-02
-2.012832124487573537e-02
-1.883744050530822278e-02
-2.012832124487573537e-02
-7.219513574492353314e-03
-9.801275157418132267e-03
-2.980992659716541482e-02
-2.529184414212792831e-02
-1.044671554933174207e-02
-1.690111938451366314e-02
-2.335552306709764991e-02
-1.109215593971946134e-02
-7.864953972513077929e-03
-1.819200013323474252e-02
-1.819200013323474252e-02
-1.496479824998431241e-02
-1.754655975963714809e-02
-2.593728449742194186e-02
-2.141920197833968587e-02
-2.055990335326995933e-03
-3.346871154283448391e-03
-2.464640378530980058e-02
-2.593728449742194186e-02
-1.754655975963714809e-02
-1.948288087585403616e-02
-2.206464234278371350e-02
-2.141920197833968587e-02
-1.044671554933174207e-02
-1.302847710172017059e-02
-2.400096342696578233e-02
-1.948288087585403616e-02
-1.238303671591367561e-02
-1.238303671591367561e-02
-1.690111938451366314e-02
-9.801275157418132267e-03
-9.155834763976855584e-03
-2.206464234278371350e-02
-2.464640378530980058e-02
-1.302847710172017059e-02
-9.801275157418132267e-03
-1.754655975963714809e-02
-1.754655975963714809e-02
-1.561023862968724529e-02
-1.690111938451366314e-02
-1.561023862968724529e-02
-7.864953972513077929e-03
-1.173759632857951374e-02
-2.077376161237154406e-02
-2.206464234278371350e-02
-5.928632773864350725e-03
-4.637751967129233321e-03
-2.271008270570362697e-02
-2.077376161237154406e-02
-9.155834763976855584e-03
-1.819200013323474252e-02
-2.529184414212792831e-02
-7.864953972513077929e-03
1.020737774965141398e-02
-1.948288087585403616e-02
-2.593728449742194186e-02
-1.302847710172017059e-02
-2.012832124487573537e-02
-2.464640378530980058e-02
-2.012832124487573537e-02
-1.496479824998431241e-02
-1.238303671591367561e-02
-2.077376161237154406e-02
-2.529184414212792831e-02
-1.496479824998431241e-02
-7.219513574492353314e-03
-1.690111938451366314e-02
-1.883744050530822278e-02
-8.510394369007912019e-03
-9.801275157418132267e-03
-1.754655975963714809e-02
-1.690111938451366314e-02
-2.701430745569055603e-03
-7.651095102598759468e-04
-1.948288087585403616e-02
-1.561023862968724529e-02
-3.992311561470174297e-03
-1.625567900786251130e-02
-2.464640378530980058e-02
-1.754655975963714809e-02
-1.561023862968724529e-02
-1.883744050530822278e-02
-2.529184414212792831e-02
-1.173759632857951374e-02
-1.173759632857951374e-02
-2.529184414212792831e-02
-1.625567900786251130e-02
-7.864953972513077929e-03
-1.302847710172017059e-02
