1.042889040389205491e-02
3.974488667401132602e-03
-6.997993937034152623e-03
-1.834472765926520310e-03
6.556249343816489272e-03
2.038168175994670150e-03
-3.125353067785496819e-03
1.018476982217464410e-04
-5.707113653340201154e-03
-1.022519461979065625e-02
-9.579754486264135949e-03
5.910809172439357440e-03
8.492569867035726361e-03
-5.435924580101669790e-04
1.018476982217464410e-04
1.559241190220639339e-02
7.847129691112897376e-03
-5.707113653340201154e-03
-5.435924580101669790e-04
5.265369002577457991e-03
-3.125353067785496819e-03
5.910809172439357440e-03
2.398313454395051281e-02
1.365609132896850042e-02
-1.538871563352550709e-02
-2.377943707442575771e-02
-5.435924580101669790e-04
2.140137370380301718e-02
7.847129691112897376e-03
-3.770793216444801033e-03
6.556249343816489272e-03
-5.435924580101669790e-04
-5.061673509221265022e-03
7.847129691112897376e-03
1.559241190220639339e-02
1.236521095439080398e-02
-5.061673509221265022e-03
-5.707113653340201154e-03
-5.435924580101669790e-04
-1.280695513875862446e-02
-5.435924580101669790e-04
8.492569867035726361e-03
5.910809172439357440e-03
-5.061673509221265022e-03
-1.280695513875862446e-02
-1.189032612725071658e-03
6.556249343816489272e-03
1.392728015222388649e-03
4.619928834230790926e-03
1.365609132896850042e-02
3.329048502083153949e-03
-2.119767665828398151e-02
-1.538871563352550709e-02
9.783450223425305126e-03
1.107433058587581343e-02
1.392728015222388649e-03
-5.435924580101669790e-04
-1.834472765926520310e-03
-1.474327551210308229e-02
-1.216151501128592827e-02
9.783450223425305126e-03
1.752873248908848325e-02
2.038168175994670150e-03
-1.474327551210308229e-02
-6.997993937034152623e-03
-1.189032612725071658e-03
4.619928834230790926e-03
1.018476982217464410e-04
-1.151607488229977605e-02
-8.288874214676056340e-03
-1.022519461979065625e-02
-9.579754486264135949e-03
6.556249343816489272e-03
1.018476982217464410e-04
-6.352553795943904902e-03
-2.479912917610960221e-03
3.974488667401132602e-03
-8.288874214676056340e-03
-1.732503598871915074e-02
-1.189032612725071658e-03
1.301065114092203601e-02
5.910809172439357440e-03
-3.125353067785496819e-03
2.038168175994670150e-03
5.265369002577457991e-03
-9.579754486264135949e-03
-1.087063475180194416e-02
3.329048502083153949e-03
8.492569867035726361e-03
-5.707113653340201154e-03
-5.707113653340201154e-03
4.619928834230790926e-03
-4.416233363588872862e-03
-1.345239526471964098e-02
1.171977076937658069e-02
2.398313454395051281e-02
1.018476982217464410e-04
-2.055223655046845010e-02
6.556249343816489272e-03
2.398313454395051281e-02
5.265369002577457991e-03
-3.770793216444801033e-03
3.329048502083153949e-03
3.974488667401132602e-03
-1.603415575343447586e-02
-1.216151501128592827e-02
9.138010044472011373e-03
2.038168175994670150e-03
-1.474327551210308229e-02
-8.934314351227712336e-03
1.365609132896850042e-02
1.171977076937658069e-02
-5.707113653340201154e-03
2.683608338282184036e-03
1.430153151853197357e-02
5.910809172439357440e-03
1.018476982217464410e-04
7.472878559635631746e-04
3.329048502083153949e-03
-1.022519461979065625e-02
-1.087063475180194416e-02
9.138010044472011373e-03
9.783450223425305126e-03
-5.707113653340201154e-03
-5.707113653340201154e-03
7.472878559635631746e-04
3.329048502083153949e-03
3.329048502083153949e-03
-5.435924580101669790e-04
-9.579754486264135949e-03
-5.435924580101669790e-04
1.392728015222388649e-03
1.392728015222388649e-03
1.365609132896850042e-02
-3.770793216444801033e-03
-1.603415575343447586e-02
7.472878559635631746e-04
1.430153151853197357e-02
1.392728015222388649e-03
-5.707113653340201154e-03
1.171977076937658069e-02
9.138010044472011373e-03
-1.151607488229977605e-02
-1.022519461979065625e-02
7.472878559635631746e-04
5.265369002577457991e-03
-6.352553795943904902e-03
-4.416233363588872862e-03
6.556249343816489272e-03
1.392728015222388649e-03
-3.125353067785496819e-03
5.265369002577457991e-03
7.847129691112897376e-03
-2.479912917610960221e-03
-8.288874214676056340e-03
2.683608338282184036e-03
5.910809172439357440e-03
-8.288874214676056340e-03
-1.022519461979065625e-02
5.265369002577457991e-03
1.042889040389205491e-02
-5.061673509221265022e-03
-3.125353067785496819e-03
1.107433058587581343e-02
4.619928834230790926e-03
-3.770793216444801033e-03
2.683608338282184036e-03
3.974488667401132602e-03
-1.345239526471964098e-02
-1.732503598871915074e-02
5.265369002577457991e-03
1.752873248908848325e-02
1.018476982217464410e-04
-9.579754486264135949e-03
-1.834472765926520310e-03
5.910809172439357440e-03
-5.435924580101669790e-04
-1.189032612725071658e-03
8.492569867035726361e-03
3.974488667401132602e-03
-6.352553795943904902e-03
-4.416233363588872862e-03
6.556249343816489272e-03
5.910809172439357440e-03
-1.189032612725071658e-03
9.138010044472011373e-03
1.881961288792588505e-02
-1.189032612725071658e-03
-1.409783538916720147e-02
-1.189032612725071658e-03
1.018476982217464410e-04
-5.435924580101669790e-04
1.107433058587581343e-02
7.201689516707077132e-03
4.619928834230790926e-03
-3.770793216444801033e-03
-7.643434076612720673e-03
6.556249343816489272e-03
7.847129691112897376e-03
-4.416233363588872862e-03
-4.416233363588872862e-03
7.472878559635631746e-04
7.847129691112897376e-03
1.392728015222388649e-03
-5.061673509221265022e-03
1.392728015222388649e-03
-1.189032612725071658e-03
-5.707113653340201154e-03
3.974488667401132602e-03
7.847129691112897376e-03
1.392728015222388649e-03
-2.479912917610960221e-03
1.392728015222388649e-03
-1.834472765926520310e-03
-1.216151501128592827e-02
-9.579754486264135949e-03
5.910809172439357440e-03
4.619928834230790926e-03
-7.643434076612720673e-03
-7.643434076612720673e-03
5.910809172439357440e-03
2.038168175994670150e-03
-5.435924580101669790e-04
1.494697170961067911e-02
1.688329229194529546e-02
5.265369002577457991e-03
-3.770793216444801033e-03
5.265369002577457991e-03
1.042889040389205491e-02
7.472878559635631746e-04
-6.352553795943904902e-03
5.910809172439357440e-03
-5.435924580101669790e-04
-1.151607488229977605e-02
-6.352553795943904902e-03
-3.125353067785496819e-03
-5.707113653340201154e-03
-1.667959587183354131e-02
-5.707113653340201154e-03
7.847129691112897376e-03
3.329048502083153949e-03
-8.934314351227712336e-03
-2.479912917610960221e-03
1.236521095439080398e-02
-1.834472765926520310e-03
-1.087063475180194416e-02
-1.189032612725071658e-03
3.974488667401132602e-03
-3.125353067785496819e-03
-2.479912917610960221e-03
7.847129691112897376e-03
2.038168175994670150e-03
-1.087063475180194416e-02
1.392728015222388649e-03
-1.189032612725071658e-03
-9.579754486264135949e-03
-4.416233363588872862e-03
-1.022519461979065625e-02
1.392728015222388649e-03
-2.479912917610960221e-03
-7.643434076612720673e-03
5.265369002577457991e-03
1.688329229194529546e-02
6.556249343816489272e-03
7.472878559635631746e-04
2.683608338282184036e-03
3.329048502083153949e-03
-6.997993937034152623e-03
-8.934314351227712336e-03
2.038168175994670150e-03
3.329048502083153949e-03
-1.087063475180194416e-02
-6.352553795943904902e-03
6.556249343816489272e-03
1.018476982217464410e-04
1.392728015222388649e-03
2.204681391156526615e-02
1.946505308962009906e-02
-5.707113653340201154e-03
-1.538871563352550709e-02
-6.352553795943904902e-03
1.365609132896850042e-02
5.910809172439357440e-03
-1.189032612725071658e-03
6.556249343816489272e-03
-1.189032612725071658e-03
-7.643434076612720673e-03
-5.707113653340201154e-03
3.974488667401132602e-03
1.018476982217464410e-04
-1.732503598871915074e-02
1.018476982217464410e-04
1.752873248908848325e-02
2.038168175994670150e-03
-1.087063475180194416e-02
-3.125353067785496819e-03
9.783450223425305126e-03
7.201689516707077132e-03
-9.579754486264135949e-03
-1.151607488229977605e-02
-2.894295783417355494e-02
-6.121496039378548915e-02
-6.250584041776008348e-02
-5.411512015419184252e-02
-6.250584041776008348e-02
-7.218744040553559671e-02
-7.089656042673908587e-02
-6.766936045340266048e-02
-7.218744040553559671e-02
-8.380535994383819798e-02
-8.832343963268129983e-02
-9.025975947678155364e-02
-1.018776782573880269e-01
-9.929591857042119329e-02
-8.251448001920635988e-02
-8.509623986245351546e-02
-9.477783906040926354e-02
-9.219607930735307377e-02
-9.735959878942956891e-02
-1.038139980068457646e-01
-1.012322383378982948e-01
-9.606871892792412382e-02
-8.767799968164347035e-02
-9.606871892792412382e-02
-1.051048778323107058e-01
-1.012322383378982948e-01
-1.018776782573880269e-01
-1.109138369726103690e-01
-1.083320773697078465e-01
-1.012322383378982948e-01
-1.102683970741349384e-01
-1.083320773697078465e-01
-1.018776782573880269e-01
-1.063957576517733372e-01
-1.089775172726827890e-01
-1.167227959913823554e-01
-1.212408751442204391e-01
-1.134955965515089815e-01
-1.122047167650599420e-01
-1.154319162199310966e-01
-1.128501566590340843e-01
-1.025231181753749610e-01
-1.102683970741349384e-01
-1.122047167650599420e-01
-1.038139980068457646e-01
-1.070411975592495679e-01
-1.225317548886799557e-01
-1.373768715192120737e-01
-1.199499953937621655e-01
-9.671415885942735713e-02
-1.128501566590340843e-01
-1.231771947586626226e-01
-1.147864763319574877e-01
-1.193045555162850491e-01
-1.418949503364856923e-01
-1.399586308523499412e-01
-1.270498339470833571e-01
-1.302770332295626332e-01
-1.373768715192120737e-01
-1.264043940860943849e-01
-1.451221494467862527e-01
-1.735215000058047963e-01
-1.638399035492863476e-01
-1.438312698071548823e-01
-1.341496723191060170e-01
-1.418949503364856923e-01
-1.367314316821843789e-01
-1.231771947586626226e-01
-1.431858299850947702e-01
-1.554491863484575020e-01
-1.451221494467862527e-01
-1.477039087080971314e-01
-1.657762228674695137e-01
-2.019208476753391324e-01
-2.135387617998389942e-01
-1.999845286076986639e-01
-2.051480460916241810e-01
-1.999845286076986639e-01
-1.786850179786192427e-01
-1.761032590041491375e-01
-1.696488614635107695e-01
-1.657762228674695137e-01
-1.431858299850947702e-01
-1.541583067566829612e-01
-1.612581444374647788e-01
-1.522219873578070093e-01
-1.535128669585521521e-01
-1.560946261421030101e-01
-1.619035842176614892e-01
-1.631944637735713854e-01
-1.406040706818902919e-01
-1.406040706818902919e-01
-1.670671024054559695e-01
-1.444767096277193019e-01
-1.335042324745927544e-01
-1.451221494467862527e-01
-1.457675892643592874e-01
-1.431858299850947702e-01
-1.406040706818902919e-01
-1.406040706818902919e-01
-1.412495105099367265e-01
-1.489947883297784159e-01
-1.683579819374685371e-01
-1.670671024054559695e-01
-1.631944637735713854e-01
-1.651307830962362999e-01
-1.709397409835791137e-01
-1.864302947588321047e-01
-1.890120536378550042e-01
-1.838485358559562854e-01
-1.864302947588321047e-01
-1.864302947588321047e-01
-1.799758974569023451e-01
-1.825576563955699783e-01
-1.948210110284662733e-01
-2.019208476753391324e-01
-1.896574933538843766e-01
-1.825576563955699783e-01
-1.896574933538843766e-01
-1.786850179786192427e-01
-1.709397409835791137e-01
-1.903029330684233855e-01
-2.012754079876142299e-01
-1.922392522030964557e-01
-1.806213371938074630e-01
-1.780395782372394820e-01
-1.838485358559562854e-01
-1.786850179786192427e-01
-1.735215000058047963e-01
-1.780395782372394820e-01
-1.773941384943693578e-01
-1.638399035492863476e-01
-1.664216626372088115e-01
-1.812667769292204412e-01
-1.877211742013251694e-01
-1.786850179786192427e-01
-1.715851807413741881e-01
-1.709397409835791137e-01
-1.664216626372088115e-01
-1.631944637735713854e-01
-1.612581444374647788e-01
-1.638399035492863476e-01
-1.670671024054559695e-01
-1.599672648725913859e-01
-1.619035842176614892e-01
-1.767486987500035411e-01
-1.709397409835791137e-01
-1.651307830962362999e-01
-1.806213371938074630e-01
-1.773941384943693578e-01
-1.670671024054559695e-01
-1.715851807413741881e-01
-1.786850179786192427e-01
-1.767486987500035411e-01
-1.670671024054559695e-01
-1.690034217012357232e-01
-1.748123795079621345e-01
-1.709397409835791137e-01
-1.677125421722092113e-01
-1.748123795079621345e-01
-1.748123795079621345e-01
-1.619035842176614892e-01
-1.606127046557759286e-01
-1.754578192568025941e-01
-1.735215000058047963e-01
-1.573855057249105016e-01
-1.619035842176614892e-01
-1.780395782372394820e-01
-1.741669397576277589e-01
-1.625490239963642836e-01
-1.715851807413741881e-01
-1.819122166631412796e-01
-1.773941384943693578e-01
-1.702943012242918996e-01
-1.728760602524861412e-01
-1.838485358559562854e-01
-1.767486987500035411e-01
-1.799758974569023451e-01
-2.019208476753391324e-01
-2.116024428125697909e-01
-2.180568393847419628e-01
-2.322565113202443854e-01
-2.522651387368011200e-01
-2.664648089421088883e-01
-2.787281599062438886e-01
-3.000276629434637243e-01
-3.310087554005782806e-01
-3.368177098582627593e-01
-3.264906796287974089e-01
-3.245543614187944570e-01
-3.103546941400736614e-01
-2.787281599062438886e-01
-2.651739298621649255e-01
-2.748555228173934495e-01
-2.658193694028785359e-01
-2.425835450036259999e-01
-2.490379408628200508e-01
-2.503288200168611866e-01
-2.374200282094367509e-01
-2.354837093871253728e-01
-2.354837093871253728e-01
-2.354837093871253728e-01
-2.387109074168893841e-01
-2.245112358082241855e-01
-2.258021150750835204e-01
-2.232203565354176078e-01
-2.148296411172481157e-01
-2.225749168967876557e-01
-2.329019509365899410e-01
-2.309656320830946186e-01
-2.232203565354176078e-01
-2.212840376150637667e-01
-2.290293132162339873e-01
-2.296747528400047145e-01
-2.309656320830946186e-01
-2.483925012835754842e-01
-2.535560178760132288e-01
-2.303201924622939600e-01
-2.245112358082241855e-01
-2.425835450036259999e-01
-2.483925012835754842e-01
-2.387109074168893841e-01
-2.290293132162339873e-01
-2.296747528400047145e-01
-2.303201924622939600e-01
-2.245112358082241855e-01
-2.296747528400047145e-01
-2.471016221206365771e-01
-2.400017866184036563e-01
-2.329019509365899410e-01
-2.406472262169359055e-01
-2.387109074168893841e-01
-2.303201924622939600e-01
-2.303201924622939600e-01
-2.464561825369440129e-01
-2.535560178760132288e-01
-2.393563470183899256e-01
-2.322565113202443854e-01
-2.425835450036259999e-01
-2.471016221206365771e-01
-2.432289845962216646e-01
-2.471016221206365771e-01
-2.477470617028476596e-01
-2.477470617028476596e-01
-2.322565113202443854e-01
-2.322565113202443854e-01
-2.483925012835754842e-01
-2.400017866184036563e-01
-2.335473905514504622e-01
-2.509742595916559793e-01
-2.483925012835754842e-01
-2.341928301648277255e-01
-2.367745886034846592e-01
-2.477470617028476596e-01
-2.522651387368011200e-01
-2.329019509365899410e-01
-2.290293132162339873e-01
-2.400017866184036563e-01
-2.361291489960475332e-01
-2.309656320830946186e-01
-2.393563470183899256e-01
-2.425835450036259999e-01
-2.329019509365899410e-01
-2.219294772566691165e-01
-2.361291489960475332e-01
-2.522651387368011200e-01
-2.451653033651055580e-01
-2.490379408628200508e-01
-2.522651387368011200e-01
-2.361291489960475332e-01
-2.141842014592878485e-01
-2.232203565354176078e-01
-2.322565113202443854e-01
-2.258021150750835204e-01
-2.180568393847419628e-01
-2.193477186813304058e-01
-2.167659600822062771e-01
-2.012754079876142299e-01
-1.974027698299991584e-01
-2.038571667295769885e-01
-2.012754079876142299e-01
-1.941755713243580317e-01
-1.967573301318505941e-01
-2.083752444706998830e-01
-2.032117270463196235e-01
-1.915938124930303132e-01
-1.890120536378550042e-01
-1.954664507310841515e-01
-1.909483727814702547e-01
-1.799758974569023451e-01
-1.844939755839121176e-01
-1.922392522030964557e-01
-1.883666139203370449e-01
-1.825576563955699783e-01
-1.909483727814702547e-01
-1.909483727814702547e-01
-1.786850179786192427e-01
-1.773941384943693578e-01
-1.986936492218287498e-01
-1.948210110284662733e-01
-1.761032590041491375e-01
-1.670671024054559695e-01
-1.773941384943693578e-01
-1.864302947588321047e-01
-1.838485358559562854e-01
-1.909483727814702547e-01
-1.851394153103758100e-01
-1.612581444374647788e-01
-1.619035842176614892e-01
-1.819122166631412796e-01
-1.799758974569023451e-01
-1.754578192568025941e-01
-1.806213371938074630e-01
-1.812667769292204412e-01
-1.793304577185068638e-01
-1.741669397576277589e-01
-1.657762228674695137e-01
-1.702943012242918996e-01
-1.631944637735713854e-01
-1.586763853017387760e-01
-1.657762228674695137e-01
-1.664216626372088115e-01
-1.670671024054559695e-01
-1.715851807413741881e-01
-1.683579819374685371e-01
-1.677125421722092113e-01
-1.612581444374647788e-01
-1.631944637735713854e-01
-1.677125421722092113e-01
-1.773941384943693578e-01
-1.773941384943693578e-01
-1.773941384943693578e-01
-1.786850179786192427e-01
-1.554491863484575020e-01
-1.541583067566829612e-01
-1.709397409835791137e-01
-1.754578192568025941e-01
-1.773941384943693578e-01
-1.677125421722092113e-01
-1.573855057249105016e-01
-1.683579819374685371e-01
-1.606127046557759286e-01
-1.638399035492863476e-01
-1.728760602524861412e-01
-1.670671024054559695e-01
-1.606127046557759286e-01
-1.560946261421030101e-01
-1.631944637735713854e-01
-1.619035842176614892e-01
-1.567400659342546021e-01
-1.657762228674695137e-01
-1.735215000058047963e-01
-1.677125421722092113e-01
-1.509311077510826493e-01
-1.489947883297784159e-01
-1.619035842176614892e-01
-1.612581444374647788e-01
-1.612581444374647788e-01
-1.664216626372088115e-01
-1.548037465533180779e-01
-1.412495105099367265e-01
-1.502856679454751543e-01
-1.728760602524861412e-01
-1.767486987500035411e-01
-1.696488614635107695e-01
-1.638399035492863476e-01
-1.573855057249105016e-01
-1.502856679454751543e-01
-1.477039087080971314e-01
-1.586763853017387760e-01
-1.728760602524861412e-01
-1.593218250879129272e-01
-1.593218250879129272e-01
-1.670671024054559695e-01
-1.690034217012357232e-01
-1.664216626372088115e-01
-1.586763853017387760e-01
-1.670671024054559695e-01
-1.702943012242918996e-01
-1.631944637735713854e-01
-1.702943012242918996e-01
-1.825576563955699783e-01
-1.844939755839121176e-01
-1.793304577185068638e-01
-1.780395782372394820e-01
-1.754578192568025941e-01
-1.677125421722092113e-01
-1.709397409835791137e-01
-1.954664507310841515e-01
-1.870757344808247069e-01
-1.599672648725913859e-01
-1.612581444374647788e-01
-1.625490239963642836e-01
-1.612581444374647788e-01
-1.664216626372088115e-01
-1.915938124930303132e-01
-1.870757344808247069e-01
-1.851394153103758100e-01
-1.896574933538843766e-01
-1.948210110284662733e-01
-1.851394153103758100e-01
-1.567400659342546021e-01
-1.554491863484575020e-01
-1.761032590041491375e-01
-1.786850179786192427e-01
-1.728760602524861412e-01
-1.793304577185068638e-01
-1.941755713243580317e-01
-1.870757344808247069e-01
-1.638399035492863476e-01
-1.670671024054559695e-01
-1.741669397576277589e-01
-1.664216626372088115e-01
-1.735215000058047963e-01
-1.896574933538843766e-01
-1.954664507310841515e-01
-1.825576563955699783e-01
-1.735215000058047963e-01
-1.890120536378550042e-01
-1.967573301318505941e-01
-1.986936492218287498e-01
-2.070843651235350080e-01
-1.980482095266591358e-01
-1.715851807413741881e-01
-1.554491863484575020e-01
-1.560946261421030101e-01
-1.535128669585521521e-01
-1.393131910213103453e-01
-1.347951121621218107e-01
-1.444767096277193019e-01
-1.328587926285820231e-01
-1.134955965515089815e-01
-1.186591156373069111e-01
-1.270498339470833571e-01
-1.244680744941319972e-01
-1.063957576517733372e-01
-9.800503871792898281e-02
-1.063957576517733372e-01
-1.018776782573880269e-01
-1.031685580918608736e-01
-1.115592768695847781e-01
-9.671415885942735713e-02
-7.993272015189667457e-02
-7.218744040553559671e-02
-8.445079990389814384e-02
-8.703255972910106664e-02
-7.799640023561948965e-02
-7.606008030580113655e-02
-7.928728018130826172e-02
-7.928728018130826172e-02
-6.831480045108229149e-02
-6.444216044242345731e-02
-6.508760044763128860e-02
-6.444216044242345731e-02
-6.315128042748696657e-02
-7.154200041688874023e-02
-7.154200041688874023e-02
-5.282424009103436902e-02
-5.346968012336716924e-02
-6.444216044242345731e-02
-6.637848045352789939e-02
-6.121496039378548915e-02
-6.250584041776008348e-02
-6.056952037954133061e-02
-5.540600021132036090e-02
-5.476056018350838883e-02
-6.121496039378548915e-02
-6.444216044242345731e-02
-5.605144023762065331e-02
-5.346968012336716924e-02
-5.927864034652685632e-02
-5.346968012336716924e-02
-3.991543912767525626e-02
-4.636983968477714768e-02
-5.540600021132036090e-02
-5.153336002184794040e-02
-4.314263942508667071e-02
-3.475191857332582401e-02
-4.572439963585672729e-02
-5.476056018350838883e-02
-4.766071977809360760e-02
-4.959703990675734531e-02
-5.540600021132036090e-02
-4.120631925116668981e-02
-3.281559834053382474e-02
-5.024247994662900396e-02
-5.217880005719521819e-02
-4.185175931064755162e-02
-4.056087919017592469e-02
-5.024247994662900396e-02
-4.636983968477714768e-02
-2.958839792234435606e-02
-3.475191857332582401e-02
-4.959703990675734531e-02
-4.636983968477714768e-02
-2.765207765330224277e-02
-3.668823879252869347e-02
-5.476056018350838883e-02
-4.443351953348972927e-02
-3.475191857332582401e-02
-5.024247994662900396e-02
-5.346968012336716924e-02
-4.572439963585672729e-02
-3.862455899814420945e-02
-3.410647849723780212e-02
-3.087927809415091929e-02
-2.958839792234435606e-02
-3.733367886257710211e-02
-5.153336002184794040e-02
-4.766071977809360760e-02
-3.862455899814420945e-02
-4.056087919017592469e-02
-3.733367886257710211e-02
-2.894295783417355494e-02
-3.668823879252869347e-02
-4.636983968477714768e-02
-2.958839792234435606e-02
-3.346103841964165326e-02
-4.314263942508667071e-02
-5.734232028570396267e-02
-4.249719936862206282e-02
-2.958839792234435606e-02
-3.604279872097215787e-02
-4.378807948004137529e-02
-3.668823879252869347e-02
-2.894295783417355494e-02
-3.023383800900347751e-02
-3.539735864790394260e-02
-2.958839792234435606e-02
-2.636119746638776462e-02
-3.862455899814420945e-02
-3.410647849723780212e-02
-2.184311676458605689e-02
-2.765207765330224277e-02
-3.668823879252869347e-02
-2.700663756060173171e-02
-1.603415575343447586e-02
-2.248855686937822895e-02
-3.862455899814420945e-02
-4.249719936862206282e-02
-3.410647849723780212e-02
-3.797911893111560744e-02
-3.991543912767525626e-02
-3.281559834053382474e-02
-3.475191857332582401e-02
-3.668823879252869347e-02
-2.765207765330224277e-02
-1.926135633030412464e-02
-2.571575737066389422e-02
-3.475191857332582401e-02
-3.475191857332582401e-02
-2.571575737066389422e-02
-3.217015825991786926e-02
-4.120631925116668981e-02
-3.410647849723780212e-02
-2.442487717468289077e-02
-2.958839792234435606e-02
-3.797911893111560744e-02
-1.926135633030412464e-02
-2.507031727343012051e-02
-4.056087919017592469e-02
-3.023383800900347751e-02
-2.313399697265872135e-02
-3.217015825991786926e-02
-3.475191857332582401e-02
-3.539735864790394260e-02
-3.346103841964165326e-02
-3.668823879252869347e-02
-3.152471817779023411e-02
-1.280695513875862446e-02
-1.345239526471964098e-02
-3.733367886257710211e-02
-4.701527973218944112e-02
-2.507031727343012051e-02
-8.934314351227712336e-03
-1.603415575343447586e-02
-2.571575737066389422e-02
-3.023383800900347751e-02
-4.443351953348972927e-02
-4.507895958542817993e-02
-1.667959587183354131e-02
-2.479912917610960221e-03
-2.636119746638776462e-02
-3.604279872097215787e-02
-2.119767665828398151e-02
-2.313399697265872135e-02
-3.733367886257710211e-02
-3.991543912767525626e-02
-2.055223655046845010e-02
-1.667959587183354131e-02
-3.281559834053382474e-02
-3.991543912767525626e-02
-3.604279872097215787e-02
-3.410647849723780212e-02
-3.152471817779023411e-02
-1.732503598871915074e-02
-2.479912917610960221e-03
-2.377943707442575771e-02
-3.862455899814420945e-02
-2.894295783417355494e-02
-2.119767665828398151e-02
-2.636119746638776462e-02
-1.732503598871915074e-02
-1.409783538916720147e-02
-2.571575737066389422e-02
-4.120631925116668981e-02
-4.120631925116668981e-02
-1.861591621795533058e-02
-1.345239526471964098e-02
-3.217015825991786926e-02
-2.377943707442575771e-02
-1.732503598871915074e-02
-2.377943707442575771e-02
-2.829751774449285051e-02
-2.119767665828398151e-02
-1.538871563352550709e-02
-2.442487717468289077e-02
-2.765207765330224277e-02
-1.538871563352550709e-02
-1.797047610409308049e-02
-3.217015825991786926e-02
-2.894295783417355494e-02
-1.861591621795533058e-02
-2.119767665828398151e-02
-2.377943707442575771e-02
-2.571575737066389422e-02
-2.119767665828398151e-02
-1.990679644114301539e-02
-2.119767665828398151e-02
-2.377943707442575771e-02
-2.636119746638776462e-02
-2.442487717468289077e-02
-1.667959587183354131e-02
-9.579754486264135949e-03
-1.280695513875862446e-02
-2.765207765330224277e-02
-3.087927809415091929e-02
-1.151607488229977605e-02
-1.603415575343447586e-02
-2.571575737066389422e-02
-2.442487717468289077e-02
-1.603415575343447586e-02
-1.409783538916720147e-02
-3.410647849723780212e-02
-2.377943707442575771e-02
-1.990679644114301539e-02
-3.668823879252869347e-02
-2.636119746638776462e-02
-1.151607488229977605e-02
-1.732503598871915074e-02
-3.023383800900347751e-02
-3.152471817779023411e-02
-1.797047610409308049e-02
-1.990679644114301539e-02
-2.313399697265872135e-02
-1.603415575343447586e-02
-1.345239526471964098e-02
-2.507031727343012051e-02
-3.217015825991786926e-02
-1.990679644114301539e-02
-1.474327551210308229e-02
-2.055223655046845010e-02
-1.538871563352550709e-02
-1.345239526471964098e-02
-2.055223655046845010e-02
-2.377943707442575771e-02
-2.248855686937822895e-02
-1.409783538916720147e-02
-1.861591621795533058e-02
-2.829751774449285051e-02
-1.474327551210308229e-02
-6.997993937034152623e-03
-2.248855686937822895e-02
-3.087927809415091929e-02
-1.861591621795533058e-02
-1.345239526471964098e-02
-2.636119746638776462e-02
-2.313399697265872135e-02
-1.280695513875862446e-02
-1.474327551210308229e-02
-2.119767665828398151e-02
-1.216151501128592827e-02
-1.022519461979065625e-02
-2.700663756060173171e-02
-3.733367886257710211e-02
-2.507031727343012051e-02
-1.732503598871915074e-02
-2.055223655046845010e-02
-2.055223655046845010e-02
-1.861591621795533058e-02
-2.248855686937822895e-02
-2.636119746638776462e-02
-1.732503598871915074e-02
-8.934314351227712336e-03
-2.571575737066389422e-02
-4.056087919017592469e-02
-2.248855686937822895e-02
-1.151607488229977605e-02
-1.926135633030412464e-02
-2.442487717468289077e-02
-1.990679644114301539e-02
-9.579754486264135949e-03
-1.474327551210308229e-02
-2.248855686937822895e-02
-2.571575737066389422e-02
-2.313399697265872135e-02
-8.288874214676056340e-03
-5.707113653340201154e-03
-6.997993937034152623e-03
-1.409783538916720147e-02
-2.313399697265872135e-02
-1.603415575343447586e-02
-6.352553795943904902e-03
-1.603415575343447586e-02
-2.248855686937822895e-02
-6.352553795943904902e-03
-2.479912917610960221e-03
-1.732503598871915074e-02
-2.377943707442575771e-02
-1.603415575343447586e-02
-1.538871563352550709e-02
-2.184311676458605689e-02
-1.345239526471964098e-02
1.392728015222388649e-03
-5.061673509221265022e-03
-1.861591621795533058e-02
-9.579754486264135949e-03
-5.061673509221265022e-03
-1.474327551210308229e-02
-2.507031727343012051e-02
-1.151607488229977605e-02
-1.022519461979065625e-02
-2.248855686937822895e-02
-1.732503598871915074e-02
-7.643434076612720673e-03
-1.022519461979065625e-02
-2.184311676458605689e-02
-2.184311676458605689e-02
-1.280695513875862446e-02
-2.313399697265872135e-02
-2.765207765330224277e-02
-1.216151501128592827e-02
-1.732503598871915074e-02
-2.507031727343012051e-02
-2.055223655046845010e-02
-1.603415575343447586e-02
-6.352553795943904902e-03
-1.538871563352550709e-02
-1.603415575343447586e-02
-5.061673509221265022e-03
-1.216151501128592827e-02
-2.055223655046845010e-02
-1.603415575343447586e-02
-1.280695513875862446e-02
-1.732503598871915074e-02
-2.507031727343012051e-02
-2.184311676458605689e-02
-1.732503598871915074e-02
-2.636119746638776462e-02
-2.571575737066389422e-02
-9.579754486264135949e-03
-1.022519461979065625e-02
-1.990679644114301539e-02
-1.732503598871915074e-02
-8.288874214676056340e-03
-1.216151501128592827e-02
-2.829751774449285051e-02
-1.345239526471964098e-02
-1.861591621795533058e-02
-1.667959587183354131e-02
-3.125353067785496819e-03
-8.288874214676056340e-03
