-6.759417147003787818e-03
-2.483172975951397632e-02
-9.341176163257358667e-03
6.794818080297915230e-03
-9.504592730991134886e-04
-7.404856903306722415e-03
-9.504592730991134886e-04
-2.241338811085569205e-03
-1.644101333485004091e-02
-1.192293515563314088e-02
8.731137452267390131e-03
1.131289663581824811e-02
2.276739598006116694e-03
9.858600450840526719e-04
6.149378292631624277e-03
-3.050195018658996560e-04
-1.127749540977873721e-02
3.567619156905621480e-03
2.357625308443367373e-02
1.970361414758414753e-02
-2.241338811085569205e-03
-1.127749540977873721e-02
3.404202708630066354e-04
1.631299820799014810e-03
3.567619156905621480e-03
6.149378292631624277e-03
-4.823097869140369198e-03
-9.341176163257358667e-03
-8.695736411434396018e-03
-2.241338811085569205e-03
1.631299820799014810e-03
-2.224997088645430665e-02
-7.404856903306722415e-03
2.293081325788470792e-02
3.404202708630066354e-04
-3.532218343098136870e-03
4.213058938594471670e-03
-9.504592730991134886e-04
-8.050296658115740911e-03
-8.050296658115740911e-03
1.324921603917772472e-02
4.858498721779014318e-03
-1.192293515563314088e-02
-1.321381464286908169e-02
3.404202708630066354e-04
8.731137452267390131e-03
-7.404856903306722415e-03
-8.050296658115740911e-03
2.276739598006116694e-03
-9.504592730991134886e-04
2.276739598006116694e-03
6.149378292631624277e-03
3.404202708630066354e-04
-9.504592730991134886e-04
-4.177658106865322907e-03
3.567619156905621480e-03
3.567619156905621480e-03
-1.063205566243219380e-02
-1.063205566243219380e-02
8.731137452267390131e-03
1.647641507468478039e-02
-3.532218343098136870e-03
9.858600450840526719e-04
1.631299820799014810e-03
-4.177658106865322907e-03
-1.063205566243219380e-02
-9.986615913591734284e-03
-2.886778577838811088e-03
3.404202708630066354e-04
-4.823097869140369198e-03
2.276739598006116694e-03
7.440257869459898643e-03
-9.341176163257358667e-03
-1.063205566243219380e-02
4.858498721779014318e-03
8.731137452267390131e-03
2.922179376708911036e-03
2.922179376708911036e-03
1.454009564889524597e-02
7.440257869459898643e-03
-4.177658106865322907e-03
-2.886778577838811088e-03
3.404202708630066354e-04
-6.759417147003787818e-03
-1.192293515563314088e-02
-9.504592730991134886e-04
1.583097526459198434e-02
8.085697660115798158e-03
-2.886778577838811088e-03
-2.241338811085569205e-03
6.794818080297915230e-03
3.567619156905621480e-03
-7.404856903306722415e-03
1.131289663581824811e-02
1.905817433001111283e-02
9.858600450840526719e-04
-2.886778577838811088e-03
6.794818080297915230e-03
7.440257869459898643e-03
-4.177658106865322907e-03
2.276739598006116694e-03
6.794818080297915230e-03
3.404202708630066354e-04
-4.823097869140369198e-03
-1.595899042838411219e-03
4.858498721779014318e-03
-1.595899042838411219e-03
3.404202708630066354e-04
6.149378292631624277e-03
-6.759417147003787818e-03
-8.050296658115740911e-03
2.276739598006116694e-03
-2.241338811085569205e-03
-6.113977389208713475e-03
-9.341176163257358667e-03
-6.113977389208713475e-03
4.858498721779014318e-03
-3.050195018658996560e-04
-5.468537629921499388e-03
4.858498721779014318e-03
6.794818080297915230e-03
2.922179376708911036e-03
-5.468537629921499388e-03
1.776729469935567352e-02
1.324921603917772472e-02
-2.224997088645430665e-02
-1.192293515563314088e-02
8.085697660115798158e-03
1.131289663581824811e-02
-6.113977389208713475e-03
-1.063205566243219380e-02
-3.532218343098136870e-03
-2.241338811085569205e-03
-9.504592730991134886e-04
-2.886778577838811088e-03
-7.404856903306722415e-03
-1.256837489999895752e-02
-2.886778577838811088e-03
1.066745683768743902e-02
9.376577245912898206e-03
-4.823097869140369198e-03
-9.504592730991134886e-04
1.066745683768743902e-02
-3.050195018658996560e-04
-1.192293515563314088e-02
-1.595899042838411219e-03
1.066745683768743902e-02
2.922179376708911036e-03
-1.127749540977873721e-02
6.149378292631624277e-03
-4.823097869140369198e-03
-1.579557359943706274e-02
4.858498721779014318e-03
1.131289663581824811e-02
9.858600450840526719e-04
-1.515013386253194483e-02
-1.256837489999895752e-02
2.276739598006116694e-03
3.404202708630066354e-04
-3.532218343098136870e-03
5.503938506457473068e-03
2.276739598006116694e-03
-1.063205566243219380e-02
-1.773189280119957800e-02
9.858600450840526719e-04
1.324921603917772472e-02
-9.504592730991134886e-04
-2.241338811085569205e-03
6.794818080297915230e-03
4.858498721779014318e-03
-9.341176163257358667e-03
-9.986615913591734284e-03
2.276739598006116694e-03
1.631299820799014810e-03
-7.404856903306722415e-03
-4.177658106865322907e-03
7.440257869459898643e-03
6.794818080297915230e-03
4.213058938594471670e-03
8.731137452267390131e-03
3.567619156905621480e-03
-1.192293515563314088e-02
-1.450469412413646353e-02
-2.241338811085569205e-03
4.858498721779014318e-03
6.794818080297915230e-03
-9.504592730991134886e-04
-5.468537629921499388e-03
-9.504592730991134886e-04
-5.468537629921499388e-03
3.404202708630066354e-04
1.131289663581824811e-02
1.631299820799014810e-03
-3.532218343098136870e-03
2.922179376708911036e-03
9.858600450840526719e-04
-6.113977389208713475e-03
-1.063205566243219380e-02
6.149378292631624277e-03
8.085697660115798158e-03
-4.177658106865322907e-03
-6.759417147003787818e-03
1.631299820799014810e-03
8.085697660115798158e-03
-9.504592730991134886e-04
-2.241338811085569205e-03
8.085697660115798158e-03
3.567619156905621480e-03
-8.695736411434396018e-03
-2.886778577838811088e-03
5.503938506457473068e-03
-2.886778577838811088e-03
-1.192293515563314088e-02
-7.404856903306722415e-03
-3.050195018658996560e-04
-8.695736411434396018e-03
-2.241338811085569205e-03
1.518553545599488075e-02
8.731137452267390131e-03
-6.759417147003787818e-03
-1.063205566243219380e-02
-2.241338811085569205e-03
1.260377623656339097e-02
7.440257869459898643e-03
1.002201704105232238e-02
-9.504592730991134886e-04
-1.063205566243219380e-02
-1.595899042838411219e-03
-9.504592730991134886e-04
-2.886778577838811088e-03
-2.886778577838811088e-03
-2.241338811085569205e-03
2.276739598006116694e-03
-2.241338811085569205e-03
-5.468537629921499388e-03
1.631299820799014810e-03
1.066745683768743902e-02
2.922179376708911036e-03
9.858600450840526719e-04
4.213058938594471670e-03
-3.532218343098136870e-03
-1.256837489999895752e-02
-4.823097869140369198e-03
1.631299820799014810e-03
-4.823097869140369198e-03
-7.404856903306722415e-03
-1.644101333485004091e-02
1.631299820799014810e-03
6.794818080297915230e-03
-4.823097869140369198e-03
-3.050195018658996560e-04
8.085697660115798158e-03
-7.404856903306722415e-03
-1.644101333485004091e-02
5.503938506457473068e-03
1.131289663581824811e-02
-2.241338811085569205e-03
-6.759417147003787818e-03
2.922179376708911036e-03
6.794818080297915230e-03
-8.050296658115740911e-03
-4.823097869140369198e-03
6.794818080297915230e-03
4.213058938594471670e-03
-3.532218343098136870e-03
-2.241338811085569205e-03
6.794818080297915230e-03
-1.450469412413646353e-02
-1.966821198954171734e-02
6.794818080297915230e-03
1.583097526459198434e-02
-3.050195018658996560e-04
-1.644101333485004091e-02
-6.759417147003787818e-03
-3.050195018658996560e-04
-1.127749540977873721e-02
-3.532218343098136870e-03
1.131289663581824811e-02
1.631299820799014810e-03
-1.644101333485004091e-02
-4.177658106865322907e-03
1.970361414758414753e-02
1.970361414758414753e-02
1.631299820799014810e-03
6.794818080297915230e-03
9.376577245912898206e-03
-7.404856903306722415e-03
-5.468537629921499388e-03
6.794818080297915230e-03
7.440257869459898643e-03
-6.759417147003787818e-03
-8.050296658115740911e-03
6.149378292631624277e-03
-3.532218343098136870e-03
-8.050296658115740911e-03
6.149378292631624277e-03
1.066745683768743902e-02
-2.886778577838811088e-03
-8.695736411434396018e-03
-9.341176163257358667e-03
-3.257700623562875819e-02
-5.774915330241725542e-02
-6.291267036985992434e-02
-5.581283437760298227e-02
-7.194882500911425893e-02
-8.937569384902488423e-02
-8.485761684621273560e-02
-7.259426461506635064e-02
-7.001250618234777789e-02
-9.066657297934277437e-02
-9.647552899241595981e-02
-7.517602302403325609e-02
-8.808481471277751496e-02
-9.970272672560120952e-02
-6.936706657045732527e-02
-7.259426461506635064e-02
-9.583008944133553086e-02
-9.131201254227860886e-02
-8.163041894257361264e-02
-9.066657297934277437e-02
-1.022844848854891353e-01
-9.260289166370583303e-02
-8.292129810847725935e-02
-1.003481662677945252e-01
-1.093843197030359704e-01
-9.905728718192641225e-02
-9.131201254227860886e-02
-9.712096854201490714e-02
-1.087388801815691863e-01
-9.841184763677013336e-02
-1.003481662677945252e-01
-1.151932753296538436e-01
-1.119660777741060542e-01
-1.022844848854891353e-01
-1.061571220809014449e-01
-1.132569568007628646e-01
-1.145478358215026304e-01
-1.048662430216857899e-01
-1.093843197030359704e-01
-1.235839888010463739e-01
-1.158387148363271280e-01
-1.068025616082870499e-01
-1.184204728482249891e-01
-1.248748677744710989e-01
-1.068025616082870499e-01
-1.003481662677945252e-01
-1.126115172881743121e-01
-1.132569568007628646e-01
-1.087388801815691863e-01
-1.171295938452328045e-01
-1.242294282884977008e-01
-1.255203072589647917e-01
-1.242294282884977008e-01
-1.261657467419823320e-01
-1.255203072589647917e-01
-1.022844848854891353e-01
-9.905728718192641225e-02
-1.151932753296538436e-01
-1.358473388099525891e-01
-1.177750333474687494e-01
-1.035753639565477613e-01
-1.229385493121188944e-01
-1.210022308364635535e-01
-1.113206382585580911e-01
-1.061571220809014449e-01
-1.145478358215026304e-01
-1.158387148363271280e-01
-1.055116825520343582e-01
-1.055116825520343582e-01
-1.139023963118734883e-01
-1.216476703298265960e-01
-1.139023963118734883e-01
-1.119660777741060542e-01
-1.145478358215026304e-01
-1.048662430216857899e-01
-1.087388801815691863e-01
-1.164841543415189307e-01
-1.190659123475015235e-01
-1.074480011341947261e-01
-1.119660777741060542e-01
-1.229385493121188944e-01
-1.158387148363271280e-01
-1.113206382585580911e-01
-1.119660777741060542e-01
-1.268111862235219434e-01
-1.281020651821673795e-01
-1.100297592230230492e-01
-1.190659123475015235e-01
-1.268111862235219434e-01
-1.222931098217117096e-01
-1.229385493121188944e-01
-1.293929441349028764e-01
-1.332655809576550610e-01
-1.293929441349028764e-01
-1.235839888010463739e-01
-1.345564598867579065e-01
-1.313292625529260960e-01
-1.171295938452328045e-01
-1.171295938452328045e-01
-1.281020651821673795e-01
-1.255203072589647917e-01
-1.190659123475015235e-01
-1.248748677744710989e-01
-1.377836571836716928e-01
-1.306838230817302104e-01
-1.171295938452328045e-01
-1.184204728482249891e-01
-1.300383836090546197e-01
-1.242294282884977008e-01
-1.203567913416208057e-01
-1.345564598867579065e-01
-1.352018993490933241e-01
-1.210022308364635535e-01
-1.210022308364635535e-01
-1.326201414908894094e-01
-1.332655809576550610e-01
-1.300383836090546197e-01
-1.423017333373479687e-01
-1.532742036952878806e-01
-1.358473388099525891e-01
-1.210022308364635535e-01
-1.332655809576550610e-01
-1.455289305457032611e-01
-1.390745360921012974e-01
-1.377836571836716928e-01
-1.313292625529260960e-01
-1.177750333474687494e-01
-1.151932753296538436e-01
-1.339110204229463363e-01
-1.513378854278002450e-01
-1.435926122251167669e-01
-1.345564598867579065e-01
-1.358473388099525891e-01
-1.474652488530097116e-01
-1.364927782693357017e-01
-1.293929441349028764e-01
-1.358473388099525891e-01
-1.371382177272426617e-01
-1.248748677744710989e-01
-1.300383836090546197e-01
-1.319747020226458289e-01
-1.287475046592732042e-01
-1.274566257035836259e-01
-1.300383836090546197e-01
-1.377836571836716928e-01
-1.306838230817302104e-01
-1.190659123475015235e-01
-1.261657467419823320e-01
-1.384290966386245714e-01
-1.313292625529260960e-01
-1.106751987415286465e-01
-1.126115172881743121e-01
-1.281020651821673795e-01
-1.281020651821673795e-01
-1.352018993490933241e-01
-1.500470065754360149e-01
-1.435926122251167669e-01
-1.274566257035836259e-01
-1.248748677744710989e-01
-1.293929441349028764e-01
-1.332655809576550610e-01
-1.268111862235219434e-01
-1.287475046592732042e-01
-1.358473388099525891e-01
-1.306838230817302104e-01
-1.164841543415189307e-01
-1.229385493121188944e-01
-1.423017333373479687e-01
-1.300383836090546197e-01
-1.203567913416208057e-01
-1.358473388099525891e-01
-1.423017333373479687e-01
-1.326201414908894094e-01
-1.300383836090546197e-01
-1.377836571836716928e-01
-1.455289305457032611e-01
-1.281020651821673795e-01
-1.203567913416208057e-01
-1.345564598867579065e-01
-1.319747020226458289e-01
-1.281020651821673795e-01
-1.384290966386245714e-01
-1.474652488530097116e-01
-1.371382177272426617e-01
-1.216476703298265960e-01
-1.364927782693357017e-01
-1.448834911069827314e-01
-1.397199755441036473e-01
-1.435926122251167669e-01
-1.435926122251167669e-01
-1.345564598867579065e-01
-1.332655809576550610e-01
-1.255203072589647917e-01
-1.345564598867579065e-01
-1.397199755441036473e-01
-1.184204728482249891e-01
-1.281020651821673795e-01
-1.448834911069827314e-01
-1.397199755441036473e-01
-1.281020651821673795e-01
-1.371382177272426617e-01
-1.539196431148344146e-01
-1.468198094187158631e-01
-1.390745360921012974e-01
-1.287475046592732042e-01
-1.339110204229463363e-01
-1.345564598867579065e-01
-1.255203072589647917e-01
-1.364927782693357017e-01
-1.339110204229463363e-01
-1.235839888010463739e-01
-1.339110204229463363e-01
-1.468198094187158631e-01
-1.423017333373479687e-01
-1.339110204229463363e-01
-1.364927782693357017e-01
-1.435926122251167669e-01
-1.274566257035836259e-01
-1.190659123475015235e-01
-1.377836571836716928e-01
-1.487561277171725038e-01
-1.474652488530097116e-01
-1.565014007782803418e-01
-1.616649160344270086e-01
-1.500470065754360149e-01
-1.371382177272426617e-01
-1.513378854278002450e-01
-1.778009006023442140e-01
-1.894188089217934134e-01
-2.003912774528853191e-01
-2.391176335849980461e-01
-2.675169580655847312e-01
-2.733259104518168670e-01
-2.804257409855832606e-01
-2.965617188153206740e-01
-3.055978660023068727e-01
-2.888164495707208346e-01
-2.707441538503090328e-01
-2.636443230757361533e-01
-2.507355393964108004e-01
-2.307269235374285188e-01
-2.216907739786115883e-01
-2.158818205391099809e-01
-2.023275953848955311e-01
-1.894188089217934134e-01
-1.861916122141806795e-01
-1.874824909016350460e-01
-1.790917793280382142e-01
-1.745737037623662502e-01
-1.797372186886772027e-01
-1.836098548216256177e-01
-1.823189761165266987e-01
-1.758645825027720377e-01
-1.894188089217934134e-01
-1.920005662614272524e-01
-1.745737037623662502e-01
-1.642466736271401828e-01
-1.713465068855946072e-01
-1.694101887418675290e-01
-1.532742036952878806e-01
-1.687647493576793778e-01
-1.778009006023442140e-01
-1.661829918062078804e-01
-1.616649160344270086e-01
-1.661829918062078804e-01
-1.765100218707686963e-01
-1.732828250160736161e-01
-1.610194766325658833e-01
-1.681193099720204032e-01
-1.739282643899553449e-01
-1.565014007782803418e-01
-1.494015671470414475e-01
-1.668284311962846544e-01
-1.707010675058242555e-01
-1.610194766325658833e-01
-1.590831584181433556e-01
-1.797372186886772027e-01
-1.803826580478453678e-01
-1.655375524146585064e-01
-1.732828250160736161e-01
-1.920005662614272524e-01
-1.823189761165266987e-01
-1.707010675058242555e-01
-1.797372186886772027e-01
-1.868370515586423863e-01
-1.732828250160736161e-01
-1.687647493576793778e-01
-1.739282643899553449e-01
-1.790917793280382142e-01
-1.668284311962846544e-01
-1.577922796011588247e-01
-1.700556281245813040e-01
-1.674738705848888287e-01
-1.519833248517699076e-01
-1.603740372292321581e-01
-1.719919462638923591e-01
-1.636012342311712331e-01
-1.565014007782803418e-01
-1.623103554348155342e-01
-1.732828250160736161e-01
-1.707010675058242555e-01
-1.603740372292321581e-01
-1.655375524146585064e-01
-1.855461728682463729e-01
-2.126546241325097952e-01
-2.307269235374285188e-01
-2.449265865499494765e-01
-2.397630728091773022e-01
-2.191090169090497142e-01
-2.049093526070215887e-01
-2.087819883961774536e-01
-1.984549595076572359e-01
-1.790917793280382142e-01
-1.849007335208430192e-01
-1.952277629029062211e-01
-2.287906057989985698e-01
-2.546081745615875747e-01
-2.597716880333091893e-01
-2.591262488544572307e-01
-2.423448296912695810e-01
-2.365358766736349594e-01
-2.287906057989985698e-01
-2.139455026995502607e-01
-2.081365491016544667e-01
-1.965186415492130578e-01
-1.945823235775492321e-01
-2.016821560756927312e-01
-1.849007335208430192e-01
-1.797372186886772027e-01
-1.971640808701629055e-01
-1.926460055926622061e-01
-1.713465068855946072e-01
-1.745737037623662502e-01
-1.913551269287232515e-01
-1.894188089217934134e-01
-1.842552941719706183e-01
-1.816735367617710040e-01
-1.894188089217934134e-01
-1.823189761165266987e-01
-1.565014007782803418e-01
-1.636012342311712331e-01
-1.836098548216256177e-01
-1.674738705848888287e-01
-1.519833248517699076e-01
-1.661829918062078804e-01
-1.771554612372927551e-01
-1.629557948337296835e-01
-1.532742036952878806e-01
-1.778009006023442140e-01
-1.971640808701629055e-01
-1.939368842507231960e-01
-1.913551269287232515e-01
-1.958732022267941630e-01
-1.887733695832096714e-01
-1.713465068855946072e-01
-1.636012342311712331e-01
-1.758645825027720377e-01
-1.739282643899553449e-01
-1.552105219495061306e-01
-1.597285978244240567e-01
-1.694101887418675290e-01
-1.681193099720204032e-01
-1.506924460023562062e-01
-1.571468401904567713e-01
-1.752191431333045557e-01
-1.726373856407192875e-01
-1.700556281245813040e-01
-1.797372186886772027e-01
-1.771554612372927551e-01
-1.623103554348155342e-01
-1.513378854278002450e-01
-1.500470065754360149e-01
-1.474652488530097116e-01
-1.306838230817302104e-01
-1.229385493121188944e-01
-1.235839888010463739e-01
-1.119660777741060542e-01
-1.061571220809014449e-01
-1.093843197030359704e-01
-9.905728718192641225e-02
-8.550305642249078630e-02
-8.227585852626617680e-02
-9.583008944133553086e-02
-9.453921033472845181e-02
-6.613986848872421831e-02
-6.936706657045732527e-02
-9.002113341492545828e-02
-8.163041894257361264e-02
-6.678530810804161888e-02
-7.517602302403325609e-02
-8.485761684621273560e-02
-8.227585852626617680e-02
-6.097635148071312017e-02
-5.839459294104720755e-02
-7.711234181517490072e-02
-7.904866059296189462e-02
-6.033091184802685802e-02
-5.516739473302578745e-02
-6.936706657045732527e-02
-6.420354962186358705e-02
-4.742211888211045334e-02
-5.194019648783587684e-02
-7.259426461506635064e-02
-6.420354962186358705e-02
-4.806755854453292898e-02
-5.904003257819390171e-02
-7.517602302403325609e-02
-6.613986848872421831e-02
-4.871299820546859394e-02
-5.387651543940918941e-02
-6.420354962186358705e-02
-5.581283437760298227e-02
-4.484036021754000956e-02
-4.613123955280151733e-02
-5.323107579037156256e-02
-4.742211888211045334e-02
-4.871299820546859394e-02
-5.194019648783587684e-02
-5.194019648783587684e-02
-3.644964439324382965e-02
-3.774052376720327118e-02
-5.323107579037156256e-02
-5.064931717935117206e-02
-3.644964439324382965e-02
-5.000387752287771548e-02
-6.613986848872421831e-02
-4.484036021754000956e-02
-4.096772217604716104e-02
-5.581283437760298227e-02
-4.935843786491744822e-02
-4.806755854453292898e-02
-2.934980772998763143e-02
-3.967684281697536619e-02
-6.097635148071312017e-02
-4.290404120349045058e-02
-3.128612683784126602e-02
-4.419492054767815148e-02
-4.677667921819939068e-02
-3.644964439324382965e-02
-3.451332532113760010e-02
-4.548579988591505696e-02
-4.354948087632948273e-02
-2.934980772998763143e-02
-3.386788562745834952e-02
-5.581283437760298227e-02
-5.194019648783587684e-02
-3.515876501332826365e-02
-3.967684281697536619e-02
-3.128612683784126602e-02
-3.644964439324382965e-02
-3.451332532113760010e-02
-3.515876501332826365e-02
-4.354948087632948273e-02
-3.322244593228873555e-02
-3.386788562745834952e-02
-4.096772217604716104e-02
-3.515876501332826365e-02
-3.193156653748019380e-02
-3.451332532113760010e-02
-4.032228249725378078e-02
-3.709508408096873211e-02
-2.805892831730361081e-02
-3.515876501332826365e-02
-4.290404120349045058e-02
-3.257700623562875819e-02
-2.741348860872605542e-02
-3.193156653748019380e-02
-3.451332532113760010e-02
-3.644964439324382965e-02
-2.612260918709985447e-02
-3.386788562745834952e-02
-5.258563613984712504e-02
-3.064068713671375122e-02
-1.966821198954171734e-02
-4.290404120349045058e-02
-4.742211888211045334e-02
-2.031365171600540975e-02
-1.385925438424884248e-02
-3.386788562745834952e-02
-3.257700623562875819e-02
-1.902277226158588519e-02
-2.095909144098051513e-02
-3.386788562745834952e-02
-4.032228249725378078e-02
-3.386788562745834952e-02
-3.257700623562875819e-02
-4.419492054767815148e-02
-2.612260918709985447e-02
-2.095909144098051513e-02
-3.644964439324382965e-02
-4.484036021754000956e-02
-3.386788562745834952e-02
-2.289541060695476915e-02
-3.193156653748019380e-02
-4.225860152916460777e-02
-2.676804889865991299e-02
-2.483172975951397632e-02
-3.451332532113760010e-02
-2.934980772998763143e-02
-1.385925438424884248e-02
-1.256837489999895752e-02
-3.257700623562875819e-02
-3.451332532113760010e-02
-1.644101333485004091e-02
-1.966821198954171734e-02
-3.257700623562875819e-02
-2.805892831730361081e-02
-9.986615913591734284e-03
-1.966821198954171734e-02
-4.225860152916460777e-02
-3.322244593228873555e-02
-2.031365171600540975e-02
-2.354085032596664462e-02
-3.451332532113760010e-02
-2.870436802439080282e-02
-1.192293515563314088e-02
-3.193156653748019380e-02
-4.484036021754000956e-02
-2.676804889865991299e-02
-1.966821198954171734e-02
-2.999524743409587302e-02
-3.257700623562875819e-02
-2.031365171600540975e-02
-2.160453116446170441e-02
-3.774052376720327118e-02
-3.709508408096873211e-02
-1.966821198954171734e-02
-1.902277226158588519e-02
-3.064068713671375122e-02
-2.612260918709985447e-02
-1.902277226158588519e-02
-1.966821198954171734e-02
-3.257700623562875819e-02
-3.386788562745834952e-02
-1.644101333485004091e-02
-2.354085032596664462e-02
-3.580420470403211652e-02
-2.741348860872605542e-02
-2.547716947405298527e-02
-2.547716947405298527e-02
-2.999524743409587302e-02
-2.224997088645430665e-02
-2.031365171600540975e-02
-3.644964439324382965e-02
-3.322244593228873555e-02
-1.063205566243219380e-02
-1.515013386253194483e-02
-3.644964439324382965e-02
-2.999524743409587302e-02
-1.837733253213968965e-02
-1.966821198954171734e-02
-3.064068713671375122e-02
-2.224997088645430665e-02
-9.341176163257358667e-03
-1.773189280119957800e-02
-3.386788562745834952e-02
-2.805892831730361081e-02
-1.837733253213968965e-02
-2.289541060695476915e-02
-3.128612683784126602e-02
-2.676804889865991299e-02
-1.902277226158588519e-02
-2.805892831730361081e-02
-3.386788562745834952e-02
-2.805892831730361081e-02
-1.773189280119957800e-02
-2.805892831730361081e-02
-3.580420470403211652e-02
-1.966821198954171734e-02
-2.160453116446170441e-02
-3.257700623562875819e-02
-2.289541060695476915e-02
-1.385925438424884248e-02
-8.050296658115740911e-03
-1.708645306877087933e-02
-2.934980772998763143e-02
-1.966821198954171734e-02
-1.966821198954171734e-02
-2.483172975951397632e-02
-1.773189280119957800e-02
-9.986615913591734284e-03
-1.708645306877087933e-02
-2.224997088645430665e-02
-1.644101333485004091e-02
-1.579557359943706274e-02
-2.224997088645430665e-02
-2.354085032596664462e-02
-1.385925438424884248e-02
-5.468537629921499388e-03
-1.773189280119957800e-02
-2.483172975951397632e-02
-1.192293515563314088e-02
-8.695736411434396018e-03
-2.354085032596664462e-02
-3.451332532113760010e-02
-1.837733253213968965e-02
-5.468537629921499388e-03
-2.224997088645430665e-02
-1.902277226158588519e-02
-1.063205566243219380e-02
-1.902277226158588519e-02
-2.934980772998763143e-02
-2.224997088645430665e-02
-1.595899042838411219e-03
-9.341176163257358667e-03
-2.354085032596664462e-02
-2.031365171600540975e-02
-1.192293515563314088e-02
-1.902277226158588519e-02
-2.741348860872605542e-02
-2.289541060695476915e-02
-1.579557359943706274e-02
-3.064068713671375122e-02
-2.741348860872605542e-02
-8.695736411434396018e-03
-8.050296658115740911e-03
-2.741348860872605542e-02
-2.805892831730361081e-02
-7.404856903306722415e-03
-7.404856903306722415e-03
-2.354085032596664462e-02
-2.612260918709985447e-02
-1.127749540977873721e-02
-1.256837489999895752e-02
-3.257700623562875819e-02
-2.289541060695476915e-02
-9.341176163257358667e-03
-1.966821198954171734e-02
-2.741348860872605542e-02
-1.773189280119957800e-02
-1.127749540977873721e-02
-2.160453116446170441e-02
-2.999524743409587302e-02
-1.837733253213968965e-02
-1.595899042838411219e-03
-1.192293515563314088e-02
-3.257700623562875819e-02
-1.256837489999895752e-02
-5.468537629921499388e-03
-2.224997088645430665e-02
-2.289541060695476915e-02
-1.773189280119957800e-02
-1.063205566243219380e-02
-2.160453116446170441e-02
-2.483172975951397632e-02
-7.404856903306722415e-03
-1.321381464286908169e-02
-3.257700623562875819e-02
-2.160453116446170441e-02
-4.177658106865322907e-03
-1.256837489999895752e-02
-2.354085032596664462e-02
-1.450469412413646353e-02
-2.886778577838811088e-03
-1.773189280119957800e-02
-3.322244593228873555e-02
-2.483172975951397632e-02
-1.063205566243219380e-02
-2.031365171600540975e-02
-3.193156653748019380e-02
-2.160453116446170441e-02
-9.341176163257358667e-03
-1.385925438424884248e-02
-2.483172975951397632e-02
-8.050296658115740911e-03
-5.468537629921499388e-03
-3.580420470403211652e-02
-2.870436802439080282e-02
3.567619156905621480e-03
2.276739598006116694e-03
-1.515013386253194483e-02
-1.966821198954171734e-02
-1.256837489999895752e-02
-2.886778577838811088e-03
-2.095909144098051513e-02
-2.160453116446170441e-02
-9.504592730991134886e-04
-1.063205566243219380e-02
-2.354085032596664462e-02
-1.773189280119957800e-02
-8.695736411434396018e-03
-1.708645306877087933e-02
-2.224997088645430665e-02
-9.986615913591734284e-03
-7.404856903306722415e-03
-1.385925438424884248e-02
-1.773189280119957800e-02
-1.450469412413646353e-02
-1.450469412413646353e-02
-1.966821198954171734e-02
-1.579557359943706274e-02
-2.886778577838811088e-03
-3.050195018658996560e-04
-6.759417147003787818e-03
-1.385925438424884248e-02
-4.823097869140369198e-03
-5.468537629921499388e-03
-2.805892831730361081e-02
-1.966821198954171734e-02
4.213058938594471670e-03
