-6.918462247108791985e-03
-7.563902576491088325e-03
1.179930796805095383e-02
1.438106947770378952e-02
-2.400379898768179032e-03
1.472262173534133467e-03
8.572106115316557862e-03
1.050842722237987914e-02
-4.336700914343794011e-03
-4.640588694773128964e-04
1.567195024168555051e-02
4.699463942378301340e-03
-1.272742515671332342e-02
-6.918462247108791985e-03
4.054023585560173615e-03
4.054023585560173615e-03
-3.045820238817498193e-03
-4.640588694773128964e-04
5.344904300722319590e-03
-6.918462247108791985e-03
-1.014566387878623743e-02
8.268218243383529398e-04
1.813814766684629376e-04
-6.918462247108791985e-03
1.472262173534133467e-03
1.050842722237987914e-02
-4.640588694773128964e-04
-6.273021916202381476e-03
-1.109499214098974562e-03
5.990344660590452008e-03
1.050842722237987914e-02
-4.982141249820770668e-03
-1.660006702791783084e-02
8.268218243383529398e-04
1.050842722237987914e-02
-7.563902576491088325e-03
-4.982141249820770668e-03
4.699463942378301340e-03
-9.500223555498621408e-03
-2.176358943760980935e-02
-7.563902576491088325e-03
3.408583230266160058e-03
-4.982141249820770668e-03
-5.627581583773633156e-03
8.572106115316557862e-03
7.926665749348416057e-03
-1.724550733445617823e-02
-2.047270884431817706e-02
8.268218243383529398e-04
5.344904300722319590e-03
-3.045820238817498193e-03
3.408583230266160058e-03
2.083547335868018990e-02
1.244474834317443879e-02
-4.336700914343794011e-03
1.472262173534133467e-03
4.054023585560173615e-03
-8.209342904351046855e-03
-1.272742515671332342e-02
-5.627581583773633156e-03
4.699463942378301340e-03
-1.754939557196522060e-03
-1.079110420055329200e-02
-1.109499214098974562e-03
7.281225384904388420e-03
-1.143654452079445605e-02
-1.143654452079445605e-02
4.054023585560173615e-03
4.699463942378301340e-03
-1.109499214098974562e-03
-3.045820238817498193e-03
2.117702524252251806e-03
4.699463942378301340e-03
-4.640588694773128964e-04
3.408583230266160058e-03
1.179930796805095383e-02
2.117702524252251806e-03
-8.209342904351046855e-03
-3.045820238817498193e-03
5.344904300722319590e-03
-4.640588694773128964e-04
-5.627581583773633156e-03
-4.640588694773128964e-04
5.990344660590452008e-03
2.763142876498037026e-03
-6.918462247108791985e-03
4.054023585560173615e-03
1.502650985893083657e-02
2.763142876498037026e-03
-4.640588694773128964e-04
7.281225384904388420e-03
8.572106115316557862e-03
-3.691260577342703186e-03
-1.918182824493896987e-02
2.763142876498037026e-03
1.115386759445335940e-02
-4.336700914343794011e-03
-3.045820238817498193e-03
1.502650985893083657e-02
7.281225384904388420e-03
-5.627581583773633156e-03
4.699463942378301340e-03
1.825371178796864058e-02
7.926665749348416057e-03
-3.691260577342703186e-03
2.117702524252251806e-03
7.926665749348416057e-03
-8.209342904351046855e-03
-8.854783230685114859e-03
1.179930796805095383e-02
7.926665749348416057e-03
-9.500223555498621408e-03
-1.337286547238569767e-02
6.635785021984474952e-03
6.635785021984474952e-03
-8.209342904351046855e-03
8.268218243383529398e-04
1.115386759445335940e-02
-4.640588694773128964e-04
-1.208198483951505864e-02
-1.754939557196522060e-03
6.635785021984474952e-03
-4.336700914343794011e-03
-8.209342904351046855e-03
5.344904300722319590e-03
7.281225384904388420e-03
-4.982141249820770668e-03
-7.563902576491088325e-03
3.408583230266160058e-03
4.699463942378301340e-03
-8.209342904351046855e-03
3.408583230266160058e-03
2.019003296371124634e-02
8.572106115316557862e-03
-9.500223555498621408e-03
8.268218243383529398e-04
1.502650985893083657e-02
8.268218243383529398e-04
-4.982141249820770668e-03
2.763142876498037026e-03
8.572106115316557862e-03
-1.754939557196522060e-03
-9.500223555498621408e-03
4.699463942378301340e-03
5.344904300722319590e-03
-8.854783230685114859e-03
-5.627581583773633156e-03
3.408583230266160058e-03
5.990344660590452008e-03
-4.982141249820770668e-03
-8.209342904351046855e-03
3.408583230266160058e-03
-4.640588694773128964e-04
-6.918462247108791985e-03
2.117702524252251806e-03
1.631739062596793133e-02
-1.754939557196522060e-03
-1.595462671985536929e-02
-8.209342904351046855e-03
9.217546482812366548e-03
9.862986851834065760e-03
1.813814766684629376e-04
3.408583230266160058e-03
4.699463942378301340e-03
-5.627581583773633156e-03
-3.691260577342703186e-03
1.179930796805095383e-02
9.217546482812366548e-03
-2.400379898768179032e-03
-5.627581583773633156e-03
1.050842722237987914e-02
1.502650985893083657e-02
-1.109499214098974562e-03
-1.272742515671332342e-02
3.408583230266160058e-03
6.635785021984474952e-03
-1.208198483951505864e-02
-8.209342904351046855e-03
5.344904300722319590e-03
-2.400379898768179032e-03
-9.500223555498621408e-03
1.472262173534133467e-03
4.054023585560173615e-03
-4.336700914343794011e-03
-5.627581583773633156e-03
1.115386759445335940e-02
1.631739062596793133e-02
8.268218243383529398e-04
-9.500223555498621408e-03
5.990344660590452008e-03
1.244474834317443879e-02
3.408583230266160058e-03
-3.045820238817498193e-03
1.472262173534133467e-03
6.635785021984474952e-03
-6.918462247108791985e-03
-1.143654452079445605e-02
2.117702524252251806e-03
8.268218243383529398e-04
-8.854783230685114859e-03
-1.754939557196522060e-03
4.054023585560173615e-03
-1.754939557196522060e-03
-1.079110420055329200e-02
1.813814766684629376e-04
8.572106115316557862e-03
3.408583230266160058e-03
-1.754939557196522060e-03
2.763142876498037026e-03
3.408583230266160058e-03
-9.500223555498621408e-03
-1.754939557196522060e-03
4.699463942378301340e-03
-1.109499214098974562e-03
-1.143654452079445605e-02
-5.627581583773633156e-03
1.244474834317443879e-02
-3.691260577342703186e-03
-1.466374609916698546e-02
-2.400379898768179032e-03
4.054023585560173615e-03
1.244474834317443879e-02
-1.109499214098974562e-03
-3.045820238817498193e-03
1.502650985893083657e-02
4.054023585560173615e-03
-4.982141249820770668e-03
7.926665749348416057e-03
1.309018871982559062e-02
5.344904300722319590e-03
-4.982141249820770668e-03
7.281225384904388420e-03
8.572106115316557862e-03
-6.273021916202381476e-03
-9.500223555498621408e-03
2.117702524252251806e-03
5.344904300722319590e-03
-2.400379898768179032e-03
8.268218243383529398e-04
8.572106115316557862e-03
-4.640588694773128964e-04
-1.401830578653751047e-02
-4.336700914343794011e-03
1.373562909800085663e-02
2.763142876498037026e-03
-1.272742515671332342e-02
-3.691260577342703186e-03
6.635785021984474952e-03
-3.691260577342703186e-03
-1.079110420055329200e-02
-1.754939557196522060e-03
9.217546482812366548e-03
6.635785021984474952e-03
-3.045820238817498193e-03
5.344904300722319590e-03
1.631739062596793133e-02
-1.109499214098974562e-03
-1.143654452079445605e-02
1.472262173534133467e-03
1.244474834317443879e-02
4.699463942378301340e-03
5.344904300722319590e-03
1.502650985893083657e-02
4.699463942378301340e-03
-1.079110420055329200e-02
-6.918462247108791985e-03
5.344904300722319590e-03
4.054023585560173615e-03
-1.143654452079445605e-02
-3.691260577342703186e-03
2.763142876498037026e-03
-5.627581583773633156e-03
1.813814766684629376e-04
1.244474834317443879e-02
1.631739062596793133e-02
2.763142876498037026e-03
-1.079110420055329200e-02
-4.336700914343794011e-03
3.408583230266160058e-03
2.117702524252251806e-03
-1.014566387878623743e-02
-1.109499214098974562e-03
5.990344660590452008e-03
-6.273021916202381476e-03
-1.272742515671332342e-02
-3.691260577342703186e-03
3.408583230266160058e-03
-1.143654452079445605e-02
-6.918462247108791985e-03
1.050842722237987914e-02
1.472262173534133467e-03
-1.401830578653751047e-02
-4.336700914343794011e-03
4.699463942378301340e-03
6.635785021984474952e-03
-2.400379898768179032e-03
-2.400379898768179032e-03
7.926665749348416057e-03
-6.918462247108791985e-03
-3.079975342025775831e-02
-3.983591710488099125e-02
-6.371720540982828140e-02
-1.011527342522420270e-01
-1.218068169529402667e-01
-1.172887364943022703e-01
-1.224522570124211285e-01
-1.495607381490273724e-01
-1.437517781292605434e-01
-1.276157774339630180e-01
-1.411700180813149075e-01
-1.514970581285126627e-01
-1.508516181368566578e-01
-1.540788180800838347e-01
-1.753783367621828404e-01
-1.947415341442564340e-01
-1.837690557936344504e-01
-1.650512976056717207e-01
-1.773146565612009340e-01
-1.863508154445643328e-01
-1.915143346743839459e-01
-2.044231323289196212e-01
-2.102320910778363583e-01
-2.082957715083484374e-01
-1.928052144668335188e-01
-1.902234548759338395e-01
-2.018413728459940160e-01
-2.018413728459940160e-01
-1.895780149744563658e-01
-1.786055364197025597e-01
-1.915143346743839459e-01
-2.011959329715136136e-01
-1.902234548759338395e-01
-2.005504930955357423e-01
-2.244317675089284592e-01
-2.231408878633125425e-01
-2.166864895454345685e-01
-2.199136887230839221e-01
-2.263680869661328643e-01
-2.218500082117103034e-01
-2.057140120613905054e-01
-1.986141734586048813e-01
-2.044231323289196212e-01
-1.895780149744563658e-01
-1.805418561961911195e-01
-1.721511370671038321e-01
-1.585968979373930665e-01
-1.443972181374810759e-01
-1.521424981186623171e-01
-1.573060179856842211e-01
-1.560151380279606315e-01
-1.424608981083004267e-01
-1.405245780655608456e-01
-1.579514579622909309e-01
-1.611786578227540900e-01
-1.437517781292605434e-01
-1.347156178559654194e-01
-1.392336980295336701e-01
-1.340701778251407461e-01
-1.289066575242632240e-01
-1.347156178559654194e-01
-1.437517781292605434e-01
-1.347156178559654194e-01
-1.192250566999177863e-01
-1.185796166328891843e-01
-1.334247377928079459e-01
-1.347156178559654194e-01
-1.205159368294488331e-01
-1.250340172352633061e-01
-1.360064979130939378e-01
-1.256794572872017568e-01
-1.366519379393942302e-01
-1.637604176840472547e-01
-1.547242580642134158e-01
-1.321338577236215173e-01
-1.353610578852819657e-01
-1.469789781553014762e-01
-1.437517781292605434e-01
-1.334247377928079459e-01
-1.366519379393942302e-01
-1.482698581551762373e-01
-1.424608981083004267e-01
-1.411700180813149075e-01
-1.489152981528558684e-01
-1.456880981494048655e-01
-1.321338577236215173e-01
-1.256794572872017568e-01
-1.463335381531063462e-01
-1.605332178536702514e-01
-1.372973779641899483e-01
-1.295520975671529129e-01
-1.418154580955590660e-01
-1.469789781553014762e-01
-1.379428179874775395e-01
-1.360064979130939378e-01
-1.469789781553014762e-01
-1.508516181368566578e-01
-1.360064979130939378e-01
-1.424608981083004267e-01
-1.644058576456117748e-01
-1.482698581551762373e-01
-1.308429776484025808e-01
-1.431063381195336603e-01
-1.385882580092587801e-01
-1.411700180813149075e-01
-1.411700180813149075e-01
-1.443972181374810759e-01
-1.618240977903333544e-01
-1.489152981528558684e-01
-1.263248973376303042e-01
-1.379428179874775395e-01
-1.514970581285126627e-01
-1.392336980295336701e-01
-1.463335381531063462e-01
-1.708602571785551305e-01
-1.760237766966916695e-01
-1.489152981528558684e-01
-1.424608981083004267e-01
-1.463335381531063462e-01
-1.482698581551762373e-01
-1.437517781292605434e-01
-1.443972181374810759e-01
-1.573060179856842211e-01
-1.573060179856842211e-01
-1.508516181368566578e-01
-1.502061781436960786e-01
-1.611786578227540900e-01
-1.592423379109888515e-01
-1.534333780944496795e-01
-1.534333780944496795e-01
-1.579514579622909309e-01
-1.592423379109888515e-01
-1.534333780944496795e-01
-1.631149777209799367e-01
-1.669876174768294419e-01
-1.547242580642134158e-01
-1.482698581551762373e-01
-1.547242580642134158e-01
-1.566605780075747134e-01
-1.489152981528558684e-01
-1.482698581551762373e-01
-1.618240977903333544e-01
-1.663421775212796661e-01
-1.547242580642134158e-01
-1.585968979373930665e-01
-1.715056971235817684e-01
-1.663421775212796661e-01
-1.514970581285126627e-01
-1.521424981186623171e-01
-1.650512976056717207e-01
-1.644058576456117748e-01
-1.669876174768294419e-01
-1.792509763466991757e-01
-1.760237766966916695e-01
-1.540788180800838347e-01
-1.456880981494048655e-01
-1.534333780944496795e-01
-1.579514579622909309e-01
-1.527879381073091736e-01
-1.631149777209799367e-01
-1.760237766966916695e-01
-1.792509763466991757e-01
-1.669876174768294419e-01
-1.560151380279606315e-01
-1.721511370671038321e-01
-1.721511370671038321e-01
-1.650512976056717207e-01
-1.715056971235817684e-01
-1.715056971235817684e-01
-1.779600964912031458e-01
-1.702148172320256947e-01
-1.656967375642270923e-01
-1.605332178536702514e-01
-1.663421775212796661e-01
-1.702148172320256947e-01
-1.702148172320256947e-01
-1.747328968261729898e-01
-1.650512976056717207e-01
-1.573060179856842211e-01
-1.618240977903333544e-01
-1.631149777209799367e-01
-1.463335381531063462e-01
-1.418154580955590660e-01
-1.592423379109888515e-01
-1.708602571785551305e-01
-1.579514579622909309e-01
-1.527879381073091736e-01
-1.592423379109888515e-01
-1.585968979373930665e-01
-1.547242580642134158e-01
-1.553696980468384226e-01
-1.527879381073091736e-01
-1.502061781436960786e-01
-1.482698581551762373e-01
-1.527879381073091736e-01
-1.663421775212796661e-01
-1.618240977903333544e-01
-1.521424981186623171e-01
-1.650512976056717207e-01
-1.747328968261729898e-01
-1.644058576456117748e-01
-1.547242580642134158e-01
-1.624695377564080445e-01
-1.650512976056717207e-01
-1.469789781553014762e-01
-1.405245780655608456e-01
-1.508516181368566578e-01
-1.502061781436960786e-01
-1.398791380483004332e-01
-1.385882580092587801e-01
-1.431063381195336603e-01
-1.527879381073091736e-01
-1.450426581441970342e-01
-1.443972181374810759e-01
-1.592423379109888515e-01
-1.656967375642270923e-01
-1.618240977903333544e-01
-1.798964162721947702e-01
-2.315316054528562262e-01
-2.657399130121493869e-01
-2.747760690261316086e-01
-2.780032675317727353e-01
-3.031754145985612325e-01
-3.154387674784917550e-01
-2.870394231494941550e-01
-2.696125513396285811e-01
-2.625127143649148564e-01
-2.315316054528562262e-01
-2.115229707833368167e-01
-2.153956098638953875e-01
-2.011959329715136136e-01
-1.811872961186811182e-01
-1.727965770091266506e-01
-1.792509763466991757e-01
-1.902234548759338395e-01
-1.669876174768294419e-01
-1.598877778830818386e-01
-1.740874568886603413e-01
-1.579514579622909309e-01
-1.495607381490273724e-01
-1.585968979373930665e-01
-1.721511370671038321e-01
-1.605332178536702514e-01
-1.392336980295336701e-01
-1.450426581441970342e-01
-1.624695377564080445e-01
-1.644058576456117748e-01
-1.598877778830818386e-01
-1.695693772839916846e-01
-1.637604176840472547e-01
-1.560151380279606315e-01
-1.566605780075747134e-01
-1.650512976056717207e-01
-1.573060179856842211e-01
-1.469789781553014762e-01
-1.424608981083004267e-01
-1.398791380483004332e-01
-1.463335381531063462e-01
-1.385882580092587801e-01
-1.334247377928079459e-01
-1.443972181374810759e-01
-1.456880981494048655e-01
-1.398791380483004332e-01
-1.482698581551762373e-01
-1.553696980468384226e-01
-1.495607381490273724e-01
-1.405245780655608456e-01
-1.514970581285126627e-01
-1.656967375642270923e-01
-1.644058576456117748e-01
-1.592423379109888515e-01
-1.553696980468384226e-01
-1.605332178536702514e-01
-1.540788180800838347e-01
-1.560151380279606315e-01
-1.702148172320256947e-01
-1.715056971235817684e-01
-1.566605780075747134e-01
-1.527879381073091736e-01
-1.637604176840472547e-01
-1.637604176840472547e-01
-1.592423379109888515e-01
-1.624695377564080445e-01
-1.740874568886603413e-01
-1.663421775212796661e-01
-1.663421775212796661e-01
-1.637604176840472547e-01
-1.534333780944496795e-01
-1.534333780944496795e-01
-1.456880981494048655e-01
-1.573060179856842211e-01
-1.727965770091266506e-01
-1.624695377564080445e-01
-1.605332178536702514e-01
-1.598877778830818386e-01
-1.592423379109888515e-01
-1.560151380279606315e-01
-1.560151380279606315e-01
-1.669876174768294419e-01
-1.605332178536702514e-01
-1.495607381490273724e-01
-1.592423379109888515e-01
-1.669876174768294419e-01
-1.540788180800838347e-01
-1.411700180813149075e-01
-1.482698581551762373e-01
-1.598877778830818386e-01
-1.495607381490273724e-01
-1.379428179874775395e-01
-1.469789781553014762e-01
-1.476244181559920321e-01
-1.405245780655608456e-01
-1.489152981528558684e-01
-1.656967375642270923e-01
-1.695693772839916846e-01
-1.379428179874775395e-01
-1.372973779641899483e-01
-1.637604176840472547e-01
-1.482698581551762373e-01
-1.289066575242632240e-01
-1.379428179874775395e-01
-1.482698581551762373e-01
-1.372973779641899483e-01
-1.211613768919495016e-01
-1.256794572872017568e-01
-1.450426581441970342e-01
-1.534333780944496795e-01
-1.592423379109888515e-01
-1.727965770091266506e-01
-1.715056971235817684e-01
-1.592423379109888515e-01
-1.527879381073091736e-01
-1.592423379109888515e-01
-1.611786578227540900e-01
-1.534333780944496795e-01
-1.585968979373930665e-01
-1.721511370671038321e-01
-1.702148172320256947e-01
-1.456880981494048655e-01
-1.611786578227540900e-01
-1.740874568886603413e-01
-1.676330574308746435e-01
-1.560151380279606315e-01
-1.534333780944496795e-01
-1.605332178536702514e-01
-1.624695377564080445e-01
-1.540788180800838347e-01
-1.624695377564080445e-01
-1.734420169496448949e-01
-1.579514579622909309e-01
-1.598877778830818386e-01
-1.740874568886603413e-01
-1.798964162721947702e-01
-1.869962553535469141e-01
-1.973232936931559323e-01
-2.134592903303556000e-01
-1.999050532180586259e-01
-1.753783367621828404e-01
-1.798964162721947702e-01
-1.966778538081808136e-01
-1.915143346743839459e-01
-1.779600964912031458e-01
-1.715056971235817684e-01
-1.734420169496448949e-01
-1.715056971235817684e-01
-1.644058576456117748e-01
-1.695693772839916846e-01
-1.857053755340842827e-01
-1.831236158771485378e-01
-1.656967375642270923e-01
-1.721511370671038321e-01
-1.824781759591616037e-01
-1.747328968261729898e-01
-1.747328968261729898e-01
-1.805418561961911195e-01
-1.721511370671038321e-01
-1.514970581285126627e-01
-1.431063381195336603e-01
-1.611786578227540900e-01
-1.656967375642270923e-01
-1.553696980468384226e-01
-1.644058576456117748e-01
-1.656967375642270923e-01
-1.579514579622909309e-01
-1.566605780075747134e-01
-1.611786578227540900e-01
-1.702148172320256947e-01
-1.669876174768294419e-01
-1.560151380279606315e-01
-1.631149777209799367e-01
-1.779600964912031458e-01
-1.695693772839916846e-01
-1.495607381490273724e-01
-1.540788180800838347e-01
-1.689239373344548767e-01
-1.598877778830818386e-01
-1.547242580642134158e-01
-1.618240977903333544e-01
-1.650512976056717207e-01
-1.611786578227540900e-01
-1.540788180800838347e-01
-1.644058576456117748e-01
-1.766692166296977007e-01
-1.631149777209799367e-01
-1.611786578227540900e-01
-1.682784973834170472e-01
-1.618240977903333544e-01
-1.463335381531063462e-01
-1.353610578852819657e-01
-1.243885771818149522e-01
-1.037344946744322982e-01
-9.211657258407335291e-02
-1.037344946744322982e-01
-1.076071352623753086e-01
-9.340745284053220132e-02
-7.727144919969042292e-02
-9.340745284053220132e-02
-9.986185403207770150e-02
-8.049865000355183042e-02
-7.662600903437244426e-02
-7.598056886754278594e-02
-6.565352599216289775e-02
-5.984456420421579992e-02
-6.629896618324160329e-02
-8.114409015978374384e-02
-8.049865000355183042e-02
-6.629896618324160329e-02
-5.403560229339632315e-02
-6.823528674738277289e-02
-7.468968852933421942e-02
-6.371720540982828140e-02
-6.500808579956718347e-02
-6.888072693239699618e-02
-5.984456420421579992e-02
-5.790824358093082935e-02
-6.565352599216289775e-02
-5.919912399797055969e-02
-5.016296095122996235e-02
-5.274472185207912389e-02
-6.823528674738277289e-02
-6.113544461215347781e-02
-4.951752072222070922e-02
-4.370855859282585243e-02
-5.403560229339632315e-02
-6.307176521268509362e-02
-5.403560229339632315e-02
-5.468104251177940966e-02
-6.113544461215347781e-02
-5.145384140469033696e-02
-3.983591710488099125e-02
-4.951752072222070922e-02
-6.888072693239699618e-02
-6.307176521268509362e-02
-5.274472185207912389e-02
-5.339016207349800425e-02
-4.693575979100828022e-02
-4.499943907665482357e-02
-3.209063396487366049e-02
-3.919047685157117655e-02
-4.629031955441043067e-02
-3.660871582314229045e-02
-3.338151450340909321e-02
-5.145384140469033696e-02
-5.468104251177940966e-02
-3.660871582314229045e-02
-3.531783529980891956e-02
-5.145384140469033696e-02
-5.339016207349800425e-02
-3.273607423490076940e-02
-2.692711174991480050e-02
-4.112679760693893627e-02
-4.435399883549884237e-02
-3.144519369332599013e-02
-4.435399883549884237e-02
-4.758120002608912102e-02
-2.369991031613594146e-02
-2.047270884431817706e-02
-3.983591710488099125e-02
-5.145384140469033696e-02
-4.693575979100828022e-02
-3.789959634039519187e-02
-4.241767810291996454e-02
-4.048135735666846813e-02
-4.370855859282585243e-02
-4.499943907665482357e-02
-4.435399883549884237e-02
-4.177223785568884296e-02
-3.209063396487366049e-02
-3.273607423490076940e-02
-4.370855859282585243e-02
-3.402695477039507921e-02
-2.434535060593390199e-02
-2.111814914172427393e-02
-3.209063396487366049e-02
-4.112679760693893627e-02
-3.338151450340909321e-02
-3.854503659674435312e-02
-5.016296095122996235e-02
-3.789959634039519187e-02
-3.144519369332599013e-02
-3.983591710488099125e-02
-3.596327556223499755e-02
-2.757255203210817740e-02
-2.628167146620086214e-02
-3.789959634039519187e-02
-3.273607423490076940e-02
-2.499079089421130107e-02
-3.079975342025775831e-02
-3.338151450340909321e-02
-2.240902973197300696e-02
-1.401830578653751047e-02
-2.369991031613594146e-02
-4.112679760693893627e-02
-2.563623118096636233e-02
-1.208198483951505864e-02
-1.853638794296763592e-02
-2.499079089421130107e-02
-3.338151450340909321e-02
-3.144519369332599013e-02
-3.596327556223499755e-02
-3.273607423490076940e-02
-2.692711174991480050e-02
-2.434535060593390199e-02
-3.467239503586228011e-02
-4.048135735666846813e-02
-1.982726854538974237e-02
-1.982726854538974237e-02
-3.919047685157117655e-02
-4.177223785568884296e-02
-2.950887286955961031e-02
-2.176358943760980935e-02
-2.692711174991480050e-02
-2.434535060593390199e-02
-1.853638794296763592e-02
-2.499079089421130107e-02
-3.209063396487366049e-02
-2.305447002481564311e-02
-2.047270884431817706e-02
-3.402695477039507921e-02
-4.177223785568884296e-02
-2.692711174991480050e-02
-1.337286547238569767e-02
-1.982726854538974237e-02
-3.015431314567074139e-02
-3.467239503586228011e-02
-2.176358943760980935e-02
-2.111814914172427393e-02
-1.530918641027234628e-02
-8.209342904351046855e-03
-2.692711174991480050e-02
-3.854503659674435312e-02
-2.434535060593390199e-02
-3.045820238817498193e-03
-1.208198483951505864e-02
-3.531783529980891956e-02
-3.467239503586228011e-02
-2.240902973197300696e-02
-2.757255203210817740e-02
-2.628167146620086214e-02
-1.014566387878623743e-02
-1.401830578653751047e-02
-3.209063396487366049e-02
-2.434535060593390199e-02
-1.530918641027234628e-02
-2.692711174991480050e-02
-4.370855859282585243e-02
-3.079975342025775831e-02
-1.014566387878623743e-02
-1.660006702791783084e-02
-3.144519369332599013e-02
-2.369991031613594146e-02
-1.466374609916698546e-02
-2.628167146620086214e-02
-3.919047685157117655e-02
-1.595462671985536929e-02
-1.014566387878623743e-02
-3.919047685157117655e-02
-4.048135735666846813e-02
-2.305447002481564311e-02
-1.401830578653751047e-02
-1.595462671985536929e-02
-2.757255203210817740e-02
-3.079975342025775831e-02
-3.402695477039507921e-02
-3.725415608252902189e-02
-2.950887286955961031e-02
-9.500223555498621408e-03
-1.079110420055329200e-02
-2.499079089421130107e-02
-2.369991031613594146e-02
-1.789094763947396416e-02
-3.209063396487366049e-02
-3.660871582314229045e-02
-1.982726854538974237e-02
-1.079110420055329200e-02
-2.434535060593390199e-02
-3.144519369332599013e-02
-1.401830578653751047e-02
-6.918462247108791985e-03
-2.369991031613594146e-02
-3.402695477039507921e-02
-2.240902973197300696e-02
-1.595462671985536929e-02
-3.015431314567074139e-02
-3.015431314567074139e-02
-1.982726854538974237e-02
-2.240902973197300696e-02
-3.209063396487366049e-02
-2.886343259192969413e-02
-1.660006702791783084e-02
-2.628167146620086214e-02
-3.273607423490076940e-02
-9.500223555498621408e-03
-3.045820238817498193e-03
-2.240902973197300696e-02
-3.209063396487366049e-02
-2.240902973197300696e-02
-1.724550733445617823e-02
-2.176358943760980935e-02
-1.918182824493896987e-02
-8.854783230685114859e-03
-1.595462671985536929e-02
-2.434535060593390199e-02
-1.660006702791783084e-02
-5.627581583773633156e-03
-1.724550733445617823e-02
-2.950887286955961031e-02
-2.628167146620086214e-02
-1.982726854538974237e-02
-2.757255203210817740e-02
-2.240902973197300696e-02
-9.500223555498621408e-03
-1.789094763947396416e-02
-3.079975342025775831e-02
-2.499079089421130107e-02
-9.500223555498621408e-03
-9.500223555498621408e-03
-3.079975342025775831e-02
-2.950887286955961031e-02
-8.209342904351046855e-03
-1.014566387878623743e-02
-2.240902973197300696e-02
-2.434535060593390199e-02
-1.853638794296763592e-02
-2.757255203210817740e-02
-2.369991031613594146e-02
-2.400379898768179032e-03
-5.627581583773633156e-03
-3.015431314567074139e-02
-2.886343259192969413e-02
-1.724550733445617823e-02
-1.208198483951505864e-02
-1.918182824493896987e-02
-2.369991031613594146e-02
-2.176358943760980935e-02
-3.273607423490076940e-02
-3.079975342025775831e-02
-8.854783230685114859e-03
3.408583230266160058e-03
-1.208198483951505864e-02
-2.886343259192969413e-02
-3.209063396487366049e-02
-1.724550733445617823e-02
-1.660006702791783084e-02
-2.563623118096636233e-02
-1.789094763947396416e-02
-8.209342904351046855e-03
-1.466374609916698546e-02
-2.434535060593390199e-02
-1.724550733445617823e-02
-1.401830578653751047e-02
-2.111814914172427393e-02
-4.982141249820770668e-03
-4.640588694773128964e-04
-1.466374609916698546e-02
-2.950887286955961031e-02
-2.950887286955961031e-02
-1.918182824493896987e-02
-4.982141249820770668e-03
-1.337286547238569767e-02
-1.208198483951505864e-02
-1.079110420055329200e-02
-2.111814914172427393e-02
-2.692711174991480050e-02
-1.014566387878623743e-02
8.268218243383529398e-04
-2.176358943760980935e-02
-3.402695477039507921e-02
-1.337286547238569767e-02
-1.401830578653751047e-02
-2.434535060593390199e-02
-1.014566387878623743e-02
1.472262173534133467e-03
-1.530918641027234628e-02
-2.499079089421130107e-02
-1.401830578653751047e-02
-8.209342904351046855e-03
-1.401830578653751047e-02
-2.305447002481564311e-02
-1.466374609916698546e-02
-1.109499214098974562e-03
-1.595462671985536929e-02
-3.144519369332599013e-02
-1.853638794296763592e-02
-3.691260577342703186e-03
-1.143654452079445605e-02
-1.918182824493896987e-02
-1.208198483951505864e-02
-1.595462671985536929e-02
-2.886343259192969413e-02
-1.401830578653751047e-02
3.408583230266160058e-03
-4.336700914343794011e-03
-1.982726854538974237e-02
-1.982726854538974237e-02
-1.595462671985536929e-02
-1.595462671985536929e-02
-1.724550733445617823e-02
-8.854783230685114859e-03
-4.336700914343794011e-03
-1.595462671985536929e-02
-2.176358943760980935e-02
-3.691260577342703186e-03
3.408583230266160058e-03
-8.854783230685114859e-03
-1.079110420055329200e-02
-3.045820238817498193e-03
-3.691260577342703186e-03
-2.499079089421130107e-02
-2.886343259192969413e-02
-1.272742515671332342e-02
1.813814766684629376e-04
-2.305447002481564311e-02
-1.724550733445617823e-02
-1.337286547238569767e-02
-2.628167146620086214e-02
-2.111814914172427393e-02
-6.918462247108791985e-03
-3.691260577342703186e-03
-1.918182824493896987e-02
-1.660006702791783084e-02
