5.201271239423377324e-03
5.846711678708871318e-03
-8.352977632412716957e-03
-6.416656406269538593e-03
6.831882072457773347e-04
-5.125775581202418607e-03
-1.609826239952205640e-02
-1.287106043995045468e-02
1.036479479652818725e-02
1.359199706944025365e-02
-3.189454332142460657e-03
6.492152119522032194e-03
1.746463984743762410e-02
7.137592561866412666e-03
-3.189454332142460657e-03
1.328628635826945015e-03
1.328628635826945015e-03
-1.287106043995045468e-02
-1.416194122836067493e-02
-3.834894750024631094e-03
1.974069065937555933e-03
-6.076926453300046660e-04
-7.707537225225991051e-03
-6.076926453300046660e-04
3.264949930745331130e-03
-1.351650083491939824e-02
-1.997090470062978795e-02
-6.416656406269538593e-03
5.201271239423377324e-03
3.264949930745331130e-03
-7.707537225225991051e-03
1.974069065937555933e-03
3.264949930745331130e-03
-1.287106043995045468e-02
-1.093473924588472812e-02
1.974069065937555933e-03
5.201271239423377324e-03
-8.352977632412716957e-03
-1.093473924588472812e-02
3.910390365442495408e-03
1.165567570110326301e-02
-9.643858442203168124e-03
-9.643858442203168124e-03
9.719354346536590583e-03
8.428473451141726969e-03
-1.028929884480689338e-02
-3.834894750024631094e-03
1.423743752861561518e-02
-1.028929884480689338e-02
-1.545282201066200400e-02
-7.062096816511598263e-03
2.619509497577610091e-03
2.619509497577610091e-03
-8.352977632412716957e-03
-2.544013912730846982e-03
1.294655661179788808e-02
-9.643858442203168124e-03
-1.416194122836067493e-02
1.328628635826945015e-03
5.201271239423377324e-03
2.619509497577610091e-03
-2.544013912730846982e-03
-3.189454332142460657e-03
2.619509497577610091e-03
-3.834894750024631094e-03
-4.480335166377358291e-03
1.294655661179788808e-02
2.004640173005078907e-02
1.328628635826945015e-03
-3.189454332142460657e-03
2.619509497577610091e-03
5.201271239423377324e-03
-5.125775581202418607e-03
-1.480738162027428473e-02
4.555830801669102925e-03
7.783033005740236376e-03
6.492152119522032194e-03
5.846711678708871318e-03
6.492152119522032194e-03
1.328628635826945015e-03
-1.093473924588472812e-02
-1.028929884480689338e-02
4.555830801669102925e-03
1.328628635826945015e-03
-6.416656406269538593e-03
3.774778019405289342e-05
8.428473451141726969e-03
1.974069065937555933e-03
-8.998418038071775982e-03
-1.898573491793342782e-03
1.036479479652818725e-02
1.974069065937555933e-03
-6.416656406269538593e-03
4.555830801669102925e-03
1.681919938061149367e-02
1.165567570110326301e-02
-9.643858442203168124e-03
-5.771215994501588398e-03
3.910390365442495408e-03
-1.898573491793342782e-03
-1.545282201066200400e-02
-7.062096816511598263e-03
1.359199706944025365e-02
6.831882072457773347e-04
-1.028929884480689338e-02
5.846711678708871318e-03
1.552831845155111523e-02
1.974069065937555933e-03
-1.416194122836067493e-02
3.774778019405289342e-05
5.846711678708871318e-03
-5.771215994501588398e-03
-2.544013912730846982e-03
9.073913898074437157e-03
7.137592561866412666e-03
-7.062096816511598263e-03
-1.093473924588472812e-02
-4.480335166377358291e-03
9.719354346536590583e-03
-1.898573491793342782e-03
-1.028929884480689338e-02
9.073913898074437157e-03
1.230111615568674210e-02
-7.062096816511598263e-03
-9.643858442203168124e-03
8.428473451141726969e-03
6.831882072457773347e-04
-1.674370278685621827e-02
-1.158017964543489597e-02
3.910390365442495408e-03
6.492152119522032194e-03
6.831882072457773347e-04
1.328628635826945015e-03
8.428473451141726969e-03
1.328628635826945015e-03
-1.287106043995045468e-02
-3.189454332142460657e-03
7.137592561866412666e-03
-7.062096816511598263e-03
-1.416194122836067493e-02
4.555830801669102925e-03
2.198272315808935673e-02
3.910390365442495408e-03
-1.997090470062978795e-02
-8.352977632412716957e-03
1.036479479652818725e-02
3.910390365442495408e-03
-2.544013912730846982e-03
7.783033005740236376e-03
1.359199706944025365e-02
-1.898573491793342782e-03
-1.287106043995045468e-02
-5.125775581202418607e-03
5.846711678708871318e-03
-8.998418038071775982e-03
-5.125775581202418607e-03
1.488287798931686723e-02
1.294655661179788808e-02
1.974069065937555933e-03
-9.643858442203168124e-03
3.910390365442495408e-03
1.165567570110326301e-02
-3.834894750024631094e-03
-2.544013912730846982e-03
6.492152119522032194e-03
-6.076926453300046660e-04
5.846711678708871318e-03
9.073913898074437157e-03
1.036479479652818725e-02
2.619509497577610091e-03
-5.125775581202418607e-03
1.328628635826945015e-03
1.423743752861561518e-02
5.846711678708871318e-03
-7.062096816511598263e-03
4.555830801669102925e-03
2.133728268054468913e-02
-3.834894750024631094e-03
-1.480738162027428473e-02
1.681919938061149367e-02
1.746463984743762410e-02
-2.544013912730846982e-03
-7.707537225225991051e-03
-6.076926453300046660e-04
6.492152119522032194e-03
6.831882072457773347e-04
1.974069065937555933e-03
7.783033005740236376e-03
6.492152119522032194e-03
-1.480738162027428473e-02
-1.480738162027428473e-02
-3.189454332142460657e-03
1.974069065937555933e-03
-2.544013912730846982e-03
-1.253133069324618987e-03
-9.643858442203168124e-03
-5.125775581202418607e-03
-1.803458355694509407e-02
-8.998418038071775982e-03
1.681919938061149367e-02
7.137592561866412666e-03
-9.643858442203168124e-03
-8.352977632412716957e-03
1.328628635826945015e-03
3.264949930745331130e-03
-3.834894750024631094e-03
-6.076926453300046660e-04
7.783033005740236376e-03
-5.771215994501588398e-03
-1.803458355694509407e-02
6.831882072457773347e-04
6.492152119522032194e-03
-5.771215994501588398e-03
-2.061634507880505396e-02
-7.707537225225991051e-03
1.165567570110326301e-02
1.974069065937555933e-03
-4.480335166377358291e-03
6.492152119522032194e-03
1.359199706944025365e-02
3.774778019405289342e-05
-1.803458355694509407e-02
1.974069065937555933e-03
1.746463984743762410e-02
-7.062096816511598263e-03
-8.352977632412716957e-03
7.137592561866412666e-03
5.201271239423377324e-03
6.831882072457773347e-04
3.910390365442495408e-03
1.036479479652818725e-02
5.846711678708871318e-03
-4.480335166377358291e-03
-5.771215994501588398e-03
9.719354346536590583e-03
7.137592561866412666e-03
-8.352977632412716957e-03
3.264949930745331130e-03
2.327360411777057436e-02
5.201271239423377324e-03
6.831882072457773347e-04
3.910390365442495408e-03
1.359199706944025365e-02
-3.834894750024631094e-03
-1.932546432092685507e-02
6.831882072457773347e-04
1.101023524805277987e-02
-1.222562004345562059e-02
-1.416194122836067493e-02
4.555830801669102925e-03
1.359199706944025365e-02
-1.898573491793342782e-03
-1.093473924588472812e-02
-6.076926453300046660e-04
5.201271239423377324e-03
-4.480335166377358291e-03
-1.287106043995045468e-02
3.774778019405289342e-05
1.940096125710155661e-02
-6.076926453300046660e-04
-3.189454332142460657e-03
1.811008031579497413e-02
1.294655661179788808e-02
-3.834894750024631094e-03
1.328628635826945015e-03
4.555830801669102925e-03
-5.125775581202418607e-03
-6.416656406269538593e-03
-1.222562004345562059e-02
-8.352977632412716957e-03
-3.189454332142460657e-03
-5.771215994501588398e-03
2.619509497577610091e-03
3.910390365442495408e-03
-4.480335166377358291e-03
-1.028929884480689338e-02
-2.544013912730846982e-03
1.101023524805277987e-02
-7.062096816511598263e-03
-1.997090470062978795e-02
-2.544013912730846982e-03
-1.253133069324618987e-03
-1.158017964543489597e-02
-8.352977632412716957e-03
7.137592561866412666e-03
1.101023524805277987e-02
-8.352977632412716957e-03
-1.480738162027428473e-02
-2.544013912730846982e-03
1.101023524805277987e-02
-6.076926453300046660e-04
-5.125775581202418607e-03
5.201271239423377324e-03
-3.834894750024631094e-03
-2.319810657625076544e-02
-2.061634507880505396e-02
-6.076926453300046660e-04
1.101023524805277987e-02
6.831882072457773347e-04
-1.351650083491939824e-02
-4.578851863814570322e-02
-8.128773382471976561e-02
-9.871461959819782805e-02
-1.038781410965121665e-01
-1.025872607310276408e-01
-1.380864685748299792e-01
-1.606768711851813691e-01
-1.580951109804455967e-01
-1.464771897603220907e-01
-1.613223112325936626e-01
-1.813309519546226767e-01
-1.742311118641914902e-01
-1.671312715914385905e-01
-1.826218319514865129e-01
-1.890762318454690671e-01
-1.793946319480355100e-01
-1.774583119278911880e-01
-1.961760715550386891e-01
-1.987578314043023653e-01
-1.845581519354873024e-01
-1.903671118062053580e-01
-2.039213510306563393e-01
-2.000487113199103106e-01
-2.019850311820476918e-01
-2.065031108077572952e-01
-2.265117482654641634e-01
-2.200573492431949774e-01
-2.026304711330855213e-01
-2.290935078323617091e-01
-2.439386248764670029e-01
-2.342570268941663869e-01
-2.219936689656325512e-01
-2.194119093327149272e-01
-2.297389477203353181e-01
-2.258663083699889995e-01
-2.168301496757791824e-01
-2.316752673752606739e-01
-2.542656623527541626e-01
-2.491021436625260321e-01
-2.426477451649731165e-01
-2.439386248764670029e-01
-2.426477451649731165e-01
-2.258663083699889995e-01
-2.271571881594383058e-01
-2.497475835040443570e-01
-2.574928614854989917e-01
-2.316752673752606739e-01
-2.226391088701120680e-01
-2.400659857240086126e-01
-2.516839030196162952e-01
-2.381296661275502657e-01
-2.361933465176040414e-01
-2.549111021822945133e-01
-2.600746207647635089e-01
-2.374842262590668440e-01
-2.219936689656325512e-01
-2.439386248764670029e-01
-2.503930233440652131e-01
-2.336115870166892705e-01
-2.290935078323617091e-01
-2.420023053069790819e-01
-2.420023053069790819e-01
-2.349024667701442581e-01
-2.290935078323617091e-01
-2.310298274917865768e-01
-2.316752673752606739e-01
-2.290935078323617091e-01
-2.361933465176040414e-01
-2.574928614854989917e-01
-2.503930233440652131e-01
-2.271571881594383058e-01
-2.226391088701120680e-01
-2.394205458600211500e-01
-2.407114255864986063e-01
-2.265117482654641634e-01
-2.387751059945362186e-01
-2.452295045819674613e-01
-2.329661471377111326e-01
-2.465203842814780444e-01
-2.768560554967685050e-01
-2.955738084296246626e-01
-2.813741339058601909e-01
-2.607200605808390748e-01
-2.652381392514868708e-01
-2.568474216619431871e-01
-2.213482290596537894e-01
-2.039213510306563393e-01
-2.129575101453298203e-01
-2.097303104953223141e-01
-1.942397516523008960e-01
-2.039213510306563393e-01
-2.084394306248036344e-01
-1.929488717096194961e-01
-1.897216718265912760e-01
-2.097303104953223141e-01
-2.239299886745644841e-01
-2.129575101453298203e-01
-1.864944719059398182e-01
-1.903671118062053580e-01
-1.903671118062053580e-01
-1.703584717380248748e-01
-1.703584717380248748e-01
-1.839127119423267231e-01
-1.864944719059398182e-01
-1.748765518799455521e-01
-1.729402318281643147e-01
-1.826218319514865129e-01
-1.897216718265912760e-01
-1.742311118641914902e-01
-1.651949514853967571e-01
-1.755219918941897106e-01
-1.748765518799455521e-01
-1.561587908110517731e-01
-1.542224706280794777e-01
-1.710039117628205929e-01
-1.671312715914385905e-01
-1.535770305640671296e-01
-1.497043901483081640e-01
-1.561587908110517731e-01
-1.535770305640671296e-01
-1.464771897603220907e-01
-1.522861504315198289e-01
-1.690675916839126103e-01
-1.690675916839126103e-01
-1.664858315575994396e-01
-1.768128719181643049e-01
-1.897216718265912760e-01
-1.600314311362609487e-01
-1.342138279415472368e-01
-1.484135099976420236e-01
-1.587405510338939507e-01
-1.438954294227485775e-01
-1.451863095945551407e-01
-1.703584717380248748e-01
-1.742311118641914902e-01
-1.503498302213763793e-01
-1.387319086750871122e-01
-1.516407103629813236e-01
-1.548679106905801461e-01
-1.438954294227485775e-01
-1.445408695094076990e-01
-1.568042308690262843e-01
-1.580951109804455967e-01
-1.380864685748299792e-01
-1.393773487738343420e-01
-1.600314311362609487e-01
-1.651949514853967571e-01
-1.677767116237713907e-01
-1.903671118062053580e-01
-2.278026280519132030e-01
-2.491021436625260321e-01
-2.497475835040443570e-01
-2.697562178488617235e-01
-3.020282057017293909e-01
-2.923466097376437034e-01
-2.768560554967685050e-01
-2.691107780537222993e-01
-2.581383013075591037e-01
-2.316752673752606739e-01
-2.097303104953223141e-01
-2.071485507482755395e-01
-2.168301496757791824e-01
-1.961760715550386891e-01
-1.787491919428276788e-01
-1.929488717096194961e-01
-1.968215115196105813e-01
-1.781037519361117205e-01
-1.729402318281643147e-01
-1.864944719059398182e-01
-1.916579917609215755e-01
-1.710039117628205929e-01
-1.697130317117245824e-01
-1.890762318454690671e-01
-1.877853518787144793e-01
-1.722947918078894247e-01
-1.735856718469310778e-01
-1.877853518787144793e-01
-1.806855119539321208e-01
-1.645495114470332254e-01
-1.697130317117245824e-01
-1.761674319069310712e-01
-1.593859910858324014e-01
-1.451863095945551407e-01
-1.535770305640671296e-01
-1.671312715914385905e-01
-1.542224706280794777e-01
-1.419591091537064642e-01
-1.522861504315198289e-01
-1.587405510338939507e-01
-1.509952702929329149e-01
-1.600314311362609487e-01
-1.664858315575994396e-01
-1.619677512784978290e-01
-1.574496709254908922e-01
-1.574496709254908922e-01
-1.684221516545960640e-01
-1.716493517861081841e-01
-1.671312715914385905e-01
-1.697130317117245824e-01
-1.845581519354873024e-01
-1.858490319172929617e-01
-1.735856718469310778e-01
-1.793946319480355100e-01
-1.884307918628440603e-01
-1.813309519546226767e-01
-1.703584717380248748e-01
-1.800400719517369907e-01
-1.981123914442424194e-01
-1.897216718265912760e-01
-1.735856718469310778e-01
-1.826218319514865129e-01
-1.923034317360237111e-01
-1.768128719181643049e-01
-1.703584717380248748e-01
-1.813309519546226767e-01
-1.864944719059398182e-01
-1.703584717380248748e-01
-1.742311118641914902e-01
-1.935943116817124832e-01
-1.929488717096194961e-01
-1.761674319069310712e-01
-1.703584717380248748e-01
-1.781037519361117205e-01
-1.684221516545960640e-01
-1.548679106905801461e-01
-1.651949514853967571e-01
-1.813309519546226767e-01
-1.690675916839126103e-01
-1.535770305640671296e-01
-1.664858315575994396e-01
-1.800400719517369907e-01
-1.684221516545960640e-01
-1.645495114470332254e-01
-1.955306315889639990e-01
-2.374842262590668440e-01
-2.336115870166892705e-01
-2.181210295072499861e-01
-2.213482290596537894e-01
-2.219936689656325512e-01
-1.974669514826778993e-01
-1.813309519546226767e-01
-1.858490319172929617e-01
-1.864944719059398182e-01
-1.942397516523008960e-01
-2.207027891521775587e-01
-2.600746207647635089e-01
-2.781469350496905690e-01
-2.626563800200898413e-01
-2.381296661275502657e-01
-2.316752673752606739e-01
-2.148938299173117628e-01
-2.019850311820476918e-01
-2.058576708657344767e-01
-2.097303104953223141e-01
-2.013395912295052881e-01
-1.884307918628440603e-01
-1.910125517843148657e-01
-2.026304711330855213e-01
-1.897216718265912760e-01
-1.774583119278911880e-01
-1.813309519546226767e-01
-1.800400719517369907e-01
-1.722947918078894247e-01
-1.690675916839126103e-01
-1.832672719476580170e-01
-1.994032713628577369e-01
-1.961760715550386891e-01
-1.858490319172929617e-01
-1.897216718265912760e-01
-1.890762318454690671e-01
-1.664858315575994396e-01
-1.651949514853967571e-01
-1.845581519354873024e-01
-1.813309519546226767e-01
-1.574496709254908922e-01
-1.561587908110517731e-01
-1.639040714071615668e-01
-1.619677512784978290e-01
-1.600314311362609487e-01
-1.664858315575994396e-01
-1.839127119423267231e-01
-1.768128719181643049e-01
-1.542224706280794777e-01
-1.606768711851813691e-01
-1.774583119278911880e-01
-1.729402318281643147e-01
-1.619677512784978290e-01
-1.632586313657835575e-01
-1.690675916839126103e-01
-1.529315904985484309e-01
-1.535770305640671296e-01
-1.716493517861081841e-01
-1.832672719476580170e-01
-1.658403915222521618e-01
-1.619677512784978290e-01
-1.742311118641914902e-01
-1.684221516545960640e-01
-1.580951109804455967e-01
-1.535770305640671296e-01
-1.580951109804455967e-01
-1.445408695094076990e-01
-1.200141451537444226e-01
-1.154960641131292931e-01
-1.238867859866683574e-01
-1.200141451537444226e-01
-1.064599018092913241e-01
-1.142051838021824750e-01
-1.083962223279648640e-01
-9.096933716876520748e-02
-8.838757631041005425e-02
-9.742373920845892599e-02
-1.064599018092913241e-01
-1.032327009145284080e-01
-7.418789115529911271e-02
-7.354245090351163583e-02
-7.935141311492266425e-02
-7.289701065020182114e-02
-7.547877165431948754e-02
-8.386949474986060693e-02
-8.257861429032686829e-02
-6.708804830203973779e-02
-6.256996639056033871e-02
-7.160613013902583646e-02
-6.773348856902572379e-02
-6.837892883449292469e-02
-8.322405452085135380e-02
-9.290565779660120427e-02
-7.741509239145649701e-02
-5.159748143810460874e-02
-5.288836204356961446e-02
-6.450628721888840289e-02
-6.837892883449292469e-02
-6.708804830203973779e-02
-5.353380234402038695e-02
-6.192452611140986107e-02
-5.611556353060365154e-02
-4.320675735412926599e-02
-5.740644411476658604e-02
-7.354245090351163583e-02
-5.934276497959700691e-02
-4.256131702931575944e-02
-4.062499604573943657e-02
-4.320675735412926599e-02
-4.127043637512173291e-02
-4.772483958516815505e-02
-7.289701065020182114e-02
-6.773348856902572379e-02
-4.449763799918393659e-02
-3.868867504845141525e-02
-5.611556353060365154e-02
-5.417924264294882164e-02
-4.578851863814570322e-02
-4.966116051848601387e-02
-5.547012323624045393e-02
-4.901572020890299086e-02
-3.287971197429229164e-02
-3.739779437597334777e-02
-5.417924264294882164e-02
-4.772483958516815505e-02
-4.837027989779763004e-02
-6.192452611140986107e-02
-5.934276497959700691e-02
-4.449763799918393659e-02
-3.029795056836448452e-02
-4.191587670298169144e-02
-5.417924264294882164e-02
-3.997955571483302606e-02
-3.352515232196218165e-02
-4.385219767741688202e-02
-5.611556353060365154e-02
-4.707939927101634225e-02
-3.997955571483302606e-02
-4.578851863814570322e-02
-5.288836204356961446e-02
-2.965251021307047097e-02
-3.933411538240427774e-02
-5.288836204356961446e-02
-3.610691369739882362e-02
-3.352515232196218165e-02
-3.675235403744814278e-02
-4.901572020890299086e-02
-4.707939927101634225e-02
-2.965251021307047097e-02
-4.514307831942510063e-02
-5.482468294035491851e-02
-4.707939927101634225e-02
-4.062499604573943657e-02
-3.804323471297443859e-02
-4.062499604573943657e-02
-3.481603301272961914e-02
-2.836162949790832499e-02
-4.062499604573943657e-02
-4.707939927101634225e-02
-3.029795056836448452e-02
-2.126178545545620580e-02
-3.223427162509651112e-02
-3.675235403744814278e-02
-3.158883127437839278e-02
-3.739779437597334777e-02
-4.837027989779763004e-02
-3.933411538240427774e-02
-2.577986804928222853e-02
-3.739779437597334777e-02
-4.707939927101634225e-02
-3.739779437597334777e-02
-3.094339092213260756e-02
-4.256131702931575944e-02
-4.578851863814570322e-02
-3.417059266810795748e-02
-2.900706985625234324e-02
-3.675235403744814278e-02
-4.385219767741688202e-02
-3.029795056836448452e-02
-2.255266620417728518e-02
-2.707074877664616963e-02
-3.675235403744814278e-02
-3.417059266810795748e-02
-2.513442768331408672e-02
-3.287971197429229164e-02
-4.256131702931575944e-02
-2.771618913804019257e-02
-2.190722583057969075e-02
-3.546147335582716664e-02
-3.417059266810795748e-02
-1.868002393969980801e-02
-2.577986804928222853e-02
-4.256131702931575944e-02
-4.191587670298169144e-02
-3.868867504845141525e-02
-2.836162949790832499e-02
-2.642530841372625616e-02
-3.029795056836448452e-02
-2.255266620417728518e-02
-3.223427162509651112e-02
-4.772483958516815505e-02
-3.868867504845141525e-02
-2.384354694679657882e-02
-3.158883127437839278e-02
-3.868867504845141525e-02
-3.094339092213260756e-02
-1.803458355694509407e-02
-2.707074877664616963e-02
-3.997955571483302606e-02
-3.029795056836448452e-02
-1.287106043995045468e-02
-3.223427162509651112e-02
-3.546147335582716664e-02
-1.738914317266271325e-02
-2.448898731581827803e-02
-4.449763799918393659e-02
-2.836162949790832499e-02
-1.028929884480689338e-02
-1.932546432092685507e-02
-3.029795056836448452e-02
-2.255266620417728518e-02
-1.932546432092685507e-02
-2.384354694679657882e-02
-3.094339092213260756e-02
-1.738914317266271325e-02
-7.062096816511598263e-03
-1.803458355694509407e-02
-2.900706985625234324e-02
-2.319810657625076544e-02
-1.222562004345562059e-02
-2.448898731581827803e-02
-3.287971197429229164e-02
-1.545282201066200400e-02
-1.351650083491939824e-02
-3.417059266810795748e-02
-3.094339092213260756e-02
-1.028929884480689338e-02
-1.738914317266271325e-02
-3.868867504845141525e-02
-3.675235403744814278e-02
-1.222562004345562059e-02
-8.998418038071775982e-03
-2.513442768331408672e-02
-2.255266620417728518e-02
-1.028929884480689338e-02
-1.480738162027428473e-02
-3.352515232196218165e-02
-3.094339092213260756e-02
-1.738914317266271325e-02
-3.158883127437839278e-02
-4.256131702931575944e-02
-1.868002393969980801e-02
-6.416656406269538593e-03
-1.932546432092685507e-02
-2.900706985625234324e-02
-1.545282201066200400e-02
-8.998418038071775982e-03
-2.642530841372625616e-02
-2.061634507880505396e-02
-4.480335166377358291e-03
-1.222562004345562059e-02
-2.384354694679657882e-02
-1.868002393969980801e-02
-7.707537225225991051e-03
-1.222562004345562059e-02
-3.352515232196218165e-02
-2.319810657625076544e-02
1.974069065937555933e-03
-8.998418038071775982e-03
-1.932546432092685507e-02
-2.642530841372625616e-02
-2.384354694679657882e-02
-2.061634507880505396e-02
-2.900706985625234324e-02
-1.416194122836067493e-02
5.201271239423377324e-03
-7.707537225225991051e-03
-2.771618913804019257e-02
-2.900706985625234324e-02
-1.609826239952205640e-02
-2.255266620417728518e-02
-3.352515232196218165e-02
-1.932546432092685507e-02
-2.544013912730846982e-03
-1.545282201066200400e-02
-3.417059266810795748e-02
-1.997090470062978795e-02
-1.868002393969980801e-02
-3.029795056836448452e-02
-2.126178545545620580e-02
-3.834894750024631094e-03
-1.158017964543489597e-02
-3.094339092213260756e-02
-2.513442768331408672e-02
-1.028929884480689338e-02
-1.674370278685621827e-02
-2.448898731581827803e-02
-1.287106043995045468e-02
-1.898573491793342782e-03
-1.416194122836067493e-02
-2.126178545545620580e-02
-1.158017964543489597e-02
-1.480738162027428473e-02
-3.610691369739882362e-02
-3.287971197429229164e-02
-1.674370278685621827e-02
-7.707537225225991051e-03
-1.997090470062978795e-02
-2.061634507880505396e-02
-8.998418038071775982e-03
-1.545282201066200400e-02
-3.223427162509651112e-02
-2.384354694679657882e-02
-1.416194122836067493e-02
-1.287106043995045468e-02
-1.803458355694509407e-02
-1.545282201066200400e-02
-1.738914317266271325e-02
-2.965251021307047097e-02
-2.448898731581827803e-02
-1.545282201066200400e-02
-1.093473924588472812e-02
-1.738914317266271325e-02
-2.771618913804019257e-02
-2.319810657625076544e-02
-8.998418038071775982e-03
-1.674370278685621827e-02
-2.771618913804019257e-02
-1.868002393969980801e-02
-1.287106043995045468e-02
-2.707074877664616963e-02
-3.546147335582716664e-02
-1.093473924588472812e-02
-4.480335166377358291e-03
-2.771618913804019257e-02
-1.932546432092685507e-02
3.264949930745331130e-03
-8.352977632412716957e-03
-2.642530841372625616e-02
-1.093473924588472812e-02
-7.062096816511598263e-03
-2.642530841372625616e-02
-3.352515232196218165e-02
-1.932546432092685507e-02
-1.287106043995045468e-02
-2.190722583057969075e-02
-2.255266620417728518e-02
-7.707537225225991051e-03
-6.416656406269538593e-03
-3.094339092213260756e-02
-2.771618913804019257e-02
-8.998418038071775982e-03
-8.352977632412716957e-03
-1.997090470062978795e-02
-2.771618913804019257e-02
-1.416194122836067493e-02
-8.352977632412716957e-03
-2.836162949790832499e-02
-1.997090470062978795e-02
-1.253133069324618987e-03
-7.707537225225991051e-03
-2.642530841372625616e-02
-2.448898731581827803e-02
-1.093473924588472812e-02
-1.158017964543489597e-02
-1.868002393969980801e-02
-1.545282201066200400e-02
-1.416194122836067493e-02
-2.642530841372625616e-02
-2.900706985625234324e-02
-1.351650083491939824e-02
-4.480335166377358291e-03
-2.061634507880505396e-02
-1.997090470062978795e-02
-9.643858442203168124e-03
-1.222562004345562059e-02
-2.190722583057969075e-02
-2.126178545545620580e-02
-1.898573491793342782e-03
1.974069065937555933e-03
-1.416194122836067493e-02
-1.480738162027428473e-02
-7.707537225225991051e-03
-2.319810657625076544e-02
-2.836162949790832499e-02
-1.287106043995045468e-02
-5.771215994501588398e-03
-1.028929884480689338e-02
-1.093473924588472812e-02
-8.998418038071775982e-03
-1.997090470062978795e-02
-1.351650083491939824e-02
-9.643858442203168124e-03
-7.062096816511598263e-03
-8.998418038071775982e-03
-1.738914317266271325e-02
-1.609826239952205640e-02
-2.126178545545620580e-02
-2.448898731581827803e-02
-2.642530841372625616e-02
-9.643858442203168124e-03
4.555830801669102925e-03
