-1.255393070621302343e-02
-1.255393070621302343e-02
1.645758470417035824e-03
6.809281990813431662e-03
2.291198905114200102e-03
1.000318037249314784e-03
-9.360032530825179720e-04
-2.872324529652914293e-03
-4.808645792470755964e-03
6.163841545411941070e-03
2.359073410845269336e-02
1.584544838710932879e-02
-2.872324529652914293e-03
-8.681288276839893570e-03
-2.872324529652914293e-03
-7.390407454829883704e-03
-1.319937110576319128e-02
2.291198905114200102e-03
1.068192469535844680e-02
-2.905628245013502919e-04
-6.744967041530713914e-03
-2.905628245013502919e-04
1.000318037249314784e-03
-2.872324529652914293e-03
4.227520218380576011e-03
1.520000792028319836e-02
1.068192469535844680e-02
3.548776056092606268e-04
-2.905628245013502919e-04
-1.581443680134242413e-03
-1.581443680134242413e-03
-6.744967041530713914e-03
-3.517764952121638089e-03
4.872960659193736888e-03
-3.517764952121638089e-03
-9.326728685554286358e-03
3.548776056092606268e-04
1.645758470417035824e-03
-9.360032530825179720e-04
-4.808645792470755964e-03
1.000318037249314784e-03
1.713632932535524844e-02
1.390912699122281992e-02
-6.099526626705653598e-03
-1.581443680134242413e-03
8.100162886208295276e-03
-1.581443680134242413e-03
-8.681288276839893570e-03
6.163841545411941070e-03
8.745603336199891942e-03
-6.744967041530713914e-03
-1.190849030513518869e-02
3.582079779095082017e-03
1.390912699122281992e-02
-1.255393070621302343e-02
3.548776056092606268e-04
1.261824606828731987e-02
7.454722437746141850e-03
-1.581443680134242413e-03
-6.099526626705653598e-03
3.582079779095082017e-03
-3.517764952121638089e-03
-1.513569229524769355e-02
-3.517764952121638089e-03
8.100162886208295276e-03
4.872960659193736888e-03
-5.454086210352926400e-03
6.809281990813431662e-03
1.455456745498828752e-02
2.291198905114200102e-03
-8.681288276839893570e-03
2.291198905114200102e-03
1.261824606828731987e-02
1.000318037249314784e-03
-6.744967041530713914e-03
9.391043787724484559e-03
1.778176979677326131e-02
-4.808645792470755964e-03
-1.061760949840007129e-02
6.163841545411941070e-03
8.745603336199891942e-03
-2.226884105658299973e-03
-4.808645792470755964e-03
1.003648424077496770e-02
4.227520218380576011e-03
-1.319937110576319128e-02
-3.517764952121638089e-03
4.872960659193736888e-03
-2.226884105658299973e-03
-5.454086210352926400e-03
6.809281990813431662e-03
1.261824606828731987e-02
-2.226884105658299973e-03
-7.390407454829883704e-03
-2.905628245013502919e-04
1.261824606828731987e-02
6.809281990813431662e-03
-2.226884105658299973e-03
6.809281990813431662e-03
1.584544838710932879e-02
-6.099526626705653598e-03
-1.255393070621302343e-02
6.809281990813431662e-03
1.261824606828731987e-02
-4.808645792470755964e-03
-1.384481150378391590e-02
4.872960659193736888e-03
6.163841545411941070e-03
-9.972169092741012264e-03
-1.581443680134242413e-03
1.003648424077496770e-02
1.003648424077496770e-02
-1.581443680134242413e-03
-9.360032530825179720e-04
3.582079779095082017e-03
-2.905628245013502919e-04
5.518401101538117359e-03
-2.905628245013502919e-04
-1.581443680134242413e-03
-5.454086210352926400e-03
-1.900833463299100856e-02
-1.126304990253146343e-02
4.227520218380576011e-03
3.548776056092606268e-04
-6.099526626705653598e-03
6.163841545411941070e-03
1.649088885546667882e-02
4.227520218380576011e-03
-1.642657308060258003e-02
-5.454086210352926400e-03
4.227520218380576011e-03
3.548776056092606268e-04
-4.163205373059142289e-03
7.454722437746141850e-03
1.455456745498828752e-02
-3.517764952121638089e-03
-9.326728685554286358e-03
1.068192469535844680e-02
1.003648424077496770e-02
3.548776056092606268e-04
-3.517764952121638089e-03
8.745603336199891942e-03
1.197280560911195835e-02
2.936639341340807619e-03
-3.517764952121638089e-03
4.227520218380576011e-03
3.582079779095082017e-03
-9.972169092741012264e-03
-7.390407454829883704e-03
3.582079779095082017e-03
-3.517764952121638089e-03
-1.126304990253146343e-02
4.872960659193736888e-03
1.326368652898857192e-02
-2.872324529652914293e-03
-6.099526626705653598e-03
4.872960659193736888e-03
1.584544838710932879e-02
6.809281990813431662e-03
-5.454086210352926400e-03
-1.581443680134242413e-03
2.936639341340807619e-03
-3.517764952121638089e-03
-5.454086210352926400e-03
2.936639341340807619e-03
-2.905628245013502919e-04
-9.972169092741012264e-03
-7.390407454829883704e-03
8.100162886208295276e-03
1.649088885546667882e-02
-2.226884105658299973e-03
2.936639341340807619e-03
1.197280560911195835e-02
2.291198905114200102e-03
-6.744967041530713914e-03
-8.681288276839893570e-03
6.809281990813431662e-03
4.227520218380576011e-03
-1.126304990253146343e-02
-2.905628245013502919e-04
4.872960659193736888e-03
-3.517764952121638089e-03
-3.517764952121638089e-03
4.227520218380576011e-03
1.455456745498828752e-02
1.000318037249314784e-03
1.645758470417035824e-03
6.163841545411941070e-03
1.132736515146959277e-02
2.291198905114200102e-03
-8.681288276839893570e-03
-9.360032530825179720e-04
1.000318037249314784e-03
-4.163205373059142289e-03
-2.872324529652914293e-03
6.809281990813431662e-03
9.391043787724484559e-03
-8.681288276839893570e-03
-6.099526626705653598e-03
8.745603336199891942e-03
-1.581443680134242413e-03
-9.326728685554286358e-03
3.548776056092606268e-04
1.971809122021639382e-02
1.261824606828731987e-02
-4.163205373059142289e-03
8.745603336199891942e-03
2.036353169776106142e-02
4.872960659193736888e-03
-1.061760949840007129e-02
-2.905628245013502919e-04
1.068192469535844680e-02
1.000318037249314784e-03
-1.255393070621302343e-02
-2.872324529652914293e-03
1.132736515146959277e-02
2.291198905114200102e-03
-7.390407454829883704e-03
1.645758470417035824e-03
1.068192469535844680e-02
-9.360032530825179720e-04
-7.390407454829883704e-03
7.454722437746141850e-03
1.068192469535844680e-02
-4.808645792470755964e-03
-1.513569229524769355e-02
4.872960659193736888e-03
1.197280560911195835e-02
-8.035847866597833900e-03
-1.319937110576319128e-02
6.809281990813431662e-03
5.518401101538117359e-03
-1.061760949840007129e-02
-1.449025190027874999e-02
2.291198905114200102e-03
-2.872324529652914293e-03
-1.449025190027874999e-02
-9.360032530825179720e-04
1.778176979677326131e-02
-9.326728685554286358e-03
-6.744967041530713914e-03
8.100162886208295276e-03
7.454722437746141850e-03
3.548776056092606268e-04
-1.319937110576319128e-02
-3.517764952121638089e-03
1.326368652898857192e-02
-1.190849030513518869e-02
-1.319937110576319128e-02
3.548776056092606268e-04
4.872960659193736888e-03
3.548776056092606268e-04
-2.905628245013502919e-04
2.936639341340807619e-03
-2.872324529652914293e-03
-8.681288276839893570e-03
1.645758470417035824e-03
1.649088885546667882e-02
8.100162886208295276e-03
-7.390407454829883704e-03
-3.517764952121638089e-03
5.518401101538117359e-03
3.548776056092606268e-04
-1.513569229524769355e-02
-1.319937110576319128e-02
-2.872324529652914293e-03
-2.226884105658299973e-03
-1.126304990253146343e-02
-4.163205373059142289e-03
4.227520218380576011e-03
6.809281990813431662e-03
6.809281990813431662e-03
5.518401101538117359e-03
4.872960659193736888e-03
-8.035847866597833900e-03
-4.808645792470755964e-03
4.227520218380576011e-03
7.454722437746141850e-03
-4.163205373059142289e-03
-6.744967041530713914e-03
8.745603336199891942e-03
9.391043787724484559e-03
-6.744967041530713914e-03
-4.808645792470755964e-03
9.391043787724484559e-03
6.163841545411941070e-03
-1.126304990253146343e-02
-6.744967041530713914e-03
1.068192469535844680e-02
8.100162886208295276e-03
-1.581443680134242413e-03
3.548776056092606268e-04
6.163841545411941070e-03
2.936639341340807619e-03
-8.681288276839893570e-03
1.645758470417035824e-03
-1.581443680134242413e-03
-7.390407454829883704e-03
-1.900833463299100856e-02
-3.966242617330273390e-02
-4.418050848964405475e-02
-6.418915785088863402e-02
-9.968837086441517670e-02
-9.775205027298383698e-02
-1.119517342933313842e-01
-1.377693397253185736e-01
-1.403511001354154075e-01
-1.300240583498997182e-01
-1.177606957266590371e-01
-1.216333366140727179e-01
-1.293786182254521577e-01
-1.093699736169160275e-01
-9.775205027298383698e-02
-1.061427727373072116e-01
-1.061427727373072116e-01
-9.194308841678200395e-02
-9.258852862909350279e-02
-1.054973325568404618e-01
-1.016246914422005432e-01
-9.452484925692949957e-02
-1.106608539581550588e-01
-1.125971744586493628e-01
-1.016246914422005432e-01
-8.161604481336937056e-02
-8.871588733245694414e-02
-1.138880547847378466e-01
-1.184061358783434770e-01
-1.145334949455101281e-01
-1.119517342933313842e-01
-1.145334949455101281e-01
-1.093699736169160275e-01
-1.016246914422005432e-01
-1.184061358783434770e-01
-1.403511001354154075e-01
-1.300240583498997182e-01
-1.164698154187426837e-01
-1.145334949455101281e-01
-1.158243752625107703e-01
-1.074336530936967904e-01
-1.067882129162605054e-01
-1.145334949455101281e-01
-1.293786182254521577e-01
-1.332512589494516675e-01
-1.519690216817046746e-01
-1.952135031420407785e-01
-2.010224628231860322e-01
-1.777866233672593665e-01
-1.745594232884926100e-01
-1.777866233672593665e-01
-1.777866233672593665e-01
-1.861773433958155977e-01
-2.216765407035232727e-01
-2.526576546429168957e-01
-2.332944588355889692e-01
-2.029587826898335834e-01
-1.900499833231723557e-01
-1.816592634120652860e-01
-1.616506225965892440e-01
-1.480963812206503860e-01
-1.480963812206503860e-01
-1.551962220243954249e-01
-1.409965402341626373e-01
-1.371238996190164983e-01
-1.539053418918481242e-01
-1.532599018233096189e-01
-1.338966990648255972e-01
-1.313149385942580238e-01
-1.397056600351582745e-01
-1.351875792910366414e-01
-1.196970161771773178e-01
-1.300240583498997182e-01
-1.455146208830768728e-01
-1.442237407052253673e-01
-1.332512589494516675e-01
-1.390602199333912381e-01
-1.409965402341626373e-01
-1.300240583498997182e-01
-1.229242168977666694e-01
-1.326058188325660581e-01
-1.493872613803741700e-01
-1.526144617532612102e-01
-1.506781415340583408e-01
-1.513235816086364594e-01
-1.442237407052253673e-01
-1.248605373119602291e-01
-1.229242168977666694e-01
-1.364784595112009669e-01
-1.455146208830768728e-01
-1.403511001354154075e-01
-1.255059774469966527e-01
-1.416419803313964110e-01
-1.558416620884077730e-01
-1.390602199333912381e-01
-1.461600609697359943e-01
-1.500327014579703189e-01
-1.416419803313964110e-01
-1.390602199333912381e-01
-1.448691807949060717e-01
-1.474509411385227509e-01
-1.416419803313964110e-01
-1.332512589494516675e-01
-1.358330194018755321e-01
-1.397056600351582745e-01
-1.338966990648255972e-01
-1.261514175805231730e-01
-1.377693397253185736e-01
-1.448691807949060717e-01
-1.306694984728355990e-01
-1.113062941265017258e-01
-1.242150971754085731e-01
-1.429328605213342485e-01
-1.422874204271202814e-01
-1.196970161771773178e-01
-1.235696570373452374e-01
-1.422874204271202814e-01
-1.313149385942580238e-01
-1.216333366140727179e-01
-1.371238996190164983e-01
-1.487418213012663415e-01
-1.326058188325660581e-01
-1.313149385942580238e-01
-1.377693397253185736e-01
-1.480963812206503860e-01
-1.377693397253185736e-01
-1.306694984728355990e-01
-1.455146208830768728e-01
-1.371238996190164983e-01
-1.242150971754085731e-01
-1.351875792910366414e-01
-1.442237407052253673e-01
-1.371238996190164983e-01
-1.435783006140347595e-01
-1.338966990648255972e-01
-1.345421391786878473e-01
-1.267968577125344609e-01
-1.242150971754085731e-01
-1.293786182254521577e-01
-1.409965402341626373e-01
-1.332512589494516675e-01
-1.119517342933313842e-01
-1.177606957266590371e-01
-1.261514175805231730e-01
-1.171152555734575884e-01
-1.113062941265017258e-01
-1.229242168977666694e-01
-1.448691807949060717e-01
-1.642323827832221639e-01
-1.939226231963520064e-01
-2.358762183544946822e-01
-2.623392520411673701e-01
-2.758934878333239027e-01
-2.868659639443116305e-01
-3.107472339891987900e-01
-3.268832261079044343e-01
-2.978384396238737963e-01
-2.913840422175351108e-01
-2.939658011979719987e-01
-2.520122148043935084e-01
-2.274854998303172948e-01
-2.210311007930432226e-01
-2.048951025429506245e-01
-1.868227833874716026e-01
-1.758503033245197855e-01
-1.848864634079863123e-01
-1.913408632869195714e-01
-1.835955834141351772e-01
-1.706867831442409056e-01
-1.713322231720528777e-01
-1.758503033245197855e-01
-1.648778228261118528e-01
-1.577779822713800684e-01
-1.706867831442409056e-01
-1.693959030840996860e-01
-1.487418213012663415e-01
-1.448691807949060717e-01
-1.584234223293545796e-01
-1.551962220243954249e-01
-1.435783006140347595e-01
-1.435783006140347595e-01
-1.590688623858191875e-01
-1.629415026929219579e-01
-1.487418213012663415e-01
-1.500327014579703189e-01
-1.590688623858191875e-01
-1.564871021509084414e-01
-1.519690216817046746e-01
-1.597143024407738920e-01
-1.693959030840996860e-01
-1.739139832682177200e-01
-1.597143024407738920e-01
-1.493872613803741700e-01
-1.545507819588767262e-01
-1.519690216817046746e-01
-1.351875792910366414e-01
-1.300240583498997182e-01
-1.564871021509084414e-01
-1.545507819588767262e-01
-1.397056600351582745e-01
-1.422874204271202814e-01
-1.532599018233096189e-01
-1.500327014579703189e-01
-1.409965402341626373e-01
-1.493872613803741700e-01
-1.558416620884077730e-01
-1.442237407052253673e-01
-1.390602199333912381e-01
-1.539053418918481242e-01
-1.545507819588767262e-01
-1.371238996190164983e-01
-1.364784595112009669e-01
-1.558416620884077730e-01
-1.603597424942222460e-01
-1.468055010548834360e-01
-1.416419803313964110e-01
-1.564871021509084414e-01
-1.487418213012663415e-01
-1.274422978430322928e-01
-1.480963812206503860e-01
-1.642323827832221639e-01
-1.416419803313964110e-01
-1.242150971754085731e-01
-1.409965402341626373e-01
-1.480963812206503860e-01
-1.280877379720184450e-01
-1.242150971754085731e-01
-1.461600609697359943e-01
-1.539053418918481242e-01
-1.429328605213342485e-01
-1.280877379720184450e-01
-1.306694984728355990e-01
-1.474509411385227509e-01
-1.390602199333912381e-01
-1.371238996190164983e-01
-1.493872613803741700e-01
-1.435783006140347595e-01
-1.248605373119602291e-01
-1.145334949455101281e-01
-1.313149385942580238e-01
-1.390602199333912381e-01
-1.274422978430322928e-01
-1.332512589494516675e-01
-1.422874204271202814e-01
-1.416419803313964110e-01
-1.364784595112009669e-01
-1.435783006140347595e-01
-1.468055010548834360e-01
-1.306694984728355990e-01
-1.248605373119602291e-01
-1.326058188325660581e-01
-1.416419803313964110e-01
-1.390602199333912381e-01
-1.242150971754085731e-01
-1.306694984728355990e-01
-1.429328605213342485e-01
-1.403511001354154075e-01
-1.235696570373452374e-01
-1.371238996190164983e-01
-1.390602199333912381e-01
-1.287331780994911412e-01
-1.364784595112009669e-01
-1.468055010548834360e-01
-1.474509411385227509e-01
-1.435783006140347595e-01
-1.474509411385227509e-01
-1.539053418918481242e-01
-1.532599018233096189e-01
-1.480963812206503860e-01
-1.506781415340583408e-01
-1.577779822713800684e-01
-1.480963812206503860e-01
-1.403511001354154075e-01
-1.526144617532612102e-01
-1.726231032231488882e-01
-1.616506225965892440e-01
-1.397056600351582745e-01
-1.474509411385227509e-01
-1.655232628674898621e-01
-1.500327014579703189e-01
-1.319603787141669926e-01
-1.448691807949060717e-01
-1.558416620884077730e-01
-1.526144617532612102e-01
-1.429328605213342485e-01
-1.532599018233096189e-01
-1.610051825461606967e-01
-1.448691807949060717e-01
-1.474509411385227509e-01
-1.700413431149243593e-01
-1.616506225965892440e-01
-1.416419803313964110e-01
-1.474509411385227509e-01
-1.603597424942222460e-01
-1.500327014579703189e-01
-1.313149385942580238e-01
-1.287331780994911412e-01
-1.474509411385227509e-01
-1.435783006140347595e-01
-1.306694984728355990e-01
-1.358330194018755321e-01
-1.519690216817046746e-01
-1.442237407052253673e-01
-1.306694984728355990e-01
-1.384147798301107457e-01
-1.480963812206503860e-01
-1.403511001354154075e-01
-1.280877379720184450e-01
-1.371238996190164983e-01
-1.397056600351582745e-01
-1.248605373119602291e-01
-1.293786182254521577e-01
-1.371238996190164983e-01
-1.409965402341626373e-01
-1.358330194018755321e-01
-1.280877379720184450e-01
-1.429328605213342485e-01
-1.506781415340583408e-01
-1.313149385942580238e-01
-1.416419803313964110e-01
-1.622960626455096644e-01
-1.364784595112009669e-01
-1.338966990648255972e-01
-1.448691807949060717e-01
-1.584234223293545796e-01
-1.584234223293545796e-01
-1.390602199333912381e-01
-1.474509411385227509e-01
-1.603597424942222460e-01
-1.500327014579703189e-01
-1.390602199333912381e-01
-1.468055010548834360e-01
-1.577779822713800684e-01
-1.526144617532612102e-01
-1.448691807949060717e-01
-1.506781415340583408e-01
-1.539053418918481242e-01
-1.409965402341626373e-01
-1.319603787141669926e-01
-1.474509411385227509e-01
-1.706867831442409056e-01
-1.648778228261118528e-01
-1.545507819588767262e-01
-1.629415026929219579e-01
-1.648778228261118528e-01
-1.590688623858191875e-01
-1.545507819588767262e-01
-1.526144617532612102e-01
-1.577779822713800684e-01
-1.545507819588767262e-01
-1.455146208830768728e-01
-1.616506225965892440e-01
-1.732685432464364794e-01
-1.629415026929219579e-01
-1.513235816086364594e-01
-1.551962220243954249e-01
-1.532599018233096189e-01
-1.500327014579703189e-01
-1.500327014579703189e-01
-1.551962220243954249e-01
-1.455146208830768728e-01
-1.287331780994911412e-01
-1.358330194018755321e-01
-1.526144617532612102e-01
-1.442237407052253673e-01
-1.313149385942580238e-01
-1.422874204271202814e-01
-1.661687029073615207e-01
-1.532599018233096189e-01
-1.338966990648255972e-01
-1.448691807949060717e-01
-1.603597424942222460e-01
-1.506781415340583408e-01
-1.461600609697359943e-01
-1.519690216817046746e-01
-1.468055010548834360e-01
-1.377693397253185736e-01
-1.409965402341626373e-01
-1.551962220243954249e-01
-1.610051825461606967e-01
-1.480963812206503860e-01
-1.332512589494516675e-01
-1.532599018233096189e-01
-1.706867831442409056e-01
-1.564871021509084414e-01
-1.480963812206503860e-01
-1.545507819588767262e-01
-1.487418213012663415e-01
-1.287331780994911412e-01
-1.287331780994911412e-01
-1.539053418918481242e-01
-1.513235816086364594e-01
-1.371238996190164983e-01
-1.422874204271202814e-01
-1.603597424942222460e-01
-1.648778228261118528e-01
-1.584234223293545796e-01
-1.655232628674898621e-01
-1.693959030840996860e-01
-1.442237407052253673e-01
-1.229242168977666694e-01
-1.267968577125344609e-01
-1.287331780994911412e-01
-1.048518923748567033e-01
-8.677956666364927685e-02
-8.871588733245694414e-02
-8.936132755235526304e-02
-7.645252286589787616e-02
-7.580708261562740802e-02
-8.484324598117964911e-02
-7.709796311464778285e-02
-6.935268002935401910e-02
-7.257988134148796178e-02
-7.967972409445778226e-02
-7.193444108210123034e-02
-5.644387440068321382e-02
-6.031651615317024095e-02
-6.612547867921669820e-02
-5.321667289843290405e-02
-4.740771009847399853e-02
-5.257123259341511812e-02
-7.322532159935413176e-02
-7.774340336187890443e-02
-4.740771009847399853e-02
-4.611682945951223189e-02
-5.902563557509488135e-02
-5.321667289843290405e-02
-4.611682945951223189e-02
-4.676226977975339594e-02
-6.096195643992530222e-02
-5.838019528377458300e-02
-4.547138913774517732e-02
-4.676226977975339594e-02
-5.321667289843290405e-02
-5.063491166923128617e-02
-3.966242617330273390e-02
-5.257123259341511812e-02
-5.902563557509488135e-02
-4.095330684273257305e-02
-2.933538059836848788e-02
-5.257123259341511812e-02
-5.967107586489284188e-02
-3.772610515772711892e-02
-4.353506816330998674e-02
-5.321667289843290405e-02
-4.095330684273257305e-02
-2.868994023697446494e-02
-1.836289424718451357e-02
-4.224418750606773187e-02
-4.805315041567226331e-02
-3.708066481615546195e-02
-4.159874717516132137e-02
-4.934403104549645036e-02
-4.288962783545002821e-02
-3.449890343462058695e-02
-3.837154549777643808e-02
-4.869859073134463756e-02
-4.676226977975339594e-02
-3.901698583630164308e-02
-4.676226977975339594e-02
-4.482594881445756130e-02
-3.256258238246090286e-02
-2.804449987405455147e-02
-4.676226977975339594e-02
-5.192579228687677073e-02
-3.127170167339876627e-02
-2.029921540002810332e-02
-2.417185766450558049e-02
-4.353506816330998674e-02
-3.772610515772711892e-02
-3.320802273470668808e-02
-5.192579228687677073e-02
-4.418050848964405475e-02
-2.804449987405455147e-02
-3.772610515772711892e-02
-4.805315041567226331e-02
-4.869859073134463756e-02
-3.127170167339876627e-02
-3.449890343462058695e-02
-4.095330684273257305e-02
-2.868994023697446494e-02
-1.771745385985035171e-02
-2.352641729090798606e-02
-4.030786650877971056e-02
-3.385346308542480642e-02
-2.029921540002810332e-02
-3.708066481615546195e-02
-4.030786650877971056e-02
-1.965377501727338938e-02
-2.804449987405455147e-02
-4.418050848964405475e-02
-3.514434378229047695e-02
-2.352641729090798606e-02
-2.223553653913334927e-02
-3.385346308542480642e-02
-3.966242617330273390e-02
-2.868994023697446494e-02
-2.868994023697446494e-02
-3.901698583630164308e-02
-3.320802273470668808e-02
-2.159009616095808326e-02
-2.481729803657906075e-02
-3.127170167339876627e-02
-2.998082095823662030e-02
-2.804449987405455147e-02
-2.094465578125515037e-02
-2.739905950961052383e-02
-2.675361914364238203e-02
-1.513569229524769355e-02
-2.868994023697446494e-02
-4.998947135812592535e-02
-2.417185766450558049e-02
-6.744967041530713914e-03
-2.352641729090798606e-02
-3.643522447305791445e-02
-2.223553653913334927e-02
-1.384481150378391590e-02
-3.449890343462058695e-02
-4.030786650877971056e-02
-1.642657308060258003e-02
-2.094465578125515037e-02
-3.385346308542480642e-02
-2.933538059836848788e-02
-2.029921540002810332e-02
-2.610817877614657334e-02
-3.708066481615546195e-02
-2.739905950961052383e-02
-1.965377501727338938e-02
-2.675361914364238203e-02
-3.191714202869277983e-02
-1.965377501727338938e-02
-2.872324529652914293e-03
-1.836289424718451357e-02
-3.127170167339876627e-02
-2.223553653913334927e-02
-1.578113268868897023e-02
-2.223553653913334927e-02
-2.223553653913334927e-02
-1.578113268868897023e-02
-2.288097691578450110e-02
-3.256258238246090286e-02
-2.610817877614657334e-02
-1.190849030513518869e-02
-1.771745385985035171e-02
-3.578978412843625279e-02
-2.288097691578450110e-02
-6.744967041530713914e-03
-1.449025190027874999e-02
-2.998082095823662030e-02
-2.352641729090798606e-02
-1.965377501727338938e-02
-3.385346308542480642e-02
-3.062626131658063855e-02
-1.836289424718451357e-02
-1.642657308060258003e-02
-3.256258238246090286e-02
-2.998082095823662030e-02
-1.384481150378391590e-02
-3.517764952121638089e-03
-2.029921540002810332e-02
-2.417185766450558049e-02
-1.061760949840007129e-02
-1.126304990253146343e-02
-2.933538059836848788e-02
-3.643522447305791445e-02
-2.223553653913334927e-02
-1.642657308060258003e-02
-2.933538059836848788e-02
-2.094465578125515037e-02
-8.681288276839893570e-03
-2.029921540002810332e-02
-2.288097691578450110e-02
-1.900833463299100856e-02
-2.226884105658299973e-03
-1.836289424718451357e-02
-3.191714202869277983e-02
-1.384481150378391590e-02
-1.061760949840007129e-02
-2.998082095823662030e-02
-3.127170167339876627e-02
-1.965377501727338938e-02
-1.255393070621302343e-02
-1.642657308060258003e-02
-2.610817877614657334e-02
-2.029921540002810332e-02
-1.449025190027874999e-02
-2.417185766450558049e-02
-1.190849030513518869e-02
8.100162886208295276e-03
-4.163205373059142289e-03
-2.610817877614657334e-02
-2.159009616095808326e-02
-6.744967041530713914e-03
-1.449025190027874999e-02
-2.998082095823662030e-02
-2.288097691578450110e-02
-1.578113268868897023e-02
-2.029921540002810332e-02
-2.481729803657906075e-02
-1.771745385985035171e-02
-1.771745385985035171e-02
-3.062626131658063855e-02
-2.481729803657906075e-02
-8.681288276839893570e-03
-1.513569229524769355e-02
-2.804449987405455147e-02
-2.029921540002810332e-02
-1.061760949840007129e-02
-1.771745385985035171e-02
-3.062626131658063855e-02
-1.836289424718451357e-02
-6.099526626705653598e-03
-1.449025190027874999e-02
-1.642657308060258003e-02
-9.972169092741012264e-03
-1.190849030513518869e-02
-2.610817877614657334e-02
-3.191714202869277983e-02
-2.094465578125515037e-02
-1.384481150378391590e-02
-1.771745385985035171e-02
-1.965377501727338938e-02
-5.454086210352926400e-03
-4.163205373059142289e-03
-1.771745385985035171e-02
-1.900833463299100856e-02
-9.326728685554286358e-03
-1.319937110576319128e-02
-2.417185766450558049e-02
-1.449025190027874999e-02
-9.972169092741012264e-03
-1.965377501727338938e-02
-2.029921540002810332e-02
-1.319937110576319128e-02
-6.744967041530713914e-03
-1.965377501727338938e-02
-2.481729803657906075e-02
-1.771745385985035171e-02
-8.681288276839893570e-03
-1.255393070621302343e-02
-1.319937110576319128e-02
-9.972169092741012264e-03
-6.744967041530713914e-03
-2.223553653913334927e-02
-3.062626131658063855e-02
-1.255393070621302343e-02
-4.163205373059142289e-03
-1.513569229524769355e-02
-2.223553653913334927e-02
-1.513569229524769355e-02
-2.288097691578450110e-02
-2.868994023697446494e-02
-1.384481150378391590e-02
-4.163205373059142289e-03
-7.390407454829883704e-03
-2.223553653913334927e-02
-2.417185766450558049e-02
-1.900833463299100856e-02
-2.029921540002810332e-02
-1.513569229524769355e-02
-6.099526626705653598e-03
-4.808645792470755964e-03
-1.384481150378391590e-02
-2.546273840712487413e-02
-1.642657308060258003e-02
-4.808645792470755964e-03
-1.255393070621302343e-02
-1.319937110576319128e-02
2.291198905114200102e-03
1.645758470417035824e-03
-1.578113268868897023e-02
-1.513569229524769355e-02
-8.035847866597833900e-03
-9.972169092741012264e-03
-1.642657308060258003e-02
-1.384481150378391590e-02
-8.035847866597833900e-03
-1.771745385985035171e-02
-2.546273840712487413e-02
-9.972169092741012264e-03
1.645758470417035824e-03
-1.384481150378391590e-02
-2.029921540002810332e-02
-1.513569229524769355e-02
-1.126304990253146343e-02
-1.255393070621302343e-02
-2.872324529652914293e-03
-1.581443680134242413e-03
-1.319937110576319128e-02
-1.513569229524769355e-02
-9.972169092741012264e-03
-1.578113268868897023e-02
-9.972169092741012264e-03
-1.642657308060258003e-02
-1.190849030513518869e-02
-9.360032530825179720e-04
-2.094465578125515037e-02
-2.288097691578450110e-02
-1.061760949840007129e-02
-6.099526626705653598e-03
-2.226884105658299973e-03
-4.808645792470755964e-03
-1.449025190027874999e-02
-1.707201347099029931e-02
-2.029921540002810332e-02
-1.126304990253146343e-02
3.548776056092606268e-04
-8.681288276839893570e-03
-2.223553653913334927e-02
-1.384481150378391590e-02
-8.035847866597833900e-03
-1.836289424718451357e-02
-1.255393070621302343e-02
4.227520218380576011e-03
1.000318037249314784e-03
-2.481729803657906075e-02
-3.385346308542480642e-02
-1.190849030513518869e-02
-4.808645792470755964e-03
