5.201322051009427128e-03
4.555881608665046656e-03
-1.222556935566387892e-02
-1.158012895306015366e-02
5.201322051009427128e-03
-4.480284423587832521e-03
-1.093468854892876152e-02
-5.771165260881616632e-03
1.974119854585509870e-03
-1.253082303611208204e-03
-5.125724842999446196e-03
1.974119854585509870e-03
6.492202940284741430e-03
-5.771165260881616632e-03
-1.028924814326970250e-02
9.719405190246277471e-03
9.719405190246277471e-03
-3.189403580181604525e-03
-3.834844002650328321e-03
5.201322051009427128e-03
3.265000728566391786e-03
-8.352926917126524131e-03
-8.352926917126524131e-03
-2.543963156186990204e-03
-6.416605677234343830e-03
-1.351645015629188151e-02
1.328679419888345592e-03
1.359204794069412969e-02
1.328679419888345592e-03
-1.158012895306015366e-02
-1.028924814326970250e-02
-2.543963156186990204e-03
-1.253082303611208204e-03
-1.898522730662932645e-03
4.555881608665046656e-03
3.910441167851885780e-03
-1.253082303611208204e-03
-6.076418750300405236e-04
6.492202940284741430e-03
2.619560290812117387e-03
-6.416605677234343830e-03
-1.253082303611208204e-03
6.492202940284741430e-03
-3.189403580181604525e-03
-1.738909252151898954e-02
-1.093468854892876152e-02
2.619560290812117387e-03
3.779855508057039515e-05
-4.480284423587832521e-03
2.619560290812117387e-03
6.492202940284741430e-03
1.328679419888345592e-03
-3.189403580181604525e-03
-3.834844002650328321e-03
6.492202940284741430e-03
-1.898522730662932645e-03
-1.480733095080744022e-02
2.619560290812117387e-03
1.488292886975450813e-02
-8.998367327368583801e-03
-1.222556935566387892e-02
1.328679419888345592e-03
7.783083835679605045e-03
-1.416189055431260613e-02
-3.834844002650328321e-03
1.101028610094090254e-02
3.779855508057039515e-05
-8.998367327368583801e-03
3.779855508057039515e-05
1.036484564482975657e-02
-4.480284423587832521e-03
-1.093468854892876152e-02
9.719405190246277471e-03
1.101028610094090254e-02
-3.189403580181604525e-03
-7.707486505358573936e-03
5.201322051009427128e-03
2.133733360691358882e-02
1.101028610094090254e-02
-1.028924814326970250e-02
4.555881608665046656e-03
1.294660747845988169e-02
-4.480284423587832521e-03
-9.643807736082976589e-03
7.783083835679605045e-03
1.036484564482975657e-02
1.974119854585509870e-03
2.619560290812117387e-03
3.910441167851885780e-03
3.779855508057039515e-05
-1.093468854892876152e-02
-7.707486505358573936e-03
9.073964737195794328e-03
4.555881608665046656e-03
-1.028924814326970250e-02
-1.222556935566387892e-02
7.137643387217451618e-03
3.779855508057039515e-05
-1.545277134577638378e-02
-5.771165260881616632e-03
7.137643387217451618e-03
-1.158012895306015366e-02
-1.609821173921766047e-02
5.201322051009427128e-03
5.846762494883250838e-03
-7.707486505358573936e-03
-1.416189055431260613e-02
6.492202940284741430e-03
1.359204794069412969e-02
-4.480284423587832521e-03
-6.076418750300405236e-04
1.811013121919380353e-02
1.359204794069412969e-02
-3.834844002650328321e-03
-3.189403580181604525e-03
8.428524285671201710e-03
5.201322051009427128e-03
-7.062046092059404145e-03
4.555881608665046656e-03
1.875557169367603194e-02
3.910441167851885780e-03
-1.738909252151898954e-02
8.428524285671201710e-03
1.746469074624457107e-02
6.832389867206245526e-04
-3.189403580181604525e-03
5.201322051009427128e-03
1.036484564482975657e-02
-6.076418750300405236e-04
6.832389867206245526e-04
1.974119854585509870e-03
-6.076418750300405236e-04
-6.076418750300405236e-04
1.974119854585509870e-03
3.910441167851885780e-03
6.492202940284741430e-03
-6.076418750300405236e-04
1.328679419888345592e-03
6.492202940284741430e-03
6.832389867206245526e-04
-5.771165260881616632e-03
3.910441167851885780e-03
9.073964737195794328e-03
6.832389867206245526e-04
-3.834844002650328321e-03
-3.834844002650328321e-03
4.555881608665046656e-03
-1.898522730662932645e-03
-6.416605677234343830e-03
3.779855508057039515e-05
5.846762494883250838e-03
3.779855508057039515e-05
-7.707486505358573936e-03
3.779855508057039515e-05
7.137643387217451618e-03
-3.834844002650328321e-03
-1.093468854892876152e-02
-2.543963156186990204e-03
-3.189403580181604525e-03
-1.253082303611208204e-03
1.328679419888345592e-03
1.974119854585509870e-03
5.201322051009427128e-03
-1.028924814326970250e-02
-1.093468854892876152e-02
7.137643387217451618e-03
-2.543963156186990204e-03
-7.707486505358573936e-03
2.619560290812117387e-03
1.811013121919380353e-02
5.201322051009427128e-03
-1.287100975674171366e-02
9.073964737195794328e-03
1.875557169367603194e-02
-5.125724842999446196e-03
-8.352926917126524131e-03
1.681925027482655821e-02
1.681925027482655821e-02
-3.189403580181604525e-03
-7.062046092059404145e-03
7.783083835679605045e-03
1.230116701775862964e-02
2.619560290812117387e-03
-6.416605677234343830e-03
1.746469074624457107e-02
1.875557169367603194e-02
-1.997085406780207961e-02
-1.222556935566387892e-02
1.101028610094090254e-02
1.328679419888345592e-03
-9.643807736082976589e-03
3.910441167851885780e-03
9.719405190246277471e-03
-5.125724842999446196e-03
6.832389867206245526e-04
1.294660747845988169e-02
1.230116701775862964e-02
3.779855508057039515e-05
-6.076418750300405236e-04
1.552836933658063856e-02
7.783083835679605045e-03
-5.125724842999446196e-03
-2.543963156186990204e-03
5.846762494883250838e-03
1.974119854585509870e-03
-8.998367327368583801e-03
-1.351645015629188151e-02
-3.834844002650328321e-03
-4.480284423587832521e-03
-1.158012895306015366e-02
6.832389867206245526e-04
1.359204794069412969e-02
-1.898522730662932645e-03
-1.416189055431260613e-02
-7.062046092059404145e-03
1.328679419888345592e-03
-1.898522730662932645e-03
-1.028924814326970250e-02
6.832389867206245526e-04
1.681925027482655821e-02
6.832389867206245526e-04
-1.028924814326970250e-02
5.201322051009427128e-03
-1.253082303611208204e-03
-1.028924814326970250e-02
-1.028924814326970250e-02
2.619560290812117387e-03
1.617380980493798859e-02
-1.898522730662932645e-03
-1.287100975674171366e-02
-1.253082303611208204e-03
6.832389867206245526e-04
-1.287100975674171366e-02
-1.028924814326970250e-02
3.910441167851885780e-03
9.073964737195794328e-03
-6.076418750300405236e-04
-4.480284423587832521e-03
9.719405190246277471e-03
1.328679419888345592e-03
-7.707486505358573936e-03
3.265000728566391786e-03
8.428524285671201710e-03
-5.771165260881616632e-03
-1.416189055431260613e-02
6.832389867206245526e-04
1.359204794069412969e-02
-1.674365213113127027e-02
-2.061629445055679355e-02
1.974119854585509870e-03
-3.834844002650328321e-03
-1.287100975674171366e-02
-8.998367327368583801e-03
5.201322051009427128e-03
4.555881608665046656e-03
-9.643807736082976589e-03
5.846762494883250838e-03
1.101028610094090254e-02
-5.771165260881616632e-03
-9.643807736082976589e-03
2.619560290812117387e-03
6.492202940284741430e-03
-7.707486505358573936e-03
-1.158012895306015366e-02
4.555881608665046656e-03
1.101028610094090254e-02
-1.253082303611208204e-03
-7.707486505358573936e-03
7.783083835679605045e-03
1.359204794069412969e-02
-3.834844002650328321e-03
-5.125724842999446196e-03
9.719405190246277471e-03
5.846762494883250838e-03
-8.352926917126524131e-03
-6.416605677234343830e-03
2.619560290812117387e-03
1.974119854585509870e-03
-6.416605677234343830e-03
3.779855508057039515e-05
5.846762494883250838e-03
-5.771165260881616632e-03
-1.416189055431260613e-02
-3.834844002650328321e-03
1.165572655858326812e-02
2.619560290812117387e-03
-3.834844002650328321e-03
1.974119854585509870e-03
3.910441167851885780e-03
3.779855508057039515e-05
-5.125724842999446196e-03
6.832389867206245526e-04
6.832389867206245526e-04
-5.771165260881616632e-03
-1.028924814326970250e-02
1.328679419888345592e-03
5.846762494883250838e-03
-5.125724842999446196e-03
-1.253082303611208204e-03
-1.898522730662932645e-03
-2.900701928750315517e-02
-6.515167717904724043e-02
-8.451488480118385382e-02
-1.000054499149438669e-01
-1.219504156646014081e-01
-1.400227390856869647e-01
-1.438953796645634498e-01
-1.374409786695451885e-01
-1.503497805084990091e-01
-1.761673823750484758e-01
-1.671312219962537426e-01
-1.684221020684564252e-01
-1.768128223908025376e-01
-1.839126624646638675e-01
-1.897216223895714649e-01
-1.890761824039373096e-01
-1.929488222951718512e-01
-2.006941019151593508e-01
-1.974669020998209845e-01
-1.994032219935348849e-01
-2.045667416439425068e-01
-2.045667416439425068e-01
-1.961760221631578816e-01
-2.006941019151593508e-01
-2.116665810061792996e-01
-2.071485014330693986e-01
-1.994032219935348849e-01
-2.148937806561868058e-01
-2.316752182311923036e-01
-2.187664201866361680e-01
-2.168301004281687483e-01
-2.310297783432186947e-01
-2.316752182311923036e-01
-2.303843384537440642e-01
-2.484566547923350299e-01
-2.962191994681635521e-01
-3.407545378194853924e-01
-3.523724510073087401e-01
-3.484998133315055924e-01
-3.697993198872744358e-01
-3.943260224063944719e-01
-3.685084407480623270e-01
-3.484998133315055924e-01
-3.426908567175459552e-01
-3.355910206925916128e-01
-3.149369512330899568e-01
-3.123551924434728733e-01
-3.117097527423453585e-01
-2.929920007612647481e-01
-2.833104044167171764e-01
-2.929920007612647481e-01
-2.923465610154103445e-01
-2.723379281533642171e-01
-2.536201735304732807e-01
-2.536201735304732807e-01
-2.587836921728001727e-01
-2.568473726931514989e-01
-2.523292938549221986e-01
-2.600745718184160893e-01
-2.684652893690682163e-01
-2.671744097623438563e-01
-2.665289699567363613e-01
-2.697561689698133591e-01
-2.613654514580474597e-01
-2.478112149433293609e-01
-2.432931359583445641e-01
-2.633017709062759337e-01
-2.697561689698133591e-01
-2.536201735304732807e-01
-2.555564930325715522e-01
-2.684652893690682163e-01
-2.613654514580474597e-01
-2.471657750928244468e-01
-2.523292938549221986e-01
-2.413568163708781356e-01
-2.503929743303672240e-01
-2.478112149433293609e-01
-2.523292938549221986e-01
-2.716924883597187090e-01
-2.691107291701886339e-01
-2.355478575275462561e-01
-2.387750568999411627e-01
-2.652380903410396229e-01
-2.536201735304732807e-01
-2.445840156758301021e-01
-2.704016087679441682e-01
-2.813740851074975069e-01
-2.645926505309468268e-01
-2.542656133660017304e-01
-2.678198495664538825e-01
-2.710470485645792849e-01
-2.652380903410396229e-01
-2.826649646484700185e-01
-2.917011212680638010e-01
-2.723379281533642171e-01
-2.613654514580474597e-01
-2.749196873129999830e-01
-2.923465610154103445e-01
-2.891193622637473482e-01
-2.749196873129999830e-01
-2.787923260076254905e-01
-2.891193622637473482e-01
-2.691107291701886339e-01
-2.549110532000362639e-01
-2.736288077361717086e-01
-2.826649646484700185e-01
-2.729833679455158091e-01
-2.704016087679441682e-01
-2.794377657848325924e-01
-2.891193622637473482e-01
-2.710470485645792849e-01
-2.549110532000362639e-01
-2.691107291701886339e-01
-2.600745718184160893e-01
-2.478112149433293609e-01
-2.587836921728001727e-01
-2.645926505309468268e-01
-2.691107291701886339e-01
-2.684652893690682163e-01
-2.749196873129999830e-01
-2.833104044167171764e-01
-2.787923260076254905e-01
-2.787923260076254905e-01
-2.858921634747719764e-01
-2.800832055605475546e-01
-2.794377657848325924e-01
-2.897648020170660033e-01
-3.033190364920859139e-01
-3.020281570466121224e-01
-2.904102417688889659e-01
-2.975100789404816481e-01
-3.323638224399676488e-01
-3.491452529478511480e-01
-3.304275034705490555e-01
-3.239731068091220578e-01
-3.213913481028853880e-01
-3.175187099988754369e-01
-3.142915115379203428e-01
-3.117097527423453585e-01
-3.278457448238309979e-01
-3.175187099988754369e-01
-3.097734336300224101e-01
-3.220367877816787683e-01
-3.252639861533097587e-01
-3.142915115379203428e-01
-2.981555186744024866e-01
-3.020281570466121224e-01
-3.162278306189598709e-01
-3.084825542143576627e-01
-3.046099159315982519e-01
-3.136460718412603654e-01
-3.110643130397274803e-01
-2.988009584068311852e-01
-3.046099159315982519e-01
-3.394636585466788148e-01
-3.659266824518443428e-01
-3.788354736957657565e-01
-3.891625062642543043e-01
-3.904533853086675776e-01
-3.775445945980475670e-01
-3.607631657882226506e-01
-3.581814074208065080e-01
-3.536633302206979579e-01
-3.259094258231716168e-01
-3.007372775951733246e-01
-3.020281570466121224e-01
-3.123551924434728733e-01
-3.084825542143576627e-01
-2.949283199898804497e-01
-3.000918378672174924e-01
-3.052553556491162112e-01
-2.981555186744024866e-01
-2.975100789404816481e-01
-3.117097527423453585e-01
-3.155823909267692073e-01
-3.123551924434728733e-01
-3.071916747927314617e-01
-3.071916747927314617e-01
-3.020281570466121224e-01
-2.826649646484700185e-01
-2.813740851074975069e-01
-2.923465610154103445e-01
-2.852467237124969301e-01
-2.742742475253336920e-01
-2.865376032355531066e-01
-3.052553556491162112e-01
-2.981555186744024866e-01
-2.942828802485006889e-01
-3.110643130397274803e-01
-3.149369512330899568e-01
-3.007372775951733246e-01
-2.981555186744024866e-01
-3.104188733356192387e-01
-3.142915115379203428e-01
-3.000918378672174924e-01
-2.755651270991741342e-01
-2.665289699567363613e-01
-2.723379281533642171e-01
-2.568473726931514989e-01
-2.626563310916960603e-01
-2.716924883597187090e-01
-2.691107291701886339e-01
-2.536201735304732807e-01
-2.516838540149013426e-01
-2.594291319963559772e-01
-2.445840156758301021e-01
-2.265116990853961454e-01
-2.394204967699238296e-01
-2.555564930325715522e-01
-2.426476960973555919e-01
-2.329660980026435624e-01
-2.400659366384072513e-01
-2.342569777680925114e-01
-2.200573000181069716e-01
-2.129574608706885641e-01
-2.278025788808459851e-01
-2.232844995705107749e-01
-1.974669020998209845e-01
-1.806854624536846643e-01
-1.787491424290212905e-01
-1.748765023390213003e-01
-1.716493022225815679e-01
-1.664857819578902109e-01
-1.761673823750484758e-01
-1.632585817434506481e-01
-1.413136192846913275e-01
-1.451862598454347619e-01
-1.542224209423768144e-01
-1.438953796645634498e-01
-1.277593768935609830e-01
-1.309865775233642893e-01
-1.367955385617296571e-01
-1.245321762259372633e-01
-1.200140952277060080e-01
-1.329228978830947483e-01
-1.374409786695451885e-01
-1.193686550790467038e-01
-1.096870526674447177e-01
-1.206595353748500798e-01
-1.154960141552976438e-01
-1.000054499149438669e-01
-1.012963303016505279e-01
-1.058144116073691521e-01
-1.038780910568704030e-01
-1.071052919667891956e-01
-1.142051338352665368e-01
-1.148505739960388183e-01
-9.548736851370343004e-02
-8.193312386389806079e-02
-9.613280871842988518e-02
-1.019417704927292334e-01
-9.032384682126703979e-02
-8.903296638298563437e-02
-9.806912932351252721e-02
-1.006508901090548136e-01
-9.032384682126703979e-02
-8.064224338614245369e-02
-9.161472725348041024e-02
-9.032384682126703979e-02
-6.708799800281362025e-02
-7.225152013262992057e-02
-8.774208593863086492e-02
-7.676960191642656639e-02
-7.547872141436862137e-02
-7.289696039201665201e-02
-8.386944456913880686e-02
-7.870592265811993116e-02
-6.773343827436129061e-02
-8.322400433557675115e-02
-8.645120548820806050e-02
-7.096063960929654968e-02
-6.837887854438839952e-02
-6.644255772974538843e-02
-6.192447577568849226e-02
-5.417919225245526604e-02
-5.611551315380580718e-02
-7.870592265811993116e-02
-8.322400433557675115e-02
-6.192447577568849226e-02
-5.417919225245526604e-02
-5.805183404146063708e-02
-6.256991605940243062e-02
-6.063359520369893119e-02
-6.773343827436129061e-02
-7.806048241240759467e-02
-6.708799800281362025e-02
-5.353375194896159428e-02
-5.869727433430327324e-02
-6.708799800281362025e-02
-6.515167717904724043e-02
-5.869727433430327324e-02
-6.192447577568849226e-02
-6.515167717904724043e-02
-5.159743102934299941e-02
-4.772478914900268876e-02
-6.127903549045399245e-02
-6.966975907988270933e-02
-4.643390851004092212e-02
-3.546142283281916718e-02
-5.159743102934299941e-02
-5.805183404146063708e-02
-5.288831164394380835e-02
-4.643390851004092212e-02
-4.901566978187332779e-02
-4.966111009602514059e-02
-4.256126655659642211e-02
-5.934271462562357158e-02
-6.644255772974538843e-02
-4.837022946620095354e-02
-4.256126655659642211e-02
-5.224287133740546096e-02
-5.934271462562357158e-02
-4.449758754017274498e-02
-3.158878072392745651e-02
-4.643390851004092212e-02
-5.353375194896159428e-02
-5.159743102934299941e-02
-4.578846818827386755e-02
-5.224287133740546096e-02
-4.901566978187332779e-02
-3.546142283281916718e-02
-5.224287133740546096e-02
-5.224287133740546096e-02
-4.901566978187332779e-02
-4.062494555930840079e-02
-3.287966143298959310e-02
-4.191582622569001160e-02
-4.385214721383867698e-02
-3.997950522383142413e-02
-4.062494555930840079e-02
-4.901566978187332779e-02
-4.320670688597871845e-02
-3.481598248514927718e-02
-4.514302786498625153e-02
-5.482463255442660000e-02
-4.320670688597871845e-02
-3.868862454830512831e-02
-5.095199071975997640e-02
-5.740639374709743947e-02
-3.223422107922147006e-02
-2.900701928750315517e-02
-5.224287133740546096e-02
-5.288831164394380835e-02
-3.029790000876531053e-02
-3.029790000876531053e-02
-3.481598248514927718e-02
-2.900701928750315517e-02
-2.190717521148677349e-02
-3.223422107922147006e-02
-4.449758754017274498e-02
-3.546142283281916718e-02
-1.803453291037904194e-02
-2.707069819417107226e-02
-3.675230352358660468e-02
-3.158878072392745651e-02
-3.481598248514927718e-02
-4.191582622569001160e-02
-3.352510178523537832e-02
-2.642525782667526357e-02
-2.577981745765356436e-02
-4.127038589326126328e-02
-4.514302786498625153e-02
-2.707069819417107226e-02
-3.158878072392745651e-02
-3.352510178523537832e-02
-2.836157892458324170e-02
-3.094334036710932878e-02
-3.610686317896494302e-02
-4.514302786498625153e-02
-3.287966143298959310e-02
-1.803453291037904194e-02
-2.642525782667526357e-02
-3.675230352358660468e-02
-3.546142283281916718e-02
-3.287966143298959310e-02
-3.739774386668415218e-02
-4.127038589326126328e-02
-2.513437708710775098e-02
-1.674365213113127027e-02
-2.965245964889717811e-02
-3.675230352358660468e-02
-2.965245964889717811e-02
-2.836157892458324170e-02
-3.287966143298959310e-02
-4.062494555930840079e-02
-2.384349634143667629e-02
-3.352510178523537832e-02
-5.030655040865461558e-02
-3.739774386668415218e-02
-2.707069819417107226e-02
-2.965245964889717811e-02
-2.061629445055679355e-02
-2.190717521148677349e-02
-2.642525782667526357e-02
-3.739774386668415218e-02
-3.804318420825580915e-02
-1.867997329771320381e-02
-1.545277134577638378e-02
-3.223422107922147006e-02
-3.868862454830512831e-02
-2.707069819417107226e-02
-1.609821173921766047e-02
-2.190717521148677349e-02
-2.384349634143667629e-02
-1.416189055431260613e-02
-2.577981745765356436e-02
-3.610686317896494302e-02
-2.900701928750315517e-02
-2.642525782667526357e-02
-3.481598248514927718e-02
-4.062494555930840079e-02
-2.126173483178384060e-02
-1.416189055431260613e-02
-3.223422107922147006e-02
-4.191582622569001160e-02
-2.900701928750315517e-02
-2.126173483178384060e-02
-3.094334036710932878e-02
-2.900701928750315517e-02
-2.319805596631319133e-02
-2.900701928750315517e-02
-3.610686317896494302e-02
-2.642525782667526357e-02
-9.643807736082976589e-03
-1.287100975674171366e-02
-2.771613856013921406e-02
-2.577981745765356436e-02
-1.932541368351969879e-02
-2.255261558966203950e-02
-3.352510178523537832e-02
-3.223422107922147006e-02
-1.803453291037904194e-02
-2.577981745765356436e-02
-3.158878072392745651e-02
-1.674365213113127027e-02
3.265000728566391786e-03
-2.448893671503427072e-02
-2.771613856013921406e-02
-1.287100975674171366e-02
-1.997085406780207961e-02
-3.352510178523537832e-02
-2.900701928750315517e-02
-2.190717521148677349e-02
-1.997085406780207961e-02
-3.029790000876531053e-02
-2.384349634143667629e-02
-1.028924814326970250e-02
-2.513437708710775098e-02
-2.965245964889717811e-02
-2.642525782667526357e-02
-1.867997329771320381e-02
-2.642525782667526357e-02
-3.481598248514927718e-02
-1.609821173921766047e-02
-1.674365213113127027e-02
-3.933406488683033331e-02
-2.900701928750315517e-02
-1.997085406780207961e-02
-2.771613856013921406e-02
-3.417054213595349665e-02
-2.836157892458324170e-02
-1.867997329771320381e-02
-1.674365213113127027e-02
-2.513437708710775098e-02
-2.513437708710775098e-02
-1.932541368351969879e-02
-3.158878072392745651e-02
-2.642525782667526357e-02
-8.998367327368583801e-03
-1.222556935566387892e-02
-2.448893671503427072e-02
-2.448893671503427072e-02
-1.867997329771320381e-02
-2.061629445055679355e-02
-3.352510178523537832e-02
-2.642525782667526357e-02
-1.545277134577638378e-02
-2.190717521148677349e-02
-2.965245964889717811e-02
-2.319805596631319133e-02
-1.287100975674171366e-02
-2.319805596631319133e-02
-2.513437708710775098e-02
-1.093468854892876152e-02
-3.834844002650328321e-03
-2.190717521148677349e-02
-3.223422107922147006e-02
-1.997085406780207961e-02
-1.609821173921766047e-02
-2.577981745765356436e-02
-1.738909252151898954e-02
-1.222556935566387892e-02
-2.513437708710775098e-02
-3.868862454830512831e-02
-2.707069819417107226e-02
-1.158012895306015366e-02
-1.867997329771320381e-02
-3.094334036710932878e-02
-2.513437708710775098e-02
-1.351645015629188151e-02
-1.545277134577638378e-02
-1.738909252151898954e-02
-1.222556935566387892e-02
-2.190717521148677349e-02
-3.933406488683033331e-02
-3.352510178523537832e-02
-8.998367327368583801e-03
-1.803453291037904194e-02
-2.642525782667526357e-02
-1.932541368351969879e-02
-1.480733095080744022e-02
-1.867997329771320381e-02
-2.900701928750315517e-02
-1.674365213113127027e-02
-6.416605677234343830e-03
-1.545277134577638378e-02
-1.738909252151898954e-02
-2.384349634143667629e-02
-1.093468854892876152e-02
-7.707486505358573936e-03
-2.384349634143667629e-02
-1.609821173921766047e-02
-8.352926917126524131e-03
-2.384349634143667629e-02
-2.384349634143667629e-02
-1.351645015629188151e-02
-8.998367327368583801e-03
-2.061629445055679355e-02
-2.513437708710775098e-02
-1.222556935566387892e-02
-1.093468854892876152e-02
-2.513437708710775098e-02
-1.738909252151898954e-02
-9.643807736082976589e-03
-1.997085406780207961e-02
-2.900701928750315517e-02
-2.190717521148677349e-02
-1.287100975674171366e-02
-2.965245964889717811e-02
-3.675230352358660468e-02
-1.158012895306015366e-02
-6.416605677234343830e-03
-2.642525782667526357e-02
-2.319805596631319133e-02
-3.189403580181604525e-03
-8.352926917126524131e-03
-1.416189055431260613e-02
-8.998367327368583801e-03
-8.352926917126524131e-03
-1.222556935566387892e-02
-1.932541368351969879e-02
-1.351645015629188151e-02
-9.643807736082976589e-03
-2.319805596631319133e-02
-2.900701928750315517e-02
-1.738909252151898954e-02
-1.028924814326970250e-02
-2.061629445055679355e-02
-2.061629445055679355e-02
-7.707486505358573936e-03
-1.480733095080744022e-02
-2.771613856013921406e-02
-2.771613856013921406e-02
-1.287100975674171366e-02
-4.480284423587832521e-03
-1.803453291037904194e-02
-1.480733095080744022e-02
9.073964737195794328e-03
-8.352926917126524131e-03
-2.707069819417107226e-02
-1.997085406780207961e-02
-6.416605677234343830e-03
-1.674365213113127027e-02
-2.771613856013921406e-02
-1.997085406780207961e-02
-1.480733095080744022e-02
-9.643807736082976589e-03
-1.416189055431260613e-02
-3.189403580181604525e-03
-3.834844002650328321e-03
-2.448893671503427072e-02
-1.997085406780207961e-02
-7.707486505358573936e-03
-1.803453291037904194e-02
-2.190717521148677349e-02
-1.028924814326970250e-02
-2.190717521148677349e-02
-2.836157892458324170e-02
-2.061629445055679355e-02
-4.480284423587832521e-03
-3.189403580181604525e-03
-9.643807736082976589e-03
-1.351645015629188151e-02
-8.352926917126524131e-03
