1.524557416422567258e-02
-2.181316706149516449e-03
-8.904359391124216927e-04
1.072749123904870316e-02
2.336766005189616635e-03
-1.379924333481419296e-02
-1.535876323394802512e-03
1.460013374175694878e-02
3.627646793599836883e-03
-2.826757087376563504e-03
4.918527588115395588e-03
1.266381248352566047e-02
-2.449955533059267054e-04
4.004448340282351637e-04
7.500289195478515580e-03
2.336766005189616635e-03
-6.053958970626993619e-03
-1.535876323394802512e-03
1.266381248352566047e-02
1.718189544079606890e-02
-2.449955533059267054e-04
1.045885222888287558e-03
8.145729601137574605e-03
-1.535876323394802512e-03
1.045885222888287558e-03
7.500289195478515580e-03
7.500289195478515580e-03
-2.181316706149516449e-03
-9.926601180175964600e-03
-2.449955533059267054e-04
1.976365716429562269e-02
2.040909759899278697e-02
-9.281160815731936964e-03
8.791170008324300511e-03
2.040909759899278697e-02
-8.904359391124216927e-04
-8.635720449763795159e-03
-2.181316706149516449e-03
-4.763078221905914234e-03
-1.057204154309587807e-02
-8.904359391124216927e-04
9.436610417038693299e-03
6.854848791347123438e-03
-9.281160815731936964e-03
-4.117637845254762397e-03
2.169997847297366889e-02
4.918527588115395588e-03
-1.509012404082810122e-02
-9.281160815731936964e-03
4.273087190094670973e-03
3.627646793599836883e-03
-1.535876323394802512e-03
-6.053958970626993619e-03
-2.181316706149516449e-03
-7.990280082267986472e-03
-9.281160815731936964e-03
1.691325613276006834e-03
1.691325613276006834e-03
-4.763078221905914234e-03
2.336766005189616635e-03
1.653645501374434446e-02
-8.904359391124216927e-04
-1.831732577917932758e-02
4.918527588115395588e-03
1.718189544079606890e-02
-2.181316706149516449e-03
-6.699399342700473881e-03
7.500289195478515580e-03
6.209408388743398177e-03
-6.699399342700473881e-03
-2.826757087376563504e-03
9.436610417038693299e-03
-1.535876323394802512e-03
-1.702644508841189008e-02
-2.181316706149516449e-03
1.201837206717293327e-02
7.500289195478515580e-03
4.004448340282351637e-04
2.982206398630893318e-03
8.791170008324300511e-03
4.273087190094670973e-03
-4.117637845254762397e-03
3.627646793599836883e-03
5.563967987665563442e-03
-6.053958970626993619e-03
-7.990280082267986472e-03
1.201837206717293327e-02
1.460013374175694878e-02
4.004448340282351637e-04
1.045885222888287558e-03
8.145729601137574605e-03
-8.904359391124216927e-04
-7.344839713246287261e-03
-2.181316706149516449e-03
8.145729601137574605e-03
6.209408388743398177e-03
-7.344839713246287261e-03
6.854848791347123438e-03
1.524557416422567258e-02
-7.344839713246287261e-03
-1.573556439154621955e-02
-2.826757087376563504e-03
-1.535876323394802512e-03
-1.250836262270205168e-02
-6.699399342700473881e-03
9.436610417038693299e-03
1.691325613276006834e-03
-1.535876323394802512e-03
-4.763078221905914234e-03
-6.053958970626993619e-03
-2.826757087376563504e-03
-3.472197467079496391e-03
6.209408388743398177e-03
1.266381248352566047e-02
-8.635720449763795159e-03
-1.960820646384853205e-02
-1.057204154309587807e-02
4.918527588115395588e-03
7.500289195478515580e-03
-2.449955533059267054e-04
-8.904359391124216927e-04
-4.763078221905914234e-03
-4.763078221905914234e-03
1.691325613276006834e-03
9.436610417038693299e-03
6.209408388743398177e-03
-3.472197467079496391e-03
-8.904359391124216927e-04
4.918527588115395588e-03
-4.117637845254762397e-03
-1.379924333481419296e-02
2.982206398630893318e-03
1.266381248352566047e-02
-7.344839713246287261e-03
-1.896276612227687508e-02
-6.699399342700473881e-03
-2.449955533059267054e-04
-1.379924333481419296e-02
-1.121748190448990101e-02
1.460013374175694878e-02
8.145729601137574605e-03
-1.831732577917932758e-02
-2.449955533059267054e-04
1.266381248352566047e-02
-2.181316706149516449e-03
-1.250836262270205168e-02
1.045885222888287558e-03
1.201837206717293327e-02
2.982206398630893318e-03
-3.472197467079496391e-03
6.209408388743398177e-03
5.563967987665563442e-03
-9.926601180175964600e-03
2.336766005189616635e-03
1.395469332081944458e-02
5.563967987665563442e-03
-1.250836262270205168e-02
1.045885222888287558e-03
8.145729601137574605e-03
-2.449955533059267054e-04
-1.186292226435803343e-02
-9.281160815731936964e-03
1.008205082728075297e-02
4.918527588115395588e-03
-6.053958970626993619e-03
-8.904359391124216927e-04
-2.181316706149516449e-03
-1.535876323394802512e-03
1.691325613276006834e-03
1.045885222888287558e-03
6.209408388743398177e-03
-7.344839713246287261e-03
-1.702644508841189008e-02
-4.763078221905914234e-03
-2.449955533059267054e-04
-7.344839713246287261e-03
-2.826757087376563504e-03
4.004448340282351637e-04
-1.535876323394802512e-03
-6.053958970626993619e-03
-6.053958970626993619e-03
2.982206398630893318e-03
2.982206398630893318e-03
-2.449955533059267054e-04
1.072749123904870316e-02
2.982206398630893318e-03
-1.315380297952017941e-02
-7.344839713246287261e-03
6.854848791347123438e-03
4.273087190094670973e-03
-1.315380297952017941e-02
-8.635720449763795159e-03
6.209408388743398177e-03
5.563967987665563442e-03
-8.904359391124216927e-04
5.563967987665563442e-03
6.209408388743398177e-03
-5.408518597029399189e-03
-1.315380297952017941e-02
-2.449955533059267054e-04
1.395469332081944458e-02
-2.826757087376563504e-03
-1.509012404082810122e-02
1.691325613276006834e-03
5.563967987665563442e-03
-2.181316706149516449e-03
-3.472197467079496391e-03
1.691325613276006834e-03
-1.535876323394802512e-03
-7.990280082267986472e-03
-2.449955533059267054e-04
1.137293165234787296e-02
4.004448340282351637e-04
-9.926601180175964600e-03
3.627646793599836883e-03
2.105453803521939449e-02
1.072749123904870316e-02
-1.121748190448990101e-02
1.045885222888287558e-03
8.145729601137574605e-03
-1.121748190448990101e-02
-9.926601180175964600e-03
1.137293165234787296e-02
2.336766005189616635e-03
-1.444468368858231599e-02
-1.509012404082810122e-02
-3.472197467079496391e-03
-8.635720449763795159e-03
-1.509012404082810122e-02
-3.472197467079496391e-03
4.918527588115395588e-03
-3.472197467079496391e-03
-2.154452747942414703e-02
-1.509012404082810122e-02
5.563967987665563442e-03
4.004448340282351637e-04
-2.826757087376563504e-03
1.201837206717293327e-02
4.918527588115395588e-03
-1.896276612227687508e-02
-1.509012404082810122e-02
2.982206398630893318e-03
-4.763078221905914234e-03
-1.509012404082810122e-02
-5.408518597029399189e-03
2.982206398630893318e-03
-2.181316706149516449e-03
-1.535876323394802512e-03
5.563967987665563442e-03
7.500289195478515580e-03
-2.449955533059267054e-04
-4.763078221905914234e-03
8.791170008324300511e-03
1.691325613276006834e-03
-2.218996781490112369e-02
-1.379924333481419296e-02
7.500289195478515580e-03
4.273087190094670973e-03
-1.250836262270205168e-02
-3.472197467079496391e-03
8.791170008324300511e-03
-5.408518597029399189e-03
-8.635720449763795159e-03
6.854848791347123438e-03
-2.449955533059267054e-04
-9.281160815731936964e-03
4.273087190094670973e-03
2.040909759899278697e-02
8.791170008324300511e-03
-2.089908714242305621e-02
-2.864437108587480907e-02
-7.990280082267986472e-03
1.395469332081944458e-02
1.266381248352566047e-02
1.137293165234787296e-02
9.436610417038693299e-03
-9.926601180175964600e-03
-2.218996781490112369e-02
-3.472197467079496391e-03
1.137293165234787296e-02
-2.181316706149516449e-03
-1.057204154309587807e-02
-7.344839713246287261e-03
4.004448340282351637e-04
4.004448340282351637e-04
-6.053958970626993619e-03
-9.926601180175964600e-03
-9.281160815731936964e-03
-1.638100474074200008e-02
-1.638100474074200008e-02
-5.408518597029399189e-03
1.691325613276006834e-03
-8.904359391124216927e-04
4.273087190094670973e-03
4.004448340282351637e-04
-1.509012404082810122e-02
-1.250836262270205168e-02
1.691325613276006834e-03
-6.053958970626993619e-03
-2.283540814885398618e-02
-4.413493831499515352e-02
-7.253430929372584046e-02
-1.112607195315735709e-01
-1.499871243240491481e-01
-1.519234444210457724e-01
-1.370783233305168380e-01
-1.557960845743391332e-01
-1.706412046595300325e-01
-1.622504847092773872e-01
-1.603141646846140134e-01
-1.777410444187506044e-01
-1.841954440419097949e-01
-1.764501644760692045e-01
-1.719320846292937688e-01
-1.796773643214883975e-01
-1.835500040863600191e-01
-1.816136842106921279e-01
-1.848408839959549965e-01
-1.932316032617720225e-01
-1.861317638995352297e-01
-1.874226437971060477e-01
-2.054949617320822597e-01
-2.048495218261034978e-01
-1.945224831262812870e-01
-1.912952834537406943e-01
-1.803228042860602898e-01
-1.867772038490720377e-01
-1.919407233912533428e-01
-2.009768823587148034e-01
-2.209855190255165525e-01
-2.222763987609859271e-01
-2.054949617320822597e-01
-2.009768823587148034e-01
-2.100130410319138718e-01
-2.151765601417103824e-01
-2.132402404867850265e-01
-2.235672784904583210e-01
-2.319579965859599469e-01
-2.261490379314228250e-01
-2.229218386264708585e-01
-2.313125567414466843e-01
-2.384123949487442218e-01
-2.422850338945732318e-01
-2.461576727865395497e-01
-2.513211912254060820e-01
-2.384123949487442218e-01
-2.229218386264708585e-01
-2.209855190255165525e-01
-2.390578347767906564e-01
-2.429304737136401826e-01
-2.274399176429167113e-01
-2.306671168954359530e-01
-2.371215152881642751e-01
-2.293762371989220838e-01
-2.274399176429167113e-01
-2.448667931618686566e-01
-2.564847095685927059e-01
-2.590664687043187087e-01
-2.506757514257813568e-01
-2.603573482632182134e-01
-2.726207037748160644e-01
-2.610027880404253153e-01
-2.364760754556289868e-01
-2.326034364289757406e-01
-2.332488762704940655e-01
-2.338943161105149215e-01
-2.358306356215944533e-01
-2.442213533472887832e-01
-2.526120708201720078e-01
-2.416395940740088122e-01
-2.455122329749510612e-01
-2.590664687043187087e-01
-2.571301493547668571e-01
-2.442213533472887832e-01
-2.409941542519487001e-01
-2.532575106153114319e-01
-2.371215152881642751e-01
-2.229218386264708585e-01
-2.377669551192038710e-01
-2.506757514257813568e-01
-2.448667931618686566e-01
-2.429304737136401826e-01
-2.480939922123290842e-01
-2.526120708201720078e-01
-2.455122329749510612e-01
-2.519666310235368911e-01
-2.674571857303646993e-01
-2.610027880404253153e-01
-2.513211912254060820e-01
-2.616482278161402775e-01
-2.700389447645310526e-01
-2.480939922123290842e-01
-2.358306356215944533e-01
-2.642299869040627414e-01
-2.784296614606613929e-01
-2.610027880404253153e-01
-2.468031125966323458e-01
-2.532575106153114319e-01
-2.539029504089569400e-01
-2.384123949487442218e-01
-2.513211912254060820e-01
-2.803659806624239081e-01
-2.887566970483241846e-01
-2.835931793022048453e-01
-2.758479025040934118e-01
-2.732661435236565239e-01
-2.668117459680896530e-01
-2.500303116246609392e-01
-2.397032746033396222e-01
-2.435759135312132173e-01
-2.209855190255165525e-01
-2.022677621871835640e-01
-2.119493607093367871e-01
-2.080767213409888683e-01
-1.958133629847829127e-01
-1.867772038490720377e-01
-1.829045641293074453e-01
-1.874226437971060477e-01
-1.912952834537406943e-01
-1.835500040863600191e-01
-1.880680837436354835e-01
-1.841954440419097949e-01
-1.712866446451641878e-01
-1.829045641293074453e-01
-1.990405626047522247e-01
-1.912952834537406943e-01
-1.925861633272631934e-01
-2.190491994110743690e-01
-2.255035980734287904e-01
-2.125948005988114176e-01
-2.061404016365617764e-01
-2.229218386264708585e-01
-2.545483902011085320e-01
-2.790751011960743710e-01
-3.042472497145745081e-01
-3.236104393419374503e-01
-3.274830771068586444e-01
-3.178014825942501176e-01
-3.236104393419374503e-01
-3.410373088630755944e-01
-3.307102752034438709e-01
-3.042472497145745081e-01
-2.894021367598842431e-01
-2.842386190256860345e-01
-2.668117459680896530e-01
-2.539029504089569400e-01
-2.655208664390631412e-01
-2.622936675903613235e-01
-2.539029504089569400e-01
-2.558392697809264149e-01
-2.558392697809264149e-01
-2.409941542519487001e-01
-2.119493607093367871e-01
-2.190491994110743690e-01
-2.371215152881642751e-01
-2.313125567414466843e-01
-2.164674399041608410e-01
-2.196946392840537499e-01
-2.319579965859599469e-01
-2.235672784904583210e-01
-2.158220000236852343e-01
-2.248581582139372870e-01
-2.177583196606160953e-01
-2.035586420096446858e-01
-2.093676011364387080e-01
-2.267944777879193907e-01
-2.351851957860660036e-01
-2.138856803732611667e-01
-2.222763987609859271e-01
-2.332488762704940655e-01
-2.113039208183629114e-01
-1.900044035742070037e-01
-2.003314424422288909e-01
-2.190491994110743690e-01
-2.177583196606160953e-01
-2.113039208183629114e-01
-2.113039208183629114e-01
-2.067858415395367189e-01
-1.996860025242419567e-01
-2.093676011364387080e-01
-2.184037595365939666e-01
-2.100130410319138718e-01
-1.854863239484974002e-01
-1.906498435147252479e-01
-2.113039208183629114e-01
-2.184037595365939666e-01
-2.255035980734287904e-01
-2.280853574964165631e-01
-2.267944777879193907e-01
-2.138856803732611667e-01
-2.145311202582362853e-01
-2.313125567414466843e-01
-2.326034364289757406e-01
-2.216309588939999742e-01
-2.125948005988114176e-01
-2.216309588939999742e-01
-2.164674399041608410e-01
-2.138856803732611667e-01
-2.267944777879193907e-01
-2.235672784904583210e-01
-2.138856803732611667e-01
-2.029132020991646357e-01
-2.003314424422288909e-01
-2.054949617320822597e-01
-1.932316032617720225e-01
-1.925861633272631934e-01
-2.093676011364387080e-01
-2.093676011364387080e-01
-1.906498435147252479e-01
-1.893589636321841851e-01
-2.048495218261034978e-01
-2.035586420096446858e-01
-1.932316032617720225e-01
-1.932316032617720225e-01
-1.951679230562834988e-01
-1.861317638995352297e-01
-1.835500040863600191e-01
-2.106584809258880142e-01
-2.209855190255165525e-01
-2.074312814410141925e-01
-2.067858415395367189e-01
-2.125948005988114176e-01
-2.067858415395367189e-01
-1.893589636321841851e-01
-1.880680837436354835e-01
-2.009768823587148034e-01
-2.003314424422288909e-01
-1.945224831262812870e-01
-2.067858415395367189e-01
-2.093676011364387080e-01
-2.132402404867850265e-01
-2.171128797831389790e-01
-2.151765601417103824e-01
-2.261490379314228250e-01
-1.996860025242419567e-01
-1.796773643214883975e-01
-1.919407233912533428e-01
-2.125948005988114176e-01
-2.106584809258880142e-01
-2.016223222736996945e-01
-2.009768823587148034e-01
-2.080767213409888683e-01
-2.274399176429167113e-01
-2.584210289226298585e-01
-2.635845471343234436e-01
-2.358306356215944533e-01
-2.306671168954359530e-01
-2.377669551192038710e-01
-2.196946392840537499e-01
-2.016223222736996945e-01
-1.964588029117795287e-01
-2.067858415395367189e-01
-2.087221612394642989e-01
-2.119493607093367871e-01
-2.113039208183629114e-01
-2.061404016365617764e-01
-1.964588029117795287e-01
-1.945224831262812870e-01
-2.093676011364387080e-01
-2.177583196606160953e-01
-2.029132020991646357e-01
-1.848408839959549965e-01
-2.009768823587148034e-01
-2.080767213409888683e-01
-1.990405626047522247e-01
-1.932316032617720225e-01
-1.996860025242419567e-01
-2.042040819186272671e-01
-1.912952834537406943e-01
-1.816136842106921279e-01
-1.925861633272631934e-01
-1.971042428372751232e-01
-1.938770431947780537e-01
-1.977496827612714725e-01
-1.983951226837614712e-01
-1.880680837436354835e-01
-1.758047245024734195e-01
-1.835500040863600191e-01
-1.919407233912533428e-01
-1.816136842106921279e-01
-1.706412046595300325e-01
-1.758047245024734195e-01
-1.816136842106921279e-01
-1.816136842106921279e-01
-1.803228042860602898e-01
-1.816136842106921279e-01
-1.758047245024734195e-01
-1.506325643578882989e-01
-1.519234444210457724e-01
-1.538597645044745832e-01
-1.383692034570298546e-01
-1.228786415402840504e-01
-1.293330424446441640e-01
-1.209423212395126512e-01
-1.119061596560211314e-01
-1.112607195315735709e-01
-1.183605608173223800e-01
-1.048063182038880825e-01
-8.608855349747734920e-02
-9.447927576477077594e-02
-1.048063182038880825e-01
-1.002882371844648901e-01
-8.802487404342862476e-02
-8.931575439981820352e-02
-9.899735687957900154e-02
-8.931575439981820352e-02
-7.963415157910525011e-02
-8.737943386296187498e-02
-8.867031422238191851e-02
-7.963415157910525011e-02
-7.511607014601118237e-02
-8.157047217053658983e-02
-8.286135255724325077e-02
-6.737078751631031537e-02
-6.349814611949078369e-02
-6.672534728730106224e-02
-6.995254841715947691e-02
-7.188886907685976269e-02
-7.253430929372584046e-02
-8.092503197490863442e-02
-7.640695056305091271e-02
-6.220726564173517659e-02
-7.317974950907313314e-02
-8.673399368097811646e-02
-7.834327117723383083e-02
-7.511607014601118237e-02
-7.382518972290341708e-02
-6.672534728730106224e-02
-5.704374366996134427e-02
-6.027094491371265406e-02
-7.511607014601118237e-02
-6.995254841715947691e-02
-4.736213971075109441e-02
-4.736213971075109441e-02
-7.511607014601118237e-02
-6.737078751631031537e-02
-5.317110212731535057e-02
-5.510742290547554489e-02
-6.027094491371265406e-02
-5.123478133547543223e-02
-4.348949803128121516e-02
-6.220726564173517659e-02
-7.705239076929615294e-02
-5.510742290547554489e-02
-4.671669943463996333e-02
-5.898006442076919598e-02
-5.898006442076919598e-02
-4.865302025840634315e-02
-4.994390079998112242e-02
-6.543446682473152975e-02
-5.768918392174882115e-02
-4.284405774604671535e-02
-4.348949803128121516e-02
-4.413493831499515352e-02
-4.348949803128121516e-02
-3.961685629705335998e-02
-5.575286316182470614e-02
-6.414358635608863324e-02
-3.574421450804798894e-02
-4.155317717101425501e-02
-5.768918392174882115e-02
-5.058934106848944623e-02
-3.703509511047009539e-02
-3.703509511047009539e-02
-4.929846052995401351e-02
-5.188022160094263313e-02
-3.445333389953653125e-02
-3.509877420455431718e-02
-4.736213971075109441e-02
-3.897141600269016237e-02
-3.703509511047009539e-02
-5.252566186488927258e-02
-5.123478133547543223e-02
-3.897141600269016237e-02
-3.832597570680462695e-02
-5.123478133547543223e-02
-5.058934106848944623e-02
-3.445333389953653125e-02
-3.574421450804798894e-02
-4.348949803128121516e-02
-4.155317717101425501e-02
-3.768053540939853008e-02
-4.478037859718853042e-02
-4.219861745929165409e-02
-3.832597570680462695e-02
-3.832597570680462695e-02
-4.865302025840634315e-02
-4.929846052995401351e-02
-3.832597570680462695e-02
-2.928981140459541166e-02
-3.445333389953653125e-02
-4.090773688121629448e-02
-3.445333389953653125e-02
-2.799893076563364502e-02
-3.445333389953653125e-02
-3.187157266424733848e-02
-2.928981140459541166e-02
-3.832597570680462695e-02
-4.026229658989599614e-02
-3.316245328493572231e-02
-3.058069203746605069e-02
-3.961685629705335998e-02
-4.090773688121629448e-02
-2.606260979576546788e-02
-2.541716946943139988e-02
-3.961685629705335998e-02
-4.219861745929165409e-02
-3.703509511047009539e-02
-3.832597570680462695e-02
-4.994390079998112242e-02
-4.607125915701004715e-02
-2.025364680389785121e-02
-1.509012404082810122e-02
-3.380789359299818386e-02
-3.251701297535269930e-02
-2.154452747942414703e-02
-3.058069203746605069e-02
-3.574421450804798894e-02
-3.574421450804798894e-02
-1.831732577917932758e-02
-2.348084848128273450e-02
-2.670805012057897443e-02
-1.896276612227687508e-02
-2.412628881218914501e-02
-3.703509511047009539e-02
-3.768053540939853008e-02
-2.735349044386659045e-02
-2.412628881218914501e-02
-2.670805012057897443e-02
-2.541716946943139988e-02
-2.993525172179367644e-02
-3.445333389953653125e-02
-4.026229658989599614e-02
-3.122613235161786349e-02
-3.187157266424733848e-02
-4.155317717101425501e-02
-3.768053540939853008e-02
-2.283540814885398618e-02
-2.670805012057897443e-02
-3.380789359299818386e-02
-2.670805012057897443e-02
-2.154452747942414703e-02
-3.122613235161786349e-02
-3.832597570680462695e-02
-2.606260979576546788e-02
-2.089908714242305621e-02
-2.928981140459541166e-02
-3.251701297535269930e-02
-2.735349044386659045e-02
-2.025364680389785121e-02
-2.799893076563364502e-02
-3.768053540939853008e-02
-2.218996781490112369e-02
-2.154452747942414703e-02
-3.122613235161786349e-02
-3.122613235161786349e-02
-2.154452747942414703e-02
-2.348084848128273450e-02
-3.251701297535269930e-02
-2.670805012057897443e-02
-2.670805012057897443e-02
-3.445333389953653125e-02
-2.735349044386659045e-02
-1.186292226435803343e-02
-1.057204154309587807e-02
-2.735349044386659045e-02
-2.864437108587480907e-02
-1.573556439154621955e-02
-2.348084848128273450e-02
-3.380789359299818386e-02
-2.928981140459541166e-02
-1.896276612227687508e-02
-1.896276612227687508e-02
-2.670805012057897443e-02
-1.638100474074200008e-02
-1.509012404082810122e-02
-2.799893076563364502e-02
-2.412628881218914501e-02
-1.896276612227687508e-02
-2.348084848128273450e-02
-3.251701297535269930e-02
-3.187157266424733848e-02
-3.574421450804798894e-02
-2.477172914157144135e-02
-2.412628881218914501e-02
-1.702644508841189008e-02
-8.635720449763795159e-03
-1.638100474074200008e-02
-2.218996781490112369e-02
-2.412628881218914501e-02
-1.573556439154621955e-02
-1.767188543455766592e-02
-2.218996781490112369e-02
-1.509012404082810122e-02
-1.186292226435803343e-02
-1.638100474074200008e-02
-2.412628881218914501e-02
-1.638100474074200008e-02
-1.315380297952017941e-02
-2.348084848128273450e-02
-1.509012404082810122e-02
-1.315380297952017941e-02
-2.477172914157144135e-02
-2.993525172179367644e-02
-2.283540814885398618e-02
-1.509012404082810122e-02
-2.541716946943139988e-02
-2.864437108587480907e-02
-6.053958970626993619e-03
-8.904359391124216927e-04
-1.702644508841189008e-02
-2.412628881218914501e-02
-2.670805012057897443e-02
-2.477172914157144135e-02
-3.316245328493572231e-02
-2.283540814885398618e-02
-6.699399342700473881e-03
-2.928981140459541166e-02
-3.058069203746605069e-02
-6.053958970626993619e-03
-1.186292226435803343e-02
-1.831732577917932758e-02
-1.767188543455766592e-02
-1.250836262270205168e-02
-2.283540814885398618e-02
-3.961685629705335998e-02
-2.218996781490112369e-02
-7.990280082267986472e-03
-1.896276612227687508e-02
-3.380789359299818386e-02
-1.638100474074200008e-02
-3.472197467079496391e-03
-1.896276612227687508e-02
-2.928981140459541166e-02
-1.509012404082810122e-02
-4.117637845254762397e-03
-1.638100474074200008e-02
-2.025364680389785121e-02
-1.057204154309587807e-02
-6.699399342700473881e-03
-2.928981140459541166e-02
-2.735349044386659045e-02
-9.926601180175964600e-03
-1.509012404082810122e-02
-2.412628881218914501e-02
-2.025364680389785121e-02
-1.250836262270205168e-02
-8.635720449763795159e-03
-2.541716946943139988e-02
-2.218996781490112369e-02
-1.250836262270205168e-02
-2.283540814885398618e-02
-2.928981140459541166e-02
-1.573556439154621955e-02
-1.767188543455766592e-02
-2.477172914157144135e-02
-2.218996781490112369e-02
-1.638100474074200008e-02
-1.638100474074200008e-02
-1.960820646384853205e-02
-1.896276612227687508e-02
-1.121748190448990101e-02
-1.186292226435803343e-02
-2.348084848128273450e-02
-1.831732577917932758e-02
-1.444468368858231599e-02
-1.444468368858231599e-02
-2.412628881218914501e-02
-1.444468368858231599e-02
-7.990280082267986472e-03
-2.670805012057897443e-02
-2.864437108587480907e-02
-1.509012404082810122e-02
-1.379924333481419296e-02
-2.283540814885398618e-02
-1.831732577917932758e-02
-1.057204154309587807e-02
-1.509012404082810122e-02
-2.541716946943139988e-02
-2.089908714242305621e-02
1.045885222888287558e-03
-6.053958970626993619e-03
-2.799893076563364502e-02
-2.218996781490112369e-02
-3.472197467079496391e-03
-6.053958970626993619e-03
-1.573556439154621955e-02
-9.281160815731936964e-03
-4.763078221905914234e-03
-1.379924333481419296e-02
-1.831732577917932758e-02
-8.635720449763795159e-03
-6.699399342700473881e-03
-1.509012404082810122e-02
-1.379924333481419296e-02
-1.057204154309587807e-02
-1.057204154309587807e-02
-1.573556439154621955e-02
-1.573556439154621955e-02
-5.408518597029399189e-03
-8.635720449763795159e-03
-1.509012404082810122e-02
-1.702644508841189008e-02
-1.960820646384853205e-02
-2.283540814885398618e-02
-2.606260979576546788e-02
-8.635720449763795159e-03
-2.283540814885398618e-02
-2.348084848128273450e-02
-1.509012404082810122e-02
-8.635720449763795159e-03
-1.379924333481419296e-02
-2.218996781490112369e-02
-1.831732577917932758e-02
-9.926601180175964600e-03
-1.379924333481419296e-02
-2.025364680389785121e-02
-1.573556439154621955e-02
-9.281160815731936964e-03
-1.638100474074200008e-02
-1.960820646384853205e-02
-6.699399342700473881e-03
-3.472197467079496391e-03
-1.573556439154621955e-02
-1.573556439154621955e-02
-8.635720449763795159e-03
-7.990280082267986472e-03
-1.509012404082810122e-02
-8.635720449763795159e-03
1.691325613276006834e-03
-4.763078221905914234e-03
-2.864437108587480907e-02
