-1.521901126364966217e-03
-7.976304229817543501e-03
-1.313982660298584904e-02
-9.267184832239649950e-03
-8.764608076443636264e-04
-2.310204874031995814e-04
-6.039983314767738420e-03
-2.167341443563230996e-03
2.350740808799045567e-03
-9.267184832239649950e-03
-1.636702803676470808e-02
-3.458222073387418050e-03
3.641621466041300437e-03
-1.521901126364966217e-03
-8.764608076443636264e-04
7.514263474332594228e-03
4.287061796947710945e-03
-1.443070718106120864e-02
-7.330863926323871738e-03
1.009602484367277953e-02
6.223382798806298410e-03
-1.120350572445971693e-02
-6.039983314767738420e-03
6.223382798806298410e-03
-2.812781759235605250e-03
-1.055806542857418151e-02
1.705300482464977563e-03
4.287061796947710945e-03
-2.812781759235605250e-03
-7.330863926323871738e-03
-4.749102697122253858e-03
-8.764608076443636264e-04
-1.378526689278380957e-02
-7.330863926323871738e-03
7.514263474332594228e-03
6.868823135807389235e-03
4.287061796947710945e-03
-6.039983314767738420e-03
4.287061796947710945e-03
5.577942463329321754e-03
-4.103662386016893038e-03
8.159703814381913389e-03
1.396866694341625248e-02
-2.310204874031995814e-04
-1.765790859962912407e-02
-2.310204874031995814e-04
1.719586873513456737e-02
1.059860157651471013e-03
-1.249438631166555069e-02
4.144198343638549886e-04
4.287061796947710945e-03
-6.039983314767738420e-03
-8.621744531788877453e-03
2.996181136659004096e-03
-6.685423621306085806e-03
2.996181136659004096e-03
-8.764608076443636264e-04
-3.458222073387418050e-03
-8.764608076443636264e-04
-9.267184832239649950e-03
1.059860157651471013e-03
8.159703814381913389e-03
-6.039983314767738420e-03
-2.282143079025900079e-02
-2.088510998017589770e-02
-2.310204874031995814e-04
5.577942463329321754e-03
-2.310204874031995814e-04
1.705300482464977563e-03
-1.521901126364966217e-03
-2.217599052175067698e-02
-1.701246831895808498e-02
8.805144155953570362e-03
8.159703814381913389e-03
-1.055806542857418151e-02
-6.685423621306085806e-03
5.577942463329321754e-03
-2.812781759235605250e-03
-1.521901126364966217e-03
1.009602484367277953e-02
1.074146518981855536e-02
-2.310204874031995814e-04
-5.394543006705276866e-03
1.059860157651471013e-03
2.350740808799045567e-03
-7.976304229817543501e-03
-7.976304229817543501e-03
-2.310204874031995814e-04
1.705300482464977563e-03
-8.621744531788877453e-03
-1.378526689278380957e-02
5.577942463329321754e-03
1.009602484367277953e-02
-8.764608076443636264e-04
1.203234588668422589e-02
1.267778623740234423e-02
-2.310204874031995814e-04
-1.521901126364966217e-03
1.525954765552839376e-02
1.074146518981855536e-02
-1.378526689278380957e-02
-1.120350572445971693e-02
6.868823135807389235e-03
2.996181136659004096e-03
-6.685423621306085806e-03
-1.521901126364966217e-03
9.450584499051117859e-03
6.868823135807389235e-03
-2.167341443563230996e-03
3.641621466041300437e-03
1.074146518981855536e-02
1.705300482464977563e-03
-4.749102697122253858e-03
4.144198343638549886e-04
1.267778623740234423e-02
1.009602484367277953e-02
-1.184894601882291454e-02
-1.055806542857418151e-02
-5.394543006705276866e-03
-2.310204874031995814e-04
-1.378526689278380957e-02
-3.458222073387418050e-03
2.350740808799045567e-03
-9.912625131168084636e-03
8.159703814381913389e-03
2.429571281115094905e-02
6.868823135807389235e-03
-1.055806542857418151e-02
-4.749102697122253858e-03
6.223382798806298410e-03
4.932502129376459266e-03
-1.521901126364966217e-03
-8.764608076443636264e-04
-1.521901126364966217e-03
-2.167341443563230996e-03
6.868823135807389235e-03
1.396866694341625248e-02
4.932502129376459266e-03
-6.039983314767738420e-03
-5.394543006705276866e-03
8.805144155953570362e-03
2.350740808799045567e-03
-1.894878915640951789e-02
-6.685423621306085806e-03
8.159703814381913389e-03
-1.521901126364966217e-03
-5.394543006705276866e-03
2.996181136659004096e-03
1.059860157651471013e-03
-1.765790859962912407e-02
-1.055806542857418151e-02
1.655042837374054443e-02
6.868823135807389235e-03
-7.976304229817543501e-03
-4.103662386016893038e-03
4.144198343638549886e-04
4.932502129376459266e-03
4.144198343638549886e-04
4.932502129376459266e-03
9.450584499051117859e-03
-3.458222073387418050e-03
-4.103662386016893038e-03
8.159703814381913389e-03
1.396866694341625248e-02
3.641621466041300437e-03
-4.749102697122253858e-03
1.138690553748844536e-02
6.868823135807389235e-03
-1.055806542857418151e-02
-1.249438631166555069e-02
-4.103662386016893038e-03
4.144198343638549886e-04
1.059860157651471013e-03
-2.310204874031995814e-04
7.514263474332594228e-03
4.287061796947710945e-03
-7.330863926323871738e-03
1.059860157651471013e-03
1.396866694341625248e-02
-4.749102697122253858e-03
-1.636702803676470808e-02
-2.812781759235605250e-03
8.805144155953570362e-03
1.784130909805448084e-02
-8.621744531788877453e-03
-4.103662386016893038e-03
4.932502129376459266e-03
-3.458222073387418050e-03
2.996181136659004096e-03
8.159703814381913389e-03
-2.310204874031995814e-04
-7.976304229817543501e-03
-7.976304229817543501e-03
5.577942463329321754e-03
-4.749102697122253858e-03
-1.894878915640951789e-02
-1.055806542857418151e-02
4.144198343638549886e-04
-2.310204874031995814e-04
-9.267184832239649950e-03
-6.039983314767738420e-03
-1.521901126364966217e-03
-6.685423621306085806e-03
-8.764608076443636264e-04
6.223382798806298410e-03
-3.458222073387418050e-03
-9.267184832239649950e-03
-2.310204874031995814e-04
5.577942463329321754e-03
-4.103662386016893038e-03
-6.039983314767738420e-03
2.350740808799045567e-03
5.577942463329321754e-03
-4.749102697122253858e-03
-6.039983314767738420e-03
1.009602484367277953e-02
3.641621466041300437e-03
-4.749102697122253858e-03
5.577942463329321754e-03
1.784130909805448084e-02
1.332322658964812945e-02
-1.249438631166555069e-02
-1.521901126364966217e-03
-8.764608076443636264e-04
-1.313982660298584904e-02
-8.764608076443636264e-04
9.450584499051117859e-03
4.144198343638549886e-04
4.144198343638549886e-04
2.350740808799045567e-03
4.287061796947710945e-03
-8.764608076443636264e-04
-9.267184832239649950e-03
-2.167341443563230996e-03
1.138690553748844536e-02
4.287061796947710945e-03
-9.912625131168084636e-03
-8.621744531788877453e-03
4.144198343638549886e-04
2.350740808799045567e-03
1.059860157651471013e-03
1.461410729871026604e-02
8.805144155953570362e-03
-1.249438631166555069e-02
-5.394543006705276866e-03
1.059860157651471013e-03
1.059860157651471013e-03
4.932502129376459266e-03
-6.039983314767738420e-03
-2.310204874031995814e-04
-2.167341443563230996e-03
-4.749102697122253858e-03
-1.521901126364966217e-03
-7.976304229817543501e-03
-2.812781759235605250e-03
-3.458222073387418050e-03
-4.749102697122253858e-03
5.577942463329321754e-03
4.287061796947710945e-03
2.350740808799045567e-03
4.932502129376459266e-03
1.705300482464977563e-03
-9.912625131168084636e-03
-1.378526689278380957e-02
4.287061796947710945e-03
6.223382798806298410e-03
-6.685423621306085806e-03
1.705300482464977563e-03
-1.521901126364966217e-03
-1.120350572445971693e-02
-9.267184832239649950e-03
7.514263474332594228e-03
1.203234588668422589e-02
-4.749102697122253858e-03
-2.310204874031995814e-04
1.138690553748844536e-02
1.705300482464977563e-03
-9.267184832239649950e-03
-7.976304229817543501e-03
-2.310204874031995814e-04
2.350740808799045567e-03
4.287061796947710945e-03
4.287061796947710945e-03
-1.521901126364966217e-03
-8.621744531788877453e-03
-6.685423621306085806e-03
5.577942463329321754e-03
1.461410729871026604e-02
8.805144155953570362e-03
1.059860157651471013e-03
-8.764608076443636264e-04
2.350740808799045567e-03
-1.521901126364966217e-03
-1.521901126364966217e-03
2.350740808799045567e-03
-8.764608076443636264e-04
-8.621744531788877453e-03
-6.685423621306085806e-03
-5.394543006705276866e-03
-1.572158775305076972e-02
-3.185759438976987212e-02
-5.638432265965498402e-02
-7.639296778456738934e-02
-1.073740928512005866e-01
-1.306099343681648151e-01
-1.319008143951503342e-01
-1.344825744310469418e-01
-1.551366538510769999e-01
-1.480368142242429741e-01
-1.544912138925216283e-01
-1.841814504311063416e-01
-1.841814504311063416e-01
-1.674000127780530534e-01
-1.628819332364948025e-01
-1.854723302085545811e-01
-1.932176087472861070e-01
-1.719180922460115113e-01
-1.635273731755102489e-01
-1.803088110627584228e-01
-1.932176087472861070e-01
-1.809542509612338534e-01
-1.738544119954692491e-01
-1.867632099800058398e-01
-1.899904093823856499e-01
-1.835360105401324660e-01
-1.880540897454547888e-01
-1.951539283482404130e-01
-1.919267290058233044e-01
-1.893449695049085335e-01
-2.067718456708078634e-01
-2.254896003370809865e-01
-2.177443226967206158e-01
-2.080627253433640078e-01
-2.216169615438161600e-01
-2.306531186443994130e-01
-2.241987207453064457e-01
-2.287167992903622604e-01
-2.351711970848597844e-01
-2.254896003370809865e-01
-2.209715217397061338e-01
-2.261350401307264946e-01
-2.390438356898592076e-01
-2.306531186443994130e-01
-2.145171236163427864e-01
-2.183897625083091043e-01
-2.338803175379098320e-01
-2.435619139944282807e-01
-2.461436729927726219e-01
-2.474345524829928422e-01
-2.584070279089605293e-01
-2.609887867700937392e-01
-2.629251059002974955e-01
-2.538889498445797699e-01
-2.383983959260920216e-01
-2.409801549722025982e-01
-2.435619139944282807e-01
-2.487254319672427272e-01
-2.403347152129153841e-01
-2.235532809471756366e-01
-2.480799922258629664e-01
-2.874518137228410097e-01
-3.068150025921081436e-01
-3.190783548514435353e-01
-3.326325856731280339e-01
-3.442504972860298551e-01
-3.487685738948673730e-01
-3.649045611920485044e-01
-4.029854875550142879e-01
-4.107307600857659224e-01
-3.933038965933821629e-01
-4.062126844685884919e-01
-4.152488356308392525e-01
-4.036309269406732625e-01
-3.816859870017097478e-01
-3.765224714742441137e-01
-3.797496686899766161e-01
-3.629682427651612642e-01
-3.390869810728514011e-01
-3.332780252197640181e-01
-3.216601131535927749e-01
-3.055241233757488573e-01
-3.022969253088678698e-01
-3.300508274717657287e-01
-3.384415415395416460e-01
-2.977788479528538090e-01
-2.971334083246244262e-01
-3.068150025921081436e-01
-2.906790119605968670e-01
-2.887426930224030741e-01
-2.977788479528538090e-01
-3.042332441534512100e-01
-3.016514856910355036e-01
-2.880972533733654473e-01
-2.855154947623450568e-01
-2.887426930224030741e-01
-2.777702187864843353e-01
-2.835791757884624786e-01
-2.977788479528538090e-01
-2.951970894310207427e-01
-2.797065378005338943e-01
-2.803519774689089417e-01
-2.900335723160196721e-01
-2.880972533733654473e-01
-2.855154947623450568e-01
-2.855154947623450568e-01
-2.900335723160196721e-01
-2.926153308854111401e-01
-2.951970894310207427e-01
-2.984242875795981575e-01
-2.829337361275268137e-01
-2.642159853129815161e-01
-2.603433470570468700e-01
-2.719612616639626168e-01
-2.822882964651043380e-01
-2.700249425963221483e-01
-2.622796661917199401e-01
-2.790610981306720362e-01
-2.745430203999692509e-01
-2.751884600802476655e-01
-2.984242875795981575e-01
-3.048786837653416626e-01
-2.835791757884624786e-01
-2.797065378005338943e-01
-3.029423649252134254e-01
-3.035878045400739467e-01
-2.945516497968476699e-01
-2.932607705240410922e-01
-3.029423649252134254e-01
-3.113330798026066049e-01
-2.945516497968476699e-01
-2.977788479528538090e-01
-2.964879686949082327e-01
-2.822882964651043380e-01
-2.971334083246244262e-01
-3.152057173537290424e-01
-3.035878045400739467e-01
-2.958425290637070049e-01
-3.068150025921081436e-01
-3.126239589922494844e-01
-3.055241233757488573e-01
-2.906790119605968670e-01
-2.997151668286281989e-01
-3.210146735802794637e-01
-3.235964318646367133e-01
-3.210146735802794637e-01
-3.313417065754098445e-01
-3.197237944292066203e-01
-3.010060460717181030e-01
-3.022969253088678698e-01
-3.106876402055593900e-01
-3.126239589922494844e-01
-3.055241233757488573e-01
-3.100422006070271408e-01
-3.126239589922494844e-01
-2.997151668286281989e-01
-2.945516497968476699e-01
-3.029423649252134254e-01
-3.132693985848451490e-01
-3.093967610070134100e-01
-3.074604421980602353e-01
-3.126239589922494844e-01
-3.055241233757488573e-01
-2.887426930224030741e-01
-2.861609344173299263e-01
-2.945516497968476699e-01
-3.074604421980602353e-01
-3.074604421980602353e-01
-3.087513214055128685e-01
-3.158511569403898989e-01
-3.010060460717181030e-01
-2.887426930224030741e-01
-3.061695629846710176e-01
-3.171420361092600615e-01
-3.074604421980602353e-01
-3.158511569403898989e-01
-3.700680769320872088e-01
-4.036309269406732625e-01
-3.933038965933821629e-01
-3.900766995325000153e-01
-3.887858206978282993e-01
-3.681317585406489457e-01
-3.487685738948673730e-01
-3.461868158415519758e-01
-3.513503319245128154e-01
-3.565138479128204807e-01
-3.674863190738832941e-01
-3.958856542155597680e-01
-4.391300908866853092e-01
-4.346120157222710390e-01
-4.158942749885383705e-01
-4.217032291416362710e-01
-4.139579569110320989e-01
-3.829768658688230687e-01
-3.752315925776237293e-01
-3.610319243249762167e-01
-3.448959368060169339e-01
-3.300508274717657287e-01
-3.268236296867268464e-01
-3.203692340054846710e-01
-3.003606064509174445e-01
-2.932607705240410922e-01
-2.951970894310207427e-01
-3.003606064509174445e-01
-2.848700551058716002e-01
-2.655068647197076359e-01
-2.745430203999692509e-01
-2.874518137228410097e-01
-2.803519774689089417e-01
-2.751884600802476655e-01
-2.738975807182004729e-01
-2.609887867700937392e-01
-2.532435101151335743e-01
-2.584070279089605293e-01
-2.635705456073846875e-01
-2.571161484694481913e-01
-2.513071909178439256e-01
-2.642159853129815161e-01
-2.635705456073846875e-01
-2.506617511824309474e-01
-2.448527934965856190e-01
-2.584070279089605293e-01
-2.596979073425078610e-01
-2.480799922258629664e-01
-2.493708717071303482e-01
-2.551798292989992945e-01
-2.596979073425078610e-01
-2.616342264816537977e-01
-2.655068647197076359e-01
-2.674431838186226429e-01
-2.622796661917199401e-01
-2.487254319672427272e-01
-2.487254319672427272e-01
-2.584070279089605293e-01
-2.584070279089605293e-01
-2.642159853129815161e-01
-2.667977441204740785e-01
-2.596979073425078610e-01
-2.513071909178439256e-01
-2.525980703841934627e-01
-2.590524676264784887e-01
-2.506617511824309474e-01
-2.383983959260920216e-01
-2.480799922258629664e-01
-2.551798292989992945e-01
-2.454982332454260785e-01
-2.454982332454260785e-01
-2.545343895725356020e-01
-2.584070279089605293e-01
-2.474345524829928422e-01
-2.442073537462512434e-01
-2.467891127386270256e-01
-2.409801549722025982e-01
-2.287167992903622604e-01
-2.396892754521342539e-01
-2.371075163940794539e-01
-2.254896003370809865e-01
-2.035446464632162389e-01
-2.035446464632162389e-01
-2.112899244985602110e-01
-2.067718456708078634e-01
-2.080627253433640078e-01
-1.938630486157695287e-01
-1.848268903205809721e-01
-1.848268903205809721e-01
-1.848268903205809721e-01
-1.951539283482404130e-01
-1.867632099800058398e-01
-1.590092935708415922e-01
-1.538457739324616824e-01
-1.570729737177245511e-01
-1.506185741096039976e-01
-1.519094540432579521e-01
-1.641728131130228974e-01
-1.635273731755102489e-01
-1.577184136702669548e-01
-1.467459342725341287e-01
-1.422278543941590812e-01
-1.415824144055122247e-01
-1.331916944161104510e-01
-1.415824144055122247e-01
-1.499731341405201590e-01
-1.383552144397057759e-01
-1.196374538953808297e-01
-1.267372942510398559e-01
-1.544912138925216283e-01
-1.506185741096039976e-01
-1.364188944421513838e-01
-1.357734544399562537e-01
-1.306099343681648151e-01
-1.202828939352524884e-01
-1.189920138540028205e-01
-1.293190543351503408e-01
-1.344825744310469418e-01
-1.170556937208129256e-01
-1.177011337667170920e-01
-1.338371344243309835e-01
-1.280281742961086877e-01
-1.164102536734006321e-01
-1.235100941119906537e-01
-1.293190543351503408e-01
-1.112467332397901743e-01
-1.073740928512005866e-01
-1.241555341428153270e-01
-1.118921732992710361e-01
-1.009196920827744037e-01
-1.144739335221132137e-01
-1.170556937208129256e-01
-1.144739335221132137e-01
-1.041468924858612866e-01
-1.041468924858612866e-01
-1.196374538953808297e-01
-1.144739335221132137e-01
-1.022105722485413537e-01
-1.196374538953808297e-01
-1.202828939352524884e-01
-1.073740928512005866e-01
-9.704705154922521615e-02
-1.099558531162987407e-01
-1.151193735740516644e-01
-9.575617135928737866e-02
-9.962881191096784050e-02
-1.131830534137101552e-01
-1.080195329197390919e-01
-1.060832127095956423e-01
-1.015651321664137186e-01
-1.080195329197390919e-01
-1.028560123291573092e-01
-9.704705154922521615e-02
-1.138284934686648597e-01
-1.073740928512005866e-01
-8.607456974205796030e-02
-1.028560123291573092e-01
-1.189920138540028205e-01
-1.041468924858612866e-01
-9.446529116330637521e-02
-9.381985106304924216e-02
-1.060832127095956423e-01
-1.106012931787994091e-01
-9.704705154922521615e-02
-1.009196920827744037e-01
-1.002742519976269620e-01
-9.575617135928737866e-02
-9.704705154922521615e-02
-9.511073126205360495e-02
-9.704705154922521615e-02
-9.123809064690746595e-02
-8.994721042976649983e-02
-1.041468924858612866e-01
-1.080195329197390919e-01
-1.028560123291573092e-01
-9.381985106304924216e-02
-9.381985106304924216e-02
-9.059265053909193455e-02
-8.930177031892760908e-02
-9.898337182279703939e-02
-1.041468924858612866e-01
-9.252897085800171340e-02
-9.511073126205360495e-02
-1.060832127095956423e-01
-9.898337182279703939e-02
-8.155648887092326049e-02
-8.736544997734263518e-02
-1.028560123291573092e-01
-9.833793173311633495e-02
-8.994721042976649983e-02
-9.381985106304924216e-02
-9.511073126205360495e-02
-8.994721042976649983e-02
-9.059265053909193455e-02
-9.446529116330637521e-02
-9.769249164192572721e-02
-8.542912962214899153e-02
-8.155648887092326049e-02
-9.059265053909193455e-02
-9.769249164192572721e-02
-9.704705154922521615e-02
-9.833793173311633495e-02
-9.833793173311633495e-02
-8.736544997734263518e-02
-8.478368950072656673e-02
-8.994721042976649983e-02
-9.317441096128220579e-02
-8.994721042976649983e-02
-8.284736912738210890e-02
-8.930177031892760908e-02
-8.801089009271656494e-02
-8.026560860841414069e-02
-7.381120720506828548e-02
-8.091104874042542860e-02
-7.962016847488762039e-02
-8.026560860841414069e-02
-9.059265053909193455e-02
-9.252897085800171340e-02
-8.672000986045702575e-02
-7.832928820329954078e-02
-9.059265053909193455e-02
-1.047923325619493085e-01
-8.801089009271656494e-02
-8.542912962214899153e-02
-9.381985106304924216e-02
-9.381985106304924216e-02
-8.542912962214899153e-02
-8.930177031892760908e-02
-1.073740928512005866e-01
-1.009196920827744037e-01
-7.639296778456738934e-02
-8.284736912738210890e-02
-9.059265053909193455e-02
-8.091104874042542860e-02
-7.445664735221235730e-02
-8.091104874042542860e-02
-9.446529116330637521e-02
-8.672000986045702575e-02
-8.155648887092326049e-02
-9.381985106304924216e-02
-8.478368950072656673e-02
-7.381120720506828548e-02
-8.220192899990941271e-02
-8.284736912738210890e-02
-7.316576705640898126e-02
-6.606592532122235184e-02
-7.252032690623444466e-02
-8.413824937779068591e-02
-8.220192899990941271e-02
-7.768384806523620512e-02
-8.736544997734263518e-02
-9.059265053909193455e-02
-8.026560860841414069e-02
-7.703840792565763707e-02
-8.349280925334312542e-02
-8.736544997734263518e-02
-7.962016847488762039e-02
-7.381120720506828548e-02
-8.478368950072656673e-02
-8.413824937779068591e-02
-7.445664735221235730e-02
-7.703840792565763707e-02
-8.930177031892760908e-02
-7.832928820329954078e-02
-7.381120720506828548e-02
-8.672000986045702575e-02
-9.317441096128220579e-02
-7.381120720506828548e-02
-6.542048515439269352e-02
-8.026560860841414069e-02
-7.832928820329954078e-02
-7.639296778456738934e-02
-8.155648887092326049e-02
-8.542912962214899153e-02
-8.542912962214899153e-02
-7.122944660134855610e-02
-7.122944660134855610e-02
-7.703840792565763707e-02
-7.445664735221235730e-02
-7.252032690623444466e-02
-8.994721042976649983e-02
-9.123809064690746595e-02
-7.058400644663365142e-02
-6.671136548654033049e-02
-7.962016847488762039e-02
-8.607456974205796030e-02
-6.800224581262881429e-02
-6.864768597340109579e-02
-7.510208749784474946e-02
-8.155648887092326049e-02
-7.768384806523620512e-02
-7.897472833985119678e-02
-8.542912962214899153e-02
-7.574752764196368560e-02
-6.477504498604602645e-02
-7.316576705640898126e-02
-8.736544997734263518e-02
-7.574752764196368560e-02
-7.187488675455000475e-02
-8.220192899990941271e-02
-7.703840792565763707e-02
-6.606592532122235184e-02
-7.445664735221235730e-02
-7.703840792565763707e-02
-6.864768597340109579e-02
-6.219328429751058707e-02
-7.574752764196368560e-02
-8.220192899990941271e-02
-6.864768597340109579e-02
-6.090240394415147307e-02
-6.735680565034130041e-02
-7.122944660134855610e-02
-6.671136548654033049e-02
-6.993856629040173800e-02
-7.187488675455000475e-02
-6.090240394415147307e-02
-5.573888247009151087e-02
-6.993856629040173800e-02
-7.768384806523620512e-02
-6.800224581262881429e-02
-5.444800208641709105e-02
-5.380256189230614439e-02
-5.509344227901280533e-02
-4.153919791599314237e-02
-3.895743700907061680e-02
-4.992992069579216263e-02
-4.605727944467297164e-02
-4.153919791599314237e-02
-5.702976284770144844e-02
-6.542048515439269352e-02
-5.509344227901280533e-02
-5.380256189230614439e-02
-5.832064321924690375e-02
-6.542048515439269352e-02
-4.670271965698447048e-02
-4.024831746557033796e-02
-5.186624130087480466e-02
-4.863904028482046726e-02
-4.605727944467297164e-02
-4.928448049106570750e-02
-5.315712169667818898e-02
-3.960287723807986993e-02
-2.927583339173089882e-02
-4.218463813892903147e-02
-5.057536089900338538e-02
-4.024831746557033796e-02
-3.573023584126033825e-02
-4.218463813892903147e-02
-5.122080110069759940e-02
-4.024831746557033796e-02
-3.185759438976987212e-02
-3.895743700907061680e-02
-4.024831746557033796e-02
-4.089375769154024454e-02
-4.799360007705821829e-02
-5.961152358473142954e-02
-5.186624130087480466e-02
-3.185759438976987212e-02
-3.960287723807986993e-02
-5.057536089900338538e-02
-3.185759438976987212e-02
-2.863039313842108413e-02
-4.605727944467297164e-02
-4.670271965698447048e-02
-3.960287723807986993e-02
-3.314847487967576001e-02
-3.831199677854613128e-02
-3.960287723807986993e-02
-2.411231132271218769e-02
-2.927583339173089882e-02
-3.960287723807986993e-02
-3.766655654650108431e-02
-4.153919791599314237e-02
-4.863904028482046726e-02
-4.863904028482046726e-02
-2.992127364351837571e-02
-2.475775158665882714e-02
-3.702111631293902860e-02
-3.960287723807986993e-02
-3.314847487967576001e-02
-3.443935536350473114e-02
-3.766655654650108431e-02
-3.573023584126033825e-02
-2.604863210999219802e-02
-2.733951262724509945e-02
-4.605727944467297164e-02
-4.347551858024623073e-02
-2.798495288359426070e-02
-2.733951262724509945e-02
-2.798495288359426070e-02
-2.540319184908490513e-02
-1.830334887877960170e-02
-2.863039313842108413e-02
-3.573023584126033825e-02
-2.411231132271218769e-02
-4.089375769154024454e-02
-3.960287723807986993e-02
-2.282143079025900079e-02
-2.346687105724498679e-02
-2.798495288359426070e-02
-3.185759438976987212e-02
-2.411231132271218769e-02
-2.346687105724498679e-02
-4.218463813892903147e-02
-4.153919791599314237e-02
-2.540319184908490513e-02
-2.217599052175067698e-02
-2.733951262724509945e-02
-3.314847487967576001e-02
-2.217599052175067698e-02
-2.153055025172356807e-02
-3.573023584126033825e-02
-3.508479560314192724e-02
-2.153055025172356807e-02
-2.217599052175067698e-02
-2.798495288359426070e-02
-2.604863210999219802e-02
-1.443070718106120864e-02
-1.572158775305076972e-02
-2.153055025172356807e-02
-1.636702803676470808e-02
-1.701246831895808498e-02
-3.121215414253875053e-02
-3.766655654650108431e-02
-1.830334887877960170e-02
-1.701246831895808498e-02
-3.443935536350473114e-02
-3.121215414253875053e-02
-2.411231132271218769e-02
-3.379391512234874995e-02
-3.702111631293902860e-02
-2.604863210999219802e-02
-2.475775158665882714e-02
-3.508479560314192724e-02
-3.379391512234874995e-02
-1.507614746781626991e-02
-2.217599052175067698e-02
-3.637567607785818780e-02
-2.540319184908490513e-02
-1.443070718106120864e-02
-2.282143079025900079e-02
-3.250303463548220861e-02
-2.669407236937892947e-02
-1.765790859962912407e-02
-3.121215414253875053e-02
-3.702111631293902860e-02
-2.088510998017589770e-02
-1.765790859962912407e-02
-3.056671389378884385e-02
-2.669407236937892947e-02
-1.636702803676470808e-02
-1.507614746781626991e-02
-2.282143079025900079e-02
-2.411231132271218769e-02
-1.313982660298584904e-02
-1.894878915640951789e-02
-2.927583339173089882e-02
-3.185759438976987212e-02
-1.313982660298584904e-02
-3.443935536350473114e-02
-3.379391512234874995e-02
-2.023966970710766589e-02
-2.217599052175067698e-02
-2.282143079025900079e-02
-2.346687105724498679e-02
-2.088510998017589770e-02
-1.894878915640951789e-02
-2.540319184908490513e-02
-1.443070718106120864e-02
-6.685423621306085806e-03
-2.411231132271218769e-02
-2.863039313842108413e-02
-1.894878915640951789e-02
-1.507614746781626991e-02
-2.475775158665882714e-02
-2.669407236937892947e-02
-1.055806542857418151e-02
-1.636702803676470808e-02
-3.250303463548220861e-02
-2.927583339173089882e-02
-1.830334887877960170e-02
-2.475775158665882714e-02
-3.056671389378884385e-02
-2.733951262724509945e-02
-1.507614746781626991e-02
-1.572158775305076972e-02
-2.346687105724498679e-02
-2.798495288359426070e-02
-2.282143079025900079e-02
-2.411231132271218769e-02
-2.217599052175067698e-02
-1.055806542857418151e-02
-1.636702803676470808e-02
-2.863039313842108413e-02
-1.443070718106120864e-02
-2.167341443563230996e-03
-2.023966970710766589e-02
-3.573023584126033825e-02
-2.927583339173089882e-02
-1.765790859962912407e-02
-1.959422943252064897e-02
-2.088510998017589770e-02
-1.249438631166555069e-02
-1.443070718106120864e-02
-1.636702803676470808e-02
-1.249438631166555069e-02
-1.507614746781626991e-02
-1.894878915640951789e-02
-2.475775158665882714e-02
-1.765790859962912407e-02
-6.685423621306085806e-03
-1.184894601882291454e-02
-1.959422943252064897e-02
-2.023966970710766589e-02
-1.765790859962912407e-02
-1.701246831895808498e-02
-1.572158775305076972e-02
-1.443070718106120864e-02
-1.830334887877960170e-02
-2.346687105724498679e-02
-1.894878915640951789e-02
-9.267184832239649950e-03
-7.976304229817543501e-03
-2.023966970710766589e-02
-1.959422943252064897e-02
-7.976304229817543501e-03
-1.959422943252064897e-02
-2.927583339173089882e-02
-2.153055025172356807e-02
-1.443070718106120864e-02
-1.507614746781626991e-02
-1.830334887877960170e-02
-1.378526689278380957e-02
-1.313982660298584904e-02
-2.475775158665882714e-02
-3.185759438976987212e-02
-2.153055025172356807e-02
-1.184894601882291454e-02
-1.765790859962912407e-02
-1.701246831895808498e-02
-1.184894601882291454e-02
-1.378526689278380957e-02
-1.636702803676470808e-02
-1.443070718106120864e-02
-1.636702803676470808e-02
-1.572158775305076972e-02
-1.572158775305076972e-02
-9.267184832239649950e-03
-9.912625131168084636e-03
-1.830334887877960170e-02
-1.959422943252064897e-02
-1.443070718106120864e-02
-2.023966970710766589e-02
-2.475775158665882714e-02
-1.507614746781626991e-02
-1.249438631166555069e-02
-2.282143079025900079e-02
-1.572158775305076972e-02
-5.394543006705276866e-03
-7.976304229817543501e-03
-1.572158775305076972e-02
-1.959422943252064897e-02
-1.636702803676470808e-02
-9.912625131168084636e-03
-1.894878915640951789e-02
-1.443070718106120864e-02
2.350740808799045567e-03
1.059860157651471013e-03
-1.701246831895808498e-02
-2.088510998017589770e-02
-7.330863926323871738e-03
-1.521901126364966217e-03
-1.572158775305076972e-02
-2.023966970710766589e-02
-1.507614746781626991e-02
-1.313982660298584904e-02
-1.765790859962912407e-02
-2.217599052175067698e-02
-1.701246831895808498e-02
-1.701246831895808498e-02
-1.894878915640951789e-02
-9.267184832239649950e-03
-1.249438631166555069e-02
-2.604863210999219802e-02
-2.023966970710766589e-02
1.705300482464977563e-03
-5.394543006705276866e-03
-1.959422943252064897e-02
-1.378526689278380957e-02
-4.749102697122253858e-03
-1.055806542857418151e-02
-1.055806542857418151e-02
-9.912625131168084636e-03
-1.120350572445971693e-02
-1.120350572445971693e-02
-9.912625131168084636e-03
-7.330863926323871738e-03
-1.378526689278380957e-02
-2.475775158665882714e-02
-2.992127364351837571e-02
-1.959422943252064897e-02
-1.378526689278380957e-02
-1.507614746781626991e-02
-6.685423621306085806e-03
-6.685423621306085806e-03
-1.765790859962912407e-02
-2.733951262724509945e-02
-9.267184832239649950e-03
-6.039983314767738420e-03
-2.088510998017589770e-02
-2.023966970710766589e-02
-4.749102697122253858e-03
-6.685423621306085806e-03
-1.894878915640951789e-02
-1.830334887877960170e-02
-8.621744531788877453e-03
-1.507614746781626991e-02
-1.701246831895808498e-02
-1.120350572445971693e-02
-1.507614746781626991e-02
-2.282143079025900079e-02
-2.153055025172356807e-02
-1.572158775305076972e-02
