-1.119879683809443804e-03
-6.283402593265208225e-03
2.752762562357347065e-03
-1.765320052831143016e-03
-1.402868677446100776e-02
8.164414324074442675e-04
2.082509377119379224e-02
1.114348761755223904e-02
-1.080148505897504663e-02
-1.015604471130515662e-02
4.043643323287327007e-03
1.461881807530929223e-03
-8.219723659145472539e-03
-4.992521875053057556e-03
8.561726034626460091e-03
-6.283402593265208225e-03
-1.273780609284003162e-02
3.398202942060279952e-03
2.107322184182081060e-03
-1.209236574974248413e-02
-1.144692540512082246e-02
2.752762562357347065e-03
1.710010588098498374e-04
-9.510604362109376098e-03
-3.056200786295093508e-03
2.752762562357347065e-03
-4.347081513659034613e-03
-1.144692540512082246e-02
1.710010588098498374e-04
5.979964476130916751e-03
-7.574283305377349507e-03
-1.015604471130515662e-02
8.164414324074442675e-04
-8.219723659145472539e-03
-1.661044811941714272e-02
-1.531956744998730358e-02
-3.056200786295093508e-03
-1.119879683809443804e-03
-6.283402593265208225e-03
1.710010588098498374e-04
9.852606823036680339e-03
8.164414324074442675e-04
-1.273780609284003162e-02
-6.283402593265208225e-03
3.398202942060279952e-03
-5.637962234921189975e-03
-6.928842950083335950e-03
-3.056200786295093508e-03
2.752762562357347065e-03
5.334524090324421763e-03
5.334524090324421763e-03
6.625404863465078620e-03
8.561726034626460091e-03
-1.531956744998730358e-02
-1.531956744998730358e-02
-1.119879683809443804e-03
-8.865164011391257759e-03
-3.056200786295093508e-03
1.372524922491535904e-02
1.178892801710240690e-02
-7.574283305377349507e-03
-1.209236574974248413e-02
-3.701641150739121144e-03
6.625404863465078620e-03
2.752762562357347065e-03
-4.744393132636304244e-04
2.107322184182081060e-03
-2.410760420326951703e-03
-3.701641150739121144e-03
-3.701641150739121144e-03
8.164414324074442675e-04
1.710010588098498374e-04
8.164414324074442675e-04
8.561726034626460091e-03
8.164414324074442675e-04
-1.596500778546428023e-02
-1.919220943999455642e-02
-1.119879683809443804e-03
1.178892801710240690e-02
-3.056200786295093508e-03
-5.637962234921189975e-03
5.334524090324421763e-03
1.049804721953151443e-02
-3.701641150739121144e-03
8.164414324074442675e-04
1.049804721953151443e-02
2.107322184182081060e-03
-6.283402593265208225e-03
8.164414324074442675e-04
1.461881807530929223e-03
-3.056200786295093508e-03
-2.410760420326951703e-03
5.979964476130916751e-03
1.178892801710240690e-02
-3.701641150739121144e-03
-7.574283305377349507e-03
1.243436841818024163e-02
9.852606823036680339e-03
-5.637962234921189975e-03
8.164414324074442675e-04
5.979964476130916751e-03
2.107322184182081060e-03
2.107322184182081060e-03
3.398202942060279952e-03
5.979964476130916751e-03
2.107322184182081060e-03
-4.347081513659034613e-03
-4.744393132636304244e-04
8.164414324074442675e-04
-1.080148505897504663e-02
-8.219723659145472539e-03
-1.119879683809443804e-03
-6.283402593265208225e-03
-1.661044811941714272e-02
-1.790132878275230155e-02
-8.865164011391257759e-03
-3.701641150739121144e-03
1.710010588098498374e-04
4.043643323287327007e-03
1.372524922491535904e-02
2.752762562357347065e-03
-6.928842950083335950e-03
5.334524090324421763e-03
1.178892801710240690e-02
8.164414324074442675e-04
-5.637962234921189975e-03
2.752762562357347065e-03
-2.410760420326951703e-03
-1.273780609284003162e-02
2.107322184182081060e-03
1.372524922491535904e-02
7.916285642712850290e-03
-5.637962234921189975e-03
-1.765320052831143016e-03
1.461881807530929223e-03
-6.283402593265208225e-03
-1.080148505897504663e-02
4.689083706042040944e-03
8.561726034626460091e-03
-1.015604471130515662e-02
-1.919220943999455642e-02
1.710010588098498374e-04
1.049804721953151443e-02
-4.992521875053057556e-03
-9.510604362109376098e-03
1.461881807530929223e-03
-8.219723659145472539e-03
-1.661044811941714272e-02
-2.410760420326951703e-03
7.270845252325131014e-03
1.461881807530929223e-03
-8.219723659145472539e-03
-7.574283305377349507e-03
-3.701641150739121144e-03
-4.992521875053057556e-03
-1.765320052831143016e-03
3.398202942060279952e-03
-4.744393132636304244e-04
-1.765320052831143016e-03
4.043643323287327007e-03
2.752762562357347065e-03
-8.219723659145472539e-03
-1.209236574974248413e-02
-8.219723659145472539e-03
8.164414324074442675e-04
1.710010588098498374e-04
-1.080148505897504663e-02
8.164414324074442675e-04
7.270845252325131014e-03
-1.273780609284003162e-02
-1.919220943999455642e-02
-7.574283305377349507e-03
-9.510604362109376098e-03
-9.510604362109376098e-03
-1.015604471130515662e-02
-3.701641150739121144e-03
1.049804721953151443e-02
-4.347081513659034613e-03
-5.637962234921189975e-03
8.561726034626460091e-03
8.164414324074442675e-04
2.107322184182081060e-03
2.752762562357347065e-03
-1.765320052831143016e-03
-8.219723659145472539e-03
2.752762562357347065e-03
6.625404863465078620e-03
1.461881807530929223e-03
2.107322184182081060e-03
4.043643323287327007e-03
2.752762562357347065e-03
-1.765320052831143016e-03
-5.637962234921189975e-03
2.752762562357347065e-03
5.334524090324421763e-03
-9.510604362109376098e-03
-1.209236574974248413e-02
2.107322184182081060e-03
1.178892801710240690e-02
1.461881807530929223e-03
-1.765320052831143016e-03
5.334524090324421763e-03
1.461881807530929223e-03
-1.273780609284003162e-02
-1.338324643441168860e-02
-6.928842950083335950e-03
8.164414324074442675e-04
1.461881807530929223e-03
7.270845252325131014e-03
1.630701085671759643e-02
4.043643323287327007e-03
-9.510604362109376098e-03
-1.765320052831143016e-03
5.979964476130916751e-03
2.752762562357347065e-03
1.710010588098498374e-04
2.752762562357347065e-03
-1.765320052831143016e-03
-1.661044811941714272e-02
-1.338324643441168860e-02
-9.510604362109376098e-03
-2.822837387009968779e-02
-4.694614209787850712e-02
-3.468277685177945102e-02
-4.347081513659034613e-03
-5.637962234921189975e-03
-1.790132878275230155e-02
-8.219723659145472539e-03
-3.701641150739121144e-03
-2.410760420326951703e-03
2.752762562357347065e-03
5.334524090324421763e-03
-3.701641150739121144e-03
-1.273780609284003162e-02
1.461881807530929223e-03
5.334524090324421763e-03
7.916285642712850290e-03
7.270845252325131014e-03
2.107322184182081060e-03
-4.744393132636304244e-04
-3.056200786295093508e-03
-6.283402593265208225e-03
6.625404863465078620e-03
1.372524922491535904e-02
-3.701641150739121144e-03
-6.928842950083335950e-03
5.979964476130916751e-03
4.043643323287327007e-03
-1.273780609284003162e-02
-2.410760420326951703e-03
1.695245126848554662e-02
9.852606823036680339e-03
-2.410760420326951703e-03
5.334524090324421763e-03
1.695245126848554662e-02
-4.347081513659034613e-03
-2.177397073619680157e-02
-1.015604471130515662e-02
1.461881807530929223e-03
3.398202942060279952e-03
5.979964476130916751e-03
1.372524922491535904e-02
7.916285642712850290e-03
-6.928842950083335950e-03
-1.209236574974248413e-02
-1.765320052831143016e-03
8.164414324074442675e-04
-7.574283305377349507e-03
-3.056200786295093508e-03
5.979964476130916751e-03
-7.574283305377349507e-03
-7.574283305377349507e-03
6.625404863465078620e-03
6.625404863465078620e-03
-4.347081513659034613e-03
-8.219723659145472539e-03
2.752762562357347065e-03
3.398202942060279952e-03
-9.510604362109376098e-03
-1.144692540512082246e-02
8.164414324074442675e-04
7.270845252325131014e-03
-3.056200786295093508e-03
-2.410760420326951703e-03
9.207166428067736774e-03
2.752762562357347065e-03
-2.410760420326951703e-03
4.043643323287327007e-03
8.561726034626460091e-03
4.043643323287327007e-03
-3.701641150739121144e-03
-1.765320052831143016e-03
-5.637962234921189975e-03
-1.596500778546428023e-02
-1.273780609284003162e-02
-4.347081513659034613e-03
-3.056200786295093508e-03
-1.273780609284003162e-02
-2.435573200802920724e-02
-2.048309009114213097e-02
-3.726453800184437171e-02
-7.728183271888511285e-02
-9.793591803336099133e-02
-1.121356007878855365e-01
-1.302079232355612959e-01
-1.302079232355612959e-01
-1.302079232355612959e-01
-1.405349641027964225e-01
-1.527983246312025756e-01
-1.586072846916355417e-01
-1.715160843893137610e-01
-1.747432842196907643e-01
-1.850703234243038509e-01
-1.953973622442628510e-01
-1.953973622442628510e-01
-2.024972012100274554e-01
-2.108879197537021355e-01
-2.037880810024770284e-01
-1.973336819802078423e-01
-2.083061602287994418e-01
-2.218603974669797196e-01
-2.179877583235114713e-01
-2.063698405693745741e-01
-2.102424798747239976e-01
-2.302511154261921433e-01
-2.315419950897670276e-01
-2.205695177584825473e-01
-2.154059988645631307e-01
-2.070152804573481831e-01
-1.953973622442628510e-01
-2.018517613115520248e-01
-2.134696792546169064e-01
-2.050789607889260679e-01
-1.973336819802078423e-01
-2.147605589960797090e-01
-2.212149576134798679e-01
-2.147605589960797090e-01
-2.257330365565231034e-01
-2.438053515952240957e-01
-2.334783145739027788e-01
-2.076607203438243232e-01
-2.037880810024770284e-01
-2.147605589960797090e-01
-2.225058373189803262e-01
-2.199240779019859815e-01
-2.257330365565231034e-01
-2.405781525671955023e-01
-2.276693560810780781e-01
-2.044335208964511708e-01
-2.212149576134798679e-01
-2.476779903795200966e-01
-2.534869484550785756e-01
-2.476779903795200966e-01
-2.444507913963445134e-01
-2.418690321828922407e-01
-2.308965552587274317e-01
-2.289602357566291602e-01
-2.457416709941000477e-01
-2.541323882337813700e-01
-2.476779903795200966e-01
-2.502597495391558624e-01
-2.618776654617089861e-01
-2.476779903795200966e-01
-2.379963933178519397e-01
-2.534869484550785756e-01
-2.554232677867034340e-01
-2.405781525671955023e-01
-2.367055136842033392e-01
-2.373509535017763739e-01
-2.379963933178519397e-01
-2.431599117926097620e-01
-2.515506291100084724e-01
-2.605867859386528096e-01
-2.554232677867034340e-01
-2.470325505858745885e-01
-2.554232677867034340e-01
-2.670411834942196805e-01
-2.644594244899032276e-01
-2.612322257009278559e-01
-2.676866232415662239e-01
-2.728501411666375276e-01
-2.605867859386528096e-01
-2.580050268746258979e-01
-2.773682192727680018e-01
-2.844680561490910975e-01
-2.741410206329870647e-01
-2.747864603639271763e-01
-2.844680561490910975e-01
-2.818862973058404719e-01
-2.689775027317864442e-01
-2.831771767304473997e-01
-2.999586087081169694e-01
-2.876952546696287527e-01
-2.734955809005583660e-01
-2.793045384387422558e-01
-2.754319000933733719e-01
-2.438053515952240957e-01
-2.212149576134798679e-01
-2.257330365565231034e-01
-2.205695177584825473e-01
-1.992700017026454162e-01
-1.941064824127920474e-01
-2.108879197537021355e-01
-2.250875967120098409e-01
-1.973336819802078423e-01
-1.870066432323351791e-01
-2.108879197537021355e-01
-1.953973622442628510e-01
-1.753887241812552844e-01
-1.986245617966666543e-01
-2.160514387315490836e-01
-2.102424798747239976e-01
-2.018517613115520248e-01
-2.102424798747239976e-01
-2.225058373189803262e-01
-2.147605589960797090e-01
-1.953973622442628510e-01
-2.037880810024770284e-01
-2.031426411070018645e-01
-1.870066432323351791e-01
-1.799068038700983863e-01
-1.850703234243038509e-01
-1.882975230968444436e-01
-1.876520831653412102e-01
-1.882975230968444436e-01
-1.895884029553460692e-01
-1.934610424948051133e-01
-1.953973622442628510e-01
-1.779704840124729515e-01
-1.657071245998569253e-01
-1.695797644730365761e-01
-1.702252044466323611e-01
-1.734524042920515541e-01
-1.721615243583975996e-01
-1.811976837676692043e-01
-2.083061602287994418e-01
-2.231512771694852404e-01
-2.250875967120098409e-01
-2.405781525671955023e-01
-2.715592616943194315e-01
-3.025403673845890040e-01
-3.148037207728346942e-01
-3.115765225648132741e-01
-3.341669092410430864e-01
-3.432030634023863769e-01
-3.367486676025226444e-01
-3.225489963205117050e-01
-3.180309189437018347e-01
-3.018949277177025436e-01
-2.709138219559239502e-01
-2.554232677867034340e-01
-2.599413461748856236e-01
-2.450962311959692386e-01
-2.205695177584825473e-01
-2.186331981845004435e-01
-2.250875967120098409e-01
-2.102424798747239976e-01
-2.031426411070018645e-01
-2.263784763995388971e-01
-2.296056755921576098e-01
-2.037880810024770284e-01
-1.857157633618164994e-01
-1.902338428823426852e-01
-1.979791218891904236e-01
-1.857157633618164994e-01
-1.766796040998706019e-01
-1.837794435447701602e-01
-1.824885636592252780e-01
-1.747432842196907643e-01
-1.773250440569231756e-01
-1.837794435447701602e-01
-1.915247227318346290e-01
-1.870066432323351791e-01
-1.844248834852884045e-01
-1.979791218891904236e-01
-1.921701626543246277e-01
-1.753887241812552844e-01
-1.702252044466323611e-01
-1.760341641413152303e-01
-1.734524042920515541e-01
-1.515074446012043552e-01
-1.663525645824819321e-01
-1.928156025753153813e-01
-1.844248834852884045e-01
-1.669980045636041410e-01
-1.669980045636041410e-01
-1.728069643259768640e-01
-1.715160843893137610e-01
-1.863612032978263500e-01
-1.928156025753153813e-01
-1.953973622442628510e-01
-1.779704840124729515e-01
-1.702252044466323611e-01
-1.792613639190605568e-01
-1.728069643259768640e-01
-1.650616846157273443e-01
-1.657071245998569253e-01
-1.766796040998706019e-01
-1.702252044466323611e-01
-1.618344846725001673e-01
-1.895884029553460692e-01
-2.063698405693745741e-01
-1.960428021577467206e-01
-1.792613639190605568e-01
-1.870066432323351791e-01
-1.895884029553460692e-01
-1.669980045636041410e-01
-1.695797644730365761e-01
-1.837794435447701602e-01
-1.786159239665181531e-01
-1.715160843893137610e-01
-1.747432842196907643e-01
-1.824885636592252780e-01
-1.779704840124729515e-01
-1.695797644730365761e-01
-1.760341641413152303e-01
-1.818431237141986401e-01
-1.760341641413152303e-01
-1.721615243583975996e-01
-1.760341641413152303e-01
-1.721615243583975996e-01
-1.598981646884993779e-01
-1.618344846725001673e-01
-1.747432842196907643e-01
-1.811976837676692043e-01
-1.695797644730365761e-01
-1.663525645824819321e-01
-1.721615243583975996e-01
-1.644162446300931890e-01
-1.586072846916355417e-01
-1.650616846157273443e-01
-1.773250440569231756e-01
-1.773250440569231756e-01
-1.637708046429526831e-01
-1.728069643259768640e-01
-1.740978442566234463e-01
-1.553800846731245855e-01
-1.553800846731245855e-01
-1.650616846157273443e-01
-1.631253646543058267e-01
-1.637708046429526831e-01
-1.644162446300931890e-01
-1.728069643259768640e-01
-1.786159239665181531e-01
-2.057244006798999436e-01
-2.392872729455142178e-01
-2.425144719884997357e-01
-2.179877583235114713e-01
-1.986245617966666543e-01
-1.999154416071249329e-01
-1.941064824127920474e-01
-1.786159239665181531e-01
-1.908792828078382797e-01
-2.012063214115773491e-01
-2.328328747473538129e-01
-2.515506291100084724e-01
-2.509051893253300136e-01
-2.496143097514895715e-01
-2.412235923757926059e-01
-2.257330365565231034e-01
-2.192786380439919469e-01
-2.089516001122735389e-01
-2.031426411070018645e-01
-1.966882420697277922e-01
-2.050789607889260679e-01
-2.134696792546169064e-01
-2.012063214115773491e-01
-1.934610424948051133e-01
-1.979791218891904236e-01
-1.889429630268466553e-01
-1.715160843893137610e-01
-1.644162446300931890e-01
-1.857157633618164994e-01
-1.934610424948051133e-01
-1.786159239665181531e-01
-1.799068038700983863e-01
-1.921701626543246277e-01
-1.870066432323351791e-01
-1.740978442566234463e-01
-1.882975230968444436e-01
-2.037880810024770284e-01
-1.928156025753153813e-01
-1.760341641413152303e-01
-1.779704840124729515e-01
-1.992700017026454162e-01
-2.031426411070018645e-01
-1.947519223292779600e-01
-2.031426411070018645e-01
-2.115333596311792519e-01
-2.063698405693745741e-01
-1.966882420697277922e-01
-2.115333596311792519e-01
-2.205695177584825473e-01
-1.979791218891904236e-01
-1.876520831653412102e-01
-1.986245617966666543e-01
-1.902338428823426852e-01
-1.773250440569231756e-01
-1.882975230968444436e-01
-2.070152804573481831e-01
-2.044335208964511708e-01
-1.837794435447701602e-01
-1.850703234243038509e-01
-1.986245617966666543e-01
-1.953973622442628510e-01
-2.005608815100998754e-01
-2.115333596311792519e-01
-2.044335208964511708e-01
-1.908792828078382797e-01
-1.889429630268466553e-01
-1.941064824127920474e-01
-1.953973622442628510e-01
-1.915247227318346290e-01
-1.895884029553460692e-01
-1.863612032978263500e-01
-1.728069643259768640e-01
-1.611890446793395881e-01
-1.598981646884993779e-01
-1.618344846725001673e-01
-1.553800846731245855e-01
-1.444076043284514554e-01
-1.482802444998334579e-01
-1.553800846731245855e-01
-1.295624831685326939e-01
-1.237535224973349557e-01
-1.469893644487374473e-01
-1.456984843916089289e-01
-1.269807228853210290e-01
-1.243989625779509112e-01
-1.231080824152073205e-01
-1.224626423315680057e-01
-1.172991216080809806e-01
-1.198808819819099369e-01
-1.327896834885837762e-01
-1.243989625779509112e-01
-1.050357595021367274e-01
-1.050357595021367274e-01
-1.114901606785601018e-01
-1.030994391197168625e-01
-9.987223845209314277e-02
-1.037448792487030147e-01
-1.082629601092506277e-01
-9.793591803336099133e-02
-8.696343540318629550e-02
-9.729047789075728758e-02
-1.050357595021367274e-01
-9.729047789075728758e-02
-9.277239685014215809e-02
-1.114901606785601018e-01
-1.037448792487030147e-01
-8.889975589913490239e-02
-9.470871730520258325e-02
-9.664503774663835145e-02
-9.277239685014215809e-02
-8.309079437038136007e-02
-7.986359346804050574e-02
-9.987223845209314277e-02
-9.664503774663835145e-02
-7.211831114779698737e-02
-8.309079437038136007e-02
-9.793591803336099133e-02
-7.663639252780640732e-02
-6.501846882903983271e-02
-7.534551214109974637e-02
-8.244535419294507506e-02
-7.211831114779698737e-02
-7.276375134949120138e-02
-8.050903365154127300e-02
-6.630934926428899701e-02
-5.210966414258244583e-02
-6.630934926428899701e-02
-8.502711489360059716e-02
-7.340919154966840665e-02
-5.146422389231197769e-02
-6.695478947963628968e-02
-7.986359346804050574e-02
-5.985494702733973327e-02
-6.760022969346657362e-02
-6.501846882903983271e-02
-6.760022969346657362e-02
-6.566390904742291923e-02
-5.856406656173263059e-02
-6.308214816478674436e-02
-5.727318609005394023e-02
-5.340054463856347411e-02
-5.598230561229833313e-02
-6.372758838772263346e-02
-7.018199053361406925e-02
-5.985494702733973327e-02
-4.759158235878580001e-02
-5.727318609005394023e-02
-6.695478947963628968e-02
-4.436438103905260277e-02
-3.984629912757320369e-02
-5.856406656173263059e-02
-5.340054463856347411e-02
-4.113717968131425096e-02
-4.630070183545242912e-02
-5.146422389231197769e-02
-4.436438103905260277e-02
-4.178261995590126787e-02
-4.500982130603858877e-02
-5.210966414258244583e-02
-5.146422389231197769e-02
-4.436438103905260277e-02
-4.759158235878580001e-02
-4.694614209787850712e-02
-3.855541856775168696e-02
-4.178261995590126787e-02
-5.275510439133235252e-02
-5.469142512846936199e-02
-3.661909771660987190e-02
-4.113717968131425096e-02
-5.598230561229833313e-02
-4.242806022896949969e-02
-3.661909771660987190e-02
-4.371894077054427896e-02
-4.178261995590126787e-02
-3.468277685177945102e-02
-3.468277685177945102e-02
-4.307350050051717005e-02
-3.855541856775168696e-02
-3.274645597325331892e-02
-3.984629912757320369e-02
-4.242806022896949969e-02
-4.242806022896949969e-02
-3.339189626761651652e-02
-3.726453800184437171e-02
-3.984629912757320369e-02
-3.081013508103325194e-02
-2.241941105643796561e-02
-3.726453800184437171e-02
-5.275510439133235252e-02
-4.694614209787850712e-02
-2.822837387009968779e-02
-2.951925447861114549e-02
-3.210101567736778350e-02
-2.112853041442974700e-02
-3.468277685177945102e-02
-4.630070183545242912e-02
-4.113717968131425096e-02
-3.339189626761651652e-02
-2.371029169235683298e-02
-3.661909771660987190e-02
-4.694614209787850712e-02
-3.597365742985481063e-02
-3.468277685177945102e-02
-4.371894077054427896e-02
-3.597365742985481063e-02
-2.241941105643796561e-02
-2.758293356356134041e-02
-3.920085884842272606e-02
-3.468277685177945102e-02
-2.951925447861114549e-02
-3.855541856775168696e-02
-4.049173940520311987e-02
-3.210101567736778350e-02
-2.887381417511747372e-02
-3.597365742985481063e-02
-3.403733656045915268e-02
-2.306485137515856820e-02
-2.951925447861114549e-02
-4.307350050051717005e-02
-3.855541856775168696e-02
-2.500117232218102004e-02
-3.597365742985481063e-02
-4.113717968131425096e-02
-3.081013508103325194e-02
-2.758293356356134041e-02
-3.081013508103325194e-02
-3.661909771660987190e-02
-3.016469478058247944e-02
-2.629205294591585584e-02
-3.532821714157741155e-02
-4.113717968131425096e-02
-2.951925447861114549e-02
-1.983764976632862442e-02
-2.629205294591585584e-02
-2.500117232218102004e-02
-1.144692540512082246e-02
-7.574283305377349507e-03
-2.693749325549887885e-02
-4.242806022896949969e-02
-2.371029169235683298e-02
-2.435573200802920724e-02
-3.984629912757320369e-02
-2.887381417511747372e-02
-1.661044811941714272e-02
-3.210101567736778350e-02
-3.726453800184437171e-02
-2.629205294591585584e-02
-2.048309009114213097e-02
-3.403733656045915268e-02
-3.790997828555831006e-02
-1.467412711298621275e-02
-6.283402593265208225e-03
-2.435573200802920724e-02
-2.500117232218102004e-02
-1.790132878275230155e-02
-2.500117232218102004e-02
-2.564661263481049502e-02
-2.371029169235683298e-02
-2.112853041442974700e-02
-3.081013508103325194e-02
-2.822837387009968779e-02
-2.112853041442974700e-02
-2.048309009114213097e-02
-2.822837387009968779e-02
-3.145557537996168662e-02
-2.241941105643796561e-02
-2.048309009114213097e-02
-2.371029169235683298e-02
-2.951925447861114549e-02
-3.016469478058247944e-02
-2.564661263481049502e-02
-2.564661263481049502e-02
-2.693749325549887885e-02
-2.435573200802920724e-02
-1.338324643441168860e-02
-1.467412711298621275e-02
-2.241941105643796561e-02
-2.306485137515856820e-02
-2.951925447861114549e-02
-3.532821714157741155e-02
-2.564661263481049502e-02
-1.209236574974248413e-02
-2.241941105643796561e-02
-3.210101567736778350e-02
-2.693749325549887885e-02
-1.531956744998730358e-02
-1.080148505897504663e-02
-3.016469478058247944e-02
-2.500117232218102004e-02
-6.283402593265208225e-03
-1.854676911213459789e-02
-3.081013508103325194e-02
-2.500117232218102004e-02
-1.531956744998730358e-02
-2.693749325549887885e-02
-3.726453800184437171e-02
-1.854676911213459789e-02
-6.928842950083335950e-03
-2.693749325549887885e-02
-4.178261995590126787e-02
-1.596500778546428023e-02
-8.219723659145472539e-03
-2.500117232218102004e-02
-3.016469478058247944e-02
-1.725588845184589104e-02
-1.725588845184589104e-02
-2.435573200802920724e-02
-1.402868677446100776e-02
-4.744393132636304244e-04
-1.015604471130515662e-02
-2.693749325549887885e-02
-2.500117232218102004e-02
-1.080148505897504663e-02
-7.574283305377349507e-03
-2.048309009114213097e-02
-1.531956744998730358e-02
-5.637962234921189975e-03
-1.273780609284003162e-02
-2.564661263481049502e-02
-1.080148505897504663e-02
-1.273780609284003162e-02
-3.661909771660987190e-02
-3.145557537996168662e-02
-1.725588845184589104e-02
-1.273780609284003162e-02
-1.919220943999455642e-02
-1.919220943999455642e-02
-1.015604471130515662e-02
-2.048309009114213097e-02
-2.758293356356134041e-02
-2.112853041442974700e-02
-8.865164011391257759e-03
-1.596500778546428023e-02
-2.371029169235683298e-02
-1.596500778546428023e-02
-1.209236574974248413e-02
-1.467412711298621275e-02
-1.790132878275230155e-02
-8.865164011391257759e-03
6.625404863465078620e-03
-1.273780609284003162e-02
-3.210101567736778350e-02
-2.177397073619680157e-02
-1.596500778546428023e-02
-2.758293356356134041e-02
-2.306485137515856820e-02
-4.992521875053057556e-03
-9.510604362109376098e-03
-2.241941105643796561e-02
-2.177397073619680157e-02
-1.273780609284003162e-02
-1.273780609284003162e-02
-2.112853041442974700e-02
-1.983764976632862442e-02
-9.510604362109376098e-03
-9.510604362109376098e-03
-2.241941105643796561e-02
-1.790132878275230155e-02
-1.765320052831143016e-03
-8.865164011391257759e-03
-1.919220943999455642e-02
-1.338324643441168860e-02
-1.273780609284003162e-02
-2.564661263481049502e-02
-2.887381417511747372e-02
-1.338324643441168860e-02
-1.983764976632862442e-02
-3.016469478058247944e-02
-2.177397073619680157e-02
-1.080148505897504663e-02
-1.402868677446100776e-02
-2.822837387009968779e-02
-2.048309009114213097e-02
-8.865164011391257759e-03
-1.467412711298621275e-02
-1.790132878275230155e-02
-1.209236574974248413e-02
-1.273780609284003162e-02
-2.177397073619680157e-02
-2.177397073619680157e-02
-1.119879683809443804e-03
-5.637962234921189975e-03
-1.790132878275230155e-02
-1.596500778546428023e-02
-1.273780609284003162e-02
-1.596500778546428023e-02
-2.435573200802920724e-02
-2.693749325549887885e-02
-1.531956744998730358e-02
-8.219723659145472539e-03
-1.467412711298621275e-02
-1.725588845184589104e-02
-8.219723659145472539e-03
-1.080148505897504663e-02
-2.758293356356134041e-02
-2.048309009114213097e-02
-1.119879683809443804e-03
-9.510604362109376098e-03
-2.112853041442974700e-02
-3.701641150739121144e-03
2.752762562357347065e-03
-2.306485137515856820e-02
-3.210101567736778350e-02
-1.209236574974248413e-02
1.461881807530929223e-03
-1.015604471130515662e-02
-2.822837387009968779e-02
-2.177397073619680157e-02
-1.080148505897504663e-02
-2.112853041442974700e-02
-2.371029169235683298e-02
-1.080148505897504663e-02
-7.574283305377349507e-03
-2.048309009114213097e-02
-2.241941105643796561e-02
-7.574283305377349507e-03
-1.273780609284003162e-02
-2.564661263481049502e-02
-1.402868677446100776e-02
-3.056200786295093508e-03
-1.080148505897504663e-02
-2.822837387009968779e-02
-2.306485137515856820e-02
-1.467412711298621275e-02
-1.790132878275230155e-02
-1.983764976632862442e-02
-9.510604362109376098e-03
1.461881807530929223e-03
-1.338324643441168860e-02
-2.241941105643796561e-02
-4.992521875053057556e-03
-6.928842950083335950e-03
-2.500117232218102004e-02
-1.854676911213459789e-02
-8.865164011391257759e-03
-1.273780609284003162e-02
-1.919220943999455642e-02
-1.531956744998730358e-02
-8.219723659145472539e-03
-1.144692540512082246e-02
-2.306485137515856820e-02
-1.661044811941714272e-02
-1.854676911213459789e-02
-1.790132878275230155e-02
-2.435573200802920724e-02
