-2.354754770772515826e-03
2.163327236520018459e-03
-7.518276973565107824e-03
1.517886945199720117e-03
9.908610851063315295e-03
8.724466554017595854e-04
-4.936515884335079818e-03
-4.184339196307007569e-04
-1.063874204865200568e-03
-4.291075608223948734e-03
-4.291075608223948734e-03
8.724466554017595854e-04
7.326849621861697415e-03
-2.354754770772515826e-03
-8.809157509059417634e-03
1.517886945199720117e-03
1.119949147479815110e-02
2.163327236520018459e-03
-4.291075608223948734e-03
6.681409318368025652e-03
6.681409318368025652e-03
-4.936515884335079818e-03
4.745088417017484517e-03
1.442669306078236957e-02
3.454207823725852222e-03
-1.203635882119336031e-02
-2.354754770772515826e-03
7.972289926879483346e-03
-8.809157509059417634e-03
-1.978164181531916199e-02
-4.291075608223948734e-03
7.972289926879483346e-03
-1.709314488579138924e-03
-7.518276973565107824e-03
1.517886945199720117e-03
8.724466554017595854e-04
-1.784532108729663946e-02
-6.872836703537998915e-03
2.088109634699186756e-02
1.184493178894996390e-02
-8.809157509059417634e-03
-2.354754770772515826e-03
1.442669306078236957e-02
1.249037210462233816e-02
-1.709314488579138924e-03
3.454207823725852222e-03
1.313581242182060294e-02
2.808767529362654614e-03
-4.291075608223948734e-03
2.163327236520018459e-03
1.378125274054120553e-02
7.972289926879483346e-03
-7.518276973565107824e-03
-2.354754770772515826e-03
7.972289926879483346e-03
2.163327236520018459e-03
-3.000195051443554917e-03
-4.184339196307007569e-04
6.681409318368025652e-03
1.517886945199720117e-03
-1.139091856180662887e-02
8.724466554017595854e-04
5.390528715945919203e-03
-7.518276973565107824e-03
-6.872836703537998915e-03
4.745088417017484517e-03
6.681409318368025652e-03
-5.581956158922096733e-03
-5.581956158922096733e-03
1.249037210462233816e-02
6.681409318368025652e-03
-1.139091856180662887e-02
-8.809157509059417634e-03
8.724466554017595854e-04
-1.709314488579138924e-03
2.270063671243605086e-04
1.055405116216867611e-02
1.119949147479815110e-02
-7.518276973565107824e-03
-1.074547830089933598e-02
-3.000195051443554917e-03
-3.645635330594032553e-03
-4.936515884335079818e-03
1.517886945199720117e-03
3.454207823725852222e-03
3.454207823725852222e-03
-8.809157509059417634e-03
2.808767529362654614e-03
1.378125274054120553e-02
3.454207823725852222e-03
-3.645635330594032553e-03
2.163327236520018459e-03
9.908610851063315295e-03
-1.709314488579138924e-03
-1.074547830089933598e-02
-4.291075608223948734e-03
-1.709314488579138924e-03
-3.645635330594032553e-03
-6.227396431990328551e-03
2.808767529362654614e-03
9.908610851063315295e-03
-9.454597774526618537e-03
-1.074547830089933598e-02
7.326849621861697415e-03
4.099648119611387642e-03
-6.872836703537998915e-03
-8.809157509059417634e-03
-1.063874204865200568e-03
-1.709314488579138924e-03
-1.074547830089933598e-02
-1.709314488579138924e-03
1.184493178894996390e-02
-1.063874204865200568e-03
-6.872836703537998915e-03
-3.645635330594032553e-03
-4.184339196307007569e-04
-6.872836703537998915e-03
-4.936515884335079818e-03
9.908610851063315295e-03
5.390528715945919203e-03
-1.203635882119336031e-02
-6.227396431990328551e-03
4.099648119611387642e-03
-1.063874204865200568e-03
-3.645635330594032553e-03
2.270063671243605086e-04
1.249037210462233816e-02
5.390528715945919203e-03
-2.365428323036056213e-02
-1.139091856180662887e-02
5.390528715945919203e-03
4.099648119611387642e-03
-3.645635330594032553e-03
-5.581956158922096733e-03
7.972289926879483346e-03
7.326849621861697415e-03
-6.227396431990328551e-03
-6.872836703537998915e-03
-1.709314488579138924e-03
-4.291075608223948734e-03
-8.163717242073431635e-03
2.270063671243605086e-04
4.099648119611387642e-03
-2.354754770772515826e-03
-3.000195051443554917e-03
9.263170541480292286e-03
3.454207823725852222e-03
-8.809157509059417634e-03
-8.163717242073431635e-03
6.681409318368025652e-03
8.617730233417830732e-03
-4.184339196307007569e-04
8.724466554017595854e-04
1.442669306078236957e-02
1.507213338254942414e-02
-6.872836703537998915e-03
-4.936515884335079818e-03
1.119949147479815110e-02
1.517886945199720117e-03
-1.397267959023551498e-02
-2.354754770772515826e-03
2.163327236520018459e-03
-1.139091856180662887e-02
-1.332723933540869155e-02
-1.063874204865200568e-03
4.099648119611387642e-03
-1.709314488579138924e-03
-1.063874204865200568e-03
8.617730233417830732e-03
-1.063874204865200568e-03
-1.913620157416318079e-02
-8.163717242073431635e-03
1.249037210462233816e-02
1.184493178894996390e-02
-4.184339196307007569e-04
-3.645635330594032553e-03
-4.291075608223948734e-03
-4.291075608223948734e-03
7.326849621861697415e-03
1.313581242182060294e-02
1.507213338254942414e-02
8.724466554017595854e-04
-1.461811984354532967e-02
2.270063671243605086e-04
4.099648119611387642e-03
-1.268179907905953030e-02
-2.354754770772515826e-03
2.808767529362654614e-03
2.270063671243605086e-04
3.454207823725852222e-03
-5.581956158922096733e-03
-1.063874204865200568e-03
4.745088417017484517e-03
-7.518276973565107824e-03
-1.063874204865200568e-03
1.184493178894996390e-02
5.390528715945919203e-03
-8.163717242073431635e-03
-4.936515884335079818e-03
6.681409318368025652e-03
-4.936515884335079818e-03
-2.365428323036056213e-02
-9.454597774526618537e-03
1.313581242182060294e-02
-3.645635330594032553e-03
-1.461811984354532967e-02
-4.936515884335079818e-03
7.972289926879483346e-03
-1.063874204865200568e-03
-1.268179907905953030e-02
6.681409318368025652e-03
2.604461908567401451e-02
4.745088417017484517e-03
-5.581956158922096733e-03
1.442669306078236957e-02
5.390528715945919203e-03
-1.397267959023551498e-02
-1.332723933540869155e-02
-1.709314488579138924e-03
2.808767529362654614e-03
-1.268179907905953030e-02
-7.518276973565107824e-03
9.908610851063315295e-03
4.099648119611387642e-03
-4.936515884335079818e-03
8.724466554017595854e-04
8.617730233417830732e-03
8.724466554017595854e-04
-8.809157509059417634e-03
-3.645635330594032553e-03
2.808767529362654614e-03
-2.354754770772515826e-03
-4.936515884335079818e-03
7.972289926879483346e-03
5.390528715945919203e-03
-7.518276973565107824e-03
-1.268179907905953030e-02
6.681409318368025652e-03
1.765389468484457325e-02
8.724466554017595854e-04
-2.354754770772515826e-03
6.035969016396691700e-03
-4.291075608223948734e-03
-1.913620157416318079e-02
-5.581956158922096733e-03
9.263170541480292286e-03
2.270063671243605086e-04
-1.203635882119336031e-02
2.270063671243605086e-04
9.908610851063315295e-03
2.163327236520018459e-03
-1.010003803847325798e-02
2.163327236520018459e-03
1.636301403065054672e-02
-4.936515884335079818e-03
-9.454597774526618537e-03
4.745088417017484517e-03
1.055405116216867611e-02
-5.581956158922096733e-03
-1.010003803847325798e-02
1.517886945199720117e-03
-2.354754770772515826e-03
-1.203635882119336031e-02
-1.063874204865200568e-03
9.908610851063315295e-03
8.617730233417830732e-03
-3.645635330594032553e-03
-6.872836703537998915e-03
1.119949147479815110e-02
8.617730233417830732e-03
-6.872836703537998915e-03
-4.936515884335079818e-03
-3.000195051443554917e-03
-6.227396431990328551e-03
-8.809157509059417634e-03
1.517886945199720117e-03
1.442669306078236957e-02
5.390528715945919203e-03
2.808767529362654614e-03
5.390528715945919203e-03
3.454207823725852222e-03
-6.227396431990328551e-03
-6.872836703537998915e-03
8.724466554017595854e-04
7.972289926879483346e-03
-3.645635330594032553e-03
-1.063874204865200568e-03
8.617730233417830732e-03
5.390528715945919203e-03
-1.139091856180662887e-02
-6.872836703537998915e-03
6.681409318368025652e-03
5.390528715945919203e-03
-1.074547830089933598e-02
-6.227396431990328551e-03
1.119949147479815110e-02
1.517886945199720117e-03
-5.581956158922096733e-03
9.263170541480292286e-03
4.745088417017484517e-03
-3.462676694288013834e-02
-5.979893380402678815e-02
-6.302613451705063596e-02
-6.431701479166562763e-02
-7.593493699090636539e-02
-8.045301771386803580e-02
-6.625333519223985945e-02
-7.270773642915706603e-02
-9.981621997392764456e-02
-1.004616600258660952e-01
-8.174389790682567991e-02
-8.174389790682567991e-02
-1.049797403471952606e-01
-7.916213751486367300e-02
-8.109845781110180951e-02
-1.043343003058172513e-01
-1.082069405314722843e-01
-1.056251803870669193e-01
-1.082069405314722843e-01
-1.172431008469647651e-01
-1.172431008469647651e-01
-9.207093923296660876e-02
-8.368021818493076580e-02
-1.036888602629275624e-01
-1.101432606239463041e-01
-9.723445975108546691e-02
-9.207093923296660876e-02
-1.069160604622858557e-01
-1.094978205946297578e-01
-9.078005908834185789e-02
-9.658901969160460510e-02
-1.146613407869647716e-01
-1.133704607479231186e-01
-9.400725943858212474e-02
-9.658901969160460510e-02
-1.211157408917706846e-01
-1.146613407869647716e-01
-1.075615004976331335e-01
-1.023979801726273564e-01
-1.153067808042251841e-01
-1.204703008880692039e-01
-1.075615004976331335e-01
-1.094978205946297578e-01
-1.172431008469647651e-01
-1.056251803870669193e-01
-1.056251803870669193e-01
-1.230520608938405758e-01
-1.282155808331140179e-01
-1.204703008880692039e-01
-1.204703008880692039e-01
-1.469333398057681705e-01
-1.766235755846583544e-01
-1.804962148000548439e-01
-1.779144553291178710e-01
-1.908232524440780509e-01
-1.856597336700005485e-01
-1.662965374130482843e-01
-1.708146166603690119e-01
-2.024411693354526420e-01
-2.179317244368021989e-01
-2.043774887702163312e-01
-1.953413312927878565e-01
-1.998594100681572172e-01
-1.824325343875212724e-01
-1.546786190108591086e-01
-1.566149387783362101e-01
-1.656510975145728537e-01
-1.604875782727486211e-01
-1.533877391583668981e-01
-1.675874172054978573e-01
-1.721054964318202707e-01
-1.604875782727486211e-01
-1.585512585322987889e-01
-1.721054964318202707e-01
-1.669419773100226934e-01
-1.533877391583668981e-01
-1.540331790853635141e-01
-1.546786190108591086e-01
-1.598421383607675494e-01
-1.482242196883092333e-01
-1.462878998622461069e-01
-1.591966984472836799e-01
-1.488696596273246797e-01
-1.366063005289976928e-01
-1.417698202154937803e-01
-1.443515800226560231e-01
-1.314427807462390518e-01
-1.236975008915202068e-01
-1.456424599172194689e-01
-1.579058186158128763e-01
-1.462878998622461069e-01
-1.398335003443360591e-01
-1.501605395008471788e-01
-1.488696596273246797e-01
-1.359608605614184285e-01
-1.501605395008471788e-01
-1.733963761972692197e-01
-1.669419773100226934e-01
-1.591966984472836799e-01
-1.572603786978259421e-01
-1.566149387783362101e-01
-1.695237368829207725e-01
-1.682328570994719996e-01
-1.624238979996874832e-01
-1.669419773100226934e-01
-1.701691767723954030e-01
-1.572603786978259421e-01
-1.520968592998652724e-01
-1.650056576145981779e-01
-1.650056576145981779e-01
-1.701691767723954030e-01
-1.662965374130482843e-01
-1.675874172054978573e-01
-1.598421383607675494e-01
-1.475787797477909891e-01
-1.566149387783362101e-01
-1.604875782727486211e-01
-1.495150995648373282e-01
-1.411243802599440045e-01
-1.514514193683620391e-01
-1.598421383607675494e-01
-1.482242196883092333e-01
-1.449970199706900331e-01
-1.611330181832286712e-01
-1.656510975145728537e-01
-1.527422992298674842e-01
-1.475787797477909891e-01
-1.662965374130482843e-01
-1.772690154576377353e-01
-1.630693379056662451e-01
-1.617784580922112525e-01
-1.740418160777448264e-01
-1.572603786978259421e-01
-1.437061400731192151e-01
-1.643602177131207043e-01
-1.740418160777448264e-01
-1.566149387783362101e-01
-1.611330181832286712e-01
-1.482242196883092333e-01
-1.462878998622461069e-01
-1.443515800226560231e-01
-1.430607001220813856e-01
-1.579058186158128763e-01
-1.611330181832286712e-01
-1.430607001220813856e-01
-1.404789403028914307e-01
-1.572603786978259421e-01
-1.566149387783362101e-01
-1.488696596273246797e-01
-1.540331790853635141e-01
-1.721054964318202707e-01
-1.766235755846583544e-01
-1.688782969919468968e-01
-1.779144553291178710e-01
-1.992139702475927976e-01
-2.295496401980656742e-01
-2.560126687388404321e-01
-2.792484966130022173e-01
-2.960299266573738208e-01
-3.005480038055434733e-01
-3.044206413032579661e-01
-3.263655861157097604e-01
-3.173294325768232227e-01
-2.844120136566719026e-01
-2.760212984124112978e-01
-2.585944274867575388e-01
-2.411675554757888307e-01
-2.269678811818121034e-01
-2.218043630776467268e-01
-2.166408448779026941e-01
-2.153499653130293012e-01
-2.069592479956305908e-01
-2.017957295208727686e-01
-2.063138081915205646e-01
-2.043774887702163312e-01
-1.882414930690199384e-01
-1.992139702475927976e-01
-2.101864469937559932e-01
-1.901778126025597260e-01
-1.798507749345699125e-01
-1.875960532215117382e-01
-1.850142938165006967e-01
-1.727509363152943678e-01
-1.714600565468451521e-01
-1.837234141050068104e-01
-1.843688539615033761e-01
-1.727509363152943678e-01
-1.804962148000548439e-01
-1.927595719596499890e-01
-1.863051735220011551e-01
-1.675874172054978573e-01
-1.714600565468451521e-01
-1.804962148000548439e-01
-1.869506133725060693e-01
-1.766235755846583544e-01
-1.656510975145728537e-01
-1.856597336700005485e-01
-1.733963761972692197e-01
-1.650056576145981779e-01
-1.856597336700005485e-01
-1.875960532215117382e-01
-1.875960532215117382e-01
-1.682328570994719996e-01
-1.740418160777448264e-01
-1.927595719596499890e-01
-1.888869329150306697e-01
-1.869506133725060693e-01
-1.946958914617482606e-01
-1.940504516292129722e-01
-1.869506133725060693e-01
-1.901778126025597260e-01
-2.011502897047972027e-01
-1.946958914617482606e-01
-1.824325343875212724e-01
-1.869506133725060693e-01
-1.953413312927878565e-01
-1.882414930690199384e-01
-1.792053350675839596e-01
-1.837234141050068104e-01
-1.953413312927878565e-01
-1.953413312927878565e-01
-1.895323727595439323e-01
-1.946958914617482606e-01
-1.966322109503746418e-01
-1.856597336700005485e-01
-1.733963761972692197e-01
-1.759781357101779520e-01
-1.804962148000548439e-01
-1.572603786978259421e-01
-1.566149387783362101e-01
-1.798507749345699125e-01
-1.837234141050068104e-01
-1.759781357101779520e-01
-1.863051735220011551e-01
-1.934050117951784387e-01
-1.901778126025597260e-01
-1.759781357101779520e-01
-1.779144553291178710e-01
-1.875960532215117382e-01
-1.727509363152943678e-01
-1.682328570994719996e-01
-1.753326958342000808e-01
-1.798507749345699125e-01
-1.792053350675839596e-01
-1.766235755846583544e-01
-1.863051735220011551e-01
-1.850142938165006967e-01
-1.733963761972692197e-01
-1.721054964318202707e-01
-1.798507749345699125e-01
-1.753326958342000808e-01
-1.585512585322987889e-01
-1.656510975145728537e-01
-1.843688539615033761e-01
-1.837234141050068104e-01
-1.727509363152943678e-01
-1.792053350675839596e-01
-1.901778126025597260e-01
-1.766235755846583544e-01
-1.656510975145728537e-01
-1.779144553291178710e-01
-1.901778126025597260e-01
-1.934050117951784387e-01
-1.688782969919468968e-01
-1.617784580922112525e-01
-1.830779742470127758e-01
-1.779144553291178710e-01
-1.759781357101779520e-01
-1.921141321226222942e-01
-1.998594100681572172e-01
-1.856597336700005485e-01
-1.766235755846583544e-01
-1.921141321226222942e-01
-1.921141321226222942e-01
-1.779144553291178710e-01
-1.746872559567229644e-01
-1.850142938165006967e-01
-1.753326958342000808e-01
-1.572603786978259421e-01
-1.721054964318202707e-01
-1.785598951991005379e-01
-1.656510975145728537e-01
-1.591966984472836799e-01
-1.714600565468451521e-01
-1.798507749345699125e-01
-1.669419773100226934e-01
-1.572603786978259421e-01
-1.740418160777448264e-01
-1.785598951991005379e-01
-1.540331790853635141e-01
-1.449970199706900331e-01
-1.682328570994719996e-01
-1.733963761972692197e-01
-1.520968592998652724e-01
-1.572603786978259421e-01
-1.766235755846583544e-01
-1.753326958342000808e-01
-1.701691767723954030e-01
-1.675874172054978573e-01
-1.637147778101457618e-01
-1.527422992298674842e-01
-1.520968592998652724e-01
-1.630693379056662451e-01
-1.811416546640423064e-01
-1.830779742470127758e-01
-1.579058186158128763e-01
-1.656510975145728537e-01
-1.804962148000548439e-01
-1.669419773100226934e-01
-1.546786190108591086e-01
-1.604875782727486211e-01
-1.669419773100226934e-01
-1.566149387783362101e-01
-1.579058186158128763e-01
-1.624238979996874832e-01
-1.643602177131207043e-01
-1.630693379056662451e-01
-1.624238979996874832e-01
-1.566149387783362101e-01
-1.546786190108591086e-01
-1.540331790853635141e-01
-1.566149387783362101e-01
-1.695237368829207725e-01
-1.630693379056662451e-01
-1.495150995648373282e-01
-1.591966984472836799e-01
-1.604875782727486211e-01
-1.630693379056662451e-01
-1.637147778101457618e-01
-1.798507749345699125e-01
-1.908232524440780509e-01
-1.662965374130482843e-01
-1.527422992298674842e-01
-1.714600565468451521e-01
-1.817870945265323002e-01
-1.701691767723954030e-01
-1.714600565468451521e-01
-1.759781357101779520e-01
-1.714600565468451521e-01
-1.611330181832286712e-01
-1.669419773100226934e-01
-1.850142938165006967e-01
-1.727509363152943678e-01
-1.624238979996874832e-01
-1.766235755846583544e-01
-1.721054964318202707e-01
-1.643602177131207043e-01
-1.656510975145728537e-01
-1.733963761972692197e-01
-1.727509363152943678e-01
-1.656510975145728537e-01
-1.546786190108591086e-01
-1.540331790853635141e-01
-1.604875782727486211e-01
-1.630693379056662451e-01
-1.688782969919468968e-01
-1.721054964318202707e-01
-1.650056576145981779e-01
-1.662965374130482843e-01
-1.817870945265323002e-01
-1.934050117951784387e-01
-1.863051735220011551e-01
-1.727509363152943678e-01
-1.772690154576377353e-01
-1.804962148000548439e-01
-1.792053350675839596e-01
-1.817870945265323002e-01
-1.869506133725060693e-01
-1.843688539615033761e-01
-1.695237368829207725e-01
-1.533877391583668981e-01
-1.520968592998652724e-01
-1.378971804596442752e-01
-1.185339808679248819e-01
-1.120795807028542868e-01
-1.236975008915202068e-01
-1.159522208199792459e-01
-9.529813956811317155e-02
-9.336181937155352273e-02
-1.030434202185315229e-01
-9.981621997392764456e-02
-8.948917893767571741e-02
-9.013461901376373930e-02
-9.529813956811317155e-02
-7.528949688158093068e-02
-7.206229631227145660e-02
-8.948917893767571741e-02
-8.303477809374015806e-02
-7.270773642915706603e-02
-6.560789506022857154e-02
-6.689877532273769134e-02
-7.206229631227145660e-02
-6.625333519223985945e-02
-6.238069437747206791e-02
-7.335317654453099578e-02
-7.335317654453099578e-02
-5.592629289844808227e-02
-5.721717320636443560e-02
-6.560789506022857154e-02
-6.108981409377811644e-02
-5.463541258447435212e-02
-6.108981409377811644e-02
-6.818965557919653975e-02
-5.979893380402678815e-02
-5.076277160620712436e-02
-6.044437394965918031e-02
-6.948053582960511676e-02
-5.657173305316298695e-02
-4.947189126799855785e-02
-5.592629289844808227e-02
-5.528085274221616885e-02
-3.849940814849261983e-02
-3.849940814849261983e-02
-6.818965557919653975e-02
-6.431701479166562763e-02
-4.818101092373083816e-02
-4.624469039596590392e-02
-4.947189126799855785e-02
-4.237204929951587928e-02
-3.333588652887264914e-02
-4.430836985456210186e-02
-5.915349365688271632e-02
-5.205365193835476134e-02
-4.043572873082723618e-02
-4.624469039596590392e-02
-5.592629289844808227e-02
-4.818101092373083816e-02
-3.398132673663489811e-02
-4.301748948604711131e-02
-4.689013057340218893e-02
-3.849940814849261983e-02
-3.785396795134943204e-02
-4.818101092373083816e-02
-5.205365193835476134e-02
-4.818101092373083816e-02
-4.495381003654586038e-02
-5.205365193835476134e-02
-4.947189126799855785e-02
-2.817236481216234267e-02
-3.527220714760659348e-02
-5.398997242521552664e-02
-3.979028853823152190e-02
-2.494516368989430077e-02
-4.366292967106133460e-02
-5.269909210215573125e-02
-3.527220714760659348e-02
-2.881780503206066157e-02
-3.720852775268923551e-02
-4.624469039596590392e-02
-3.979028853823152190e-02
-2.623604414335467538e-02
-4.559925021701261016e-02
-4.366292967106133460e-02
-2.752692459074346232e-02
-3.204500610879890132e-02
-3.785396795134943204e-02
-4.237204929951587928e-02
-3.720852775268923551e-02
-3.591764735081781623e-02
-3.979028853823152190e-02
-3.075412568265711855e-02
-3.333588652887264914e-02
-3.527220714760659348e-02
-3.849940814849261983e-02
-3.527220714760659348e-02
-3.075412568265711855e-02
-4.108116892190594172e-02
-4.495381003654586038e-02
-3.075412568265711855e-02
-2.171796252967261864e-02
-3.527220714760659348e-02
-3.720852775268923551e-02
-2.300884299831551516e-02
-2.300884299831551516e-02
-3.914484834412057523e-02
-3.849940814849261983e-02
-3.010868546730982587e-02
-2.688148436780757322e-02
-3.914484834412057523e-02
-3.656308755251203024e-02
-2.946324525044374809e-02
-3.914484834412057523e-02
-4.624469039596590392e-02
-3.591764735081781623e-02
-2.946324525044374809e-02
-3.398132673663489811e-02
-3.720852775268923551e-02
-2.623604414335467538e-02
-2.236340276475345945e-02
-3.333588652887264914e-02
-3.462676694288013834e-02
-1.784532108729663946e-02
-1.849076133149019086e-02
-3.527220714760659348e-02
-3.139956589648740248e-02
-1.719988084158430297e-02
-2.688148436780757322e-02
-3.785396795134943204e-02
-3.333588652887264914e-02
-2.946324525044374809e-02
-3.462676694288013834e-02
-3.849940814849261983e-02
-2.300884299831551516e-02
-2.042708205495635809e-02
-2.752692459074346232e-02
-2.752692459074346232e-02
-2.107252229307476910e-02
-2.042708205495635809e-02
-3.139956589648740248e-02
-4.301748948604711131e-02
-2.042708205495635809e-02
-1.590900034560327470e-02
-3.591764735081781623e-02
-2.881780503206066157e-02
-1.461811984354532967e-02
-2.107252229307476910e-02
-3.785396795134943204e-02
-2.365428323036056213e-02
-1.913620157416318079e-02
-2.688148436780757322e-02
-3.075412568265711855e-02
-2.429972346088504764e-02
-1.590900034560327470e-02
-3.333588652887264914e-02
-4.172660911146941487e-02
-2.688148436780757322e-02
-2.752692459074346232e-02
-4.043572873082723618e-02
-3.656308755251203024e-02
-2.881780503206066157e-02
-2.300884299831551516e-02
-2.752692459074346232e-02
-2.042708205495635809e-02
-8.809157509059417634e-03
-2.559060391738476881e-02
-4.108116892190594172e-02
-3.204500610879890132e-02
-1.719988084158430297e-02
-2.171796252967261864e-02
-3.075412568265711855e-02
-1.913620157416318079e-02
-1.719988084158430297e-02
-2.817236481216234267e-02
-2.429972346088504764e-02
-2.236340276475345945e-02
-2.688148436780757322e-02
-3.462676694288013834e-02
-2.688148436780757322e-02
-2.354754770772515826e-03
-4.936515884335079818e-03
-3.075412568265711855e-02
-3.204500610879890132e-02
-2.042708205495635809e-02
-2.300884299831551516e-02
-2.300884299831551516e-02
-1.397267959023551498e-02
-9.454597774526618537e-03
-2.429972346088504764e-02
-3.656308755251203024e-02
-2.429972346088504764e-02
-1.913620157416318079e-02
-2.365428323036056213e-02
-1.913620157416318079e-02
-6.227396431990328551e-03
-6.227396431990328551e-03
-3.010868546730982587e-02
-2.559060391738476881e-02
-1.719988084158430297e-02
-1.074547830089933598e-02
-2.688148436780757322e-02
-2.042708205495635809e-02
3.454207823725852222e-03
-2.429972346088504764e-02
-3.979028853823152190e-02
-1.913620157416318079e-02
-6.227396431990328551e-03
-8.163717242073431635e-03
-1.397267959023551498e-02
-1.074547830089933598e-02
-1.719988084158430297e-02
-3.010868546730982587e-02
-2.752692459074346232e-02
-1.849076133149019086e-02
-1.784532108729663946e-02
-2.559060391738476881e-02
-1.913620157416318079e-02
-1.397267959023551498e-02
-2.236340276475345945e-02
-2.752692459074346232e-02
-2.171796252967261864e-02
-1.461811984354532967e-02
-2.752692459074346232e-02
-3.333588652887264914e-02
-1.332723933540869155e-02
-6.872836703537998915e-03
-1.397267959023551498e-02
-1.978164181531916199e-02
-1.010003803847325798e-02
-1.203635882119336031e-02
-3.075412568265711855e-02
-2.236340276475345945e-02
2.270063671243605086e-04
-8.809157509059417634e-03
-2.688148436780757322e-02
-1.849076133149019086e-02
-4.936515884335079818e-03
-1.268179907905953030e-02
-1.332723933540869155e-02
-1.010003803847325798e-02
-1.849076133149019086e-02
-2.623604414335467538e-02
-3.204500610879890132e-02
-2.623604414335467538e-02
-1.978164181531916199e-02
-1.461811984354532967e-02
-1.139091856180662887e-02
-1.010003803847325798e-02
-1.784532108729663946e-02
-3.204500610879890132e-02
-2.429972346088504764e-02
-4.291075608223948734e-03
-4.936515884335079818e-03
-1.332723933540869155e-02
-1.590900034560327470e-02
-1.784532108729663946e-02
-2.236340276475345945e-02
-2.300884299831551516e-02
-1.139091856180662887e-02
-5.581956158922096733e-03
-2.365428323036056213e-02
-2.688148436780757322e-02
-1.655444059435318138e-02
-1.074547830089933598e-02
-2.817236481216234267e-02
-2.042708205495635809e-02
-7.518276973565107824e-03
-1.978164181531916199e-02
-2.107252229307476910e-02
-4.936515884335079818e-03
-5.581956158922096733e-03
-2.429972346088504764e-02
-2.817236481216234267e-02
-1.784532108729663946e-02
-3.645635330594032553e-03
-1.397267959023551498e-02
-2.236340276475345945e-02
-1.010003803847325798e-02
-1.590900034560327470e-02
-2.881780503206066157e-02
-2.107252229307476910e-02
-1.849076133149019086e-02
-2.236340276475345945e-02
-2.881780503206066157e-02
-2.752692459074346232e-02
-6.872836703537998915e-03
-8.163717242073431635e-03
-1.849076133149019086e-02
-1.268179907905953030e-02
-8.809157509059417634e-03
-1.397267959023551498e-02
-2.107252229307476910e-02
-1.719988084158430297e-02
-1.268179907905953030e-02
-3.398132673663489811e-02
-3.333588652887264914e-02
-1.203635882119336031e-02
2.163327236520018459e-03
-1.268179907905953030e-02
-1.784532108729663946e-02
-8.163717242073431635e-03
-1.719988084158430297e-02
-3.139956589648740248e-02
-1.978164181531916199e-02
-8.809157509059417634e-03
-1.139091856180662887e-02
-1.074547830089933598e-02
-6.872836703537998915e-03
-1.010003803847325798e-02
-3.204500610879890132e-02
-3.398132673663489811e-02
-1.655444059435318138e-02
-1.074547830089933598e-02
-2.623604414335467538e-02
-3.269044631959516778e-02
-1.526356009533280655e-02
-9.454597774526618537e-03
-1.590900034560327470e-02
-8.809157509059417634e-03
-4.291075608223948734e-03
-1.268179907905953030e-02
-1.010003803847325798e-02
-1.526356009533280655e-02
-2.107252229307476910e-02
-1.913620157416318079e-02
-1.397267959023551498e-02
-3.645635330594032553e-03
-3.000195051443554917e-03
-8.163717242073431635e-03
-2.107252229307476910e-02
-1.849076133149019086e-02
-1.074547830089933598e-02
-1.268179907905953030e-02
-1.978164181531916199e-02
-6.872836703537998915e-03
-1.139091856180662887e-02
-2.688148436780757322e-02
-2.623604414335467538e-02
-1.655444059435318138e-02
