-3.498659275393833923e-04
-1.640746777058055272e-03
-5.513389288935854893e-03
-3.577068039875896943e-03
6.104538411788595909e-03
4.813657531689941038e-03
-9.386031745805212267e-03
-1.454955493609411121e-02
-6.804270114002974879e-03
1.586455358204119648e-03
9.410149280935087290e-04
4.168217093935666639e-03
1.126806199336982672e-02
-6.804270114002974879e-03
-1.132235295361816441e-02
1.062262154031934358e-02
3.522776657709059123e-03
-8.095150932959427337e-03
-5.513389288935854893e-03
-2.931627620464283268e-03
9.410149280935087290e-04
-9.953063530634409517e-04
-5.513389288935854893e-03
1.062262154031934358e-02
4.813657531689941038e-03
-3.577068039875896943e-03
3.522776657709059123e-03
5.459097970975435032e-03
6.104538411788595909e-03
-3.577068039875896943e-03
-9.953063530634409517e-04
3.522776657709059123e-03
6.104538411788595909e-03
-9.953063530634409517e-04
2.955744995123410490e-04
3.522776657709059123e-03
-7.449710524245034549e-03
-8.740591340146153243e-03
7.395419298006800091e-03
-3.498659275393833923e-04
-1.519499532800772101e-02
-7.449710524245034549e-03
8.040859743408290683e-03
2.955744995123410490e-04
-2.286187199526779068e-03
-3.498659275393833923e-04
-1.640746777058055272e-03
4.813657531689941038e-03
1.586455358204119648e-03
4.168217093935666639e-03
2.877336223011894845e-03
-8.740591340146153243e-03
-1.067691255254032967e-02
1.586455358204119648e-03
4.813657531689941038e-03
-7.449710524245034549e-03
-1.196779335316833226e-02
4.168217093935666639e-03
5.459097970975435032e-03
-1.132235295361816441e-02
-1.261323375118905687e-02
-1.640746777058055272e-03
1.586455358204119648e-03
-8.740591340146153243e-03
-4.867948874110794577e-03
4.168217093935666639e-03
9.410149280935087290e-04
-3.498659275393833923e-04
2.231895789844173805e-03
2.231895789844173805e-03
-6.158829702235024683e-03
-5.513389288935854893e-03
8.040859743408290683e-03
6.749978854132976380e-03
-8.095150932959427337e-03
-1.325867414768389096e-02
-9.386031745805212267e-03
-8.095150932959427337e-03
-1.648587610725549268e-02
-1.971307802866029135e-02
-4.867948874110794577e-03
-5.513389288935854893e-03
-1.713131649458965455e-02
2.955744995123410490e-04
4.813657531689941038e-03
2.877336223011894845e-03
-2.286187199526779068e-03
4.813657531689941038e-03
8.686300190341000871e-03
-6.158829702235024683e-03
-2.286187199526779068e-03
2.231895789844173805e-03
9.410149280935087290e-04
-4.222508457758067379e-03
-4.222508457758067379e-03
4.813657531689941038e-03
1.586455358204119648e-03
-7.449710524245034549e-03
-3.498659275393833923e-04
8.686300190341000871e-03
2.955744995123410490e-04
-1.132235295361816441e-02
-2.286187199526779068e-03
1.449526428158343094e-02
6.749978854132976380e-03
-6.158829702235024683e-03
6.104538411788595909e-03
1.772246660806153784e-02
3.522776657709059123e-03
-6.158829702235024683e-03
9.331740638803154297e-03
1.836790707795010746e-02
-8.095150932959427337e-03
-1.842219726467853036e-02
-3.498659275393833923e-04
1.586455358204119648e-03
-1.132235295361816441e-02
-6.804270114002974879e-03
8.040859743408290683e-03
3.522776657709059123e-03
-1.261323375118905687e-02
-1.003147214993660441e-02
4.813657531689941038e-03
-2.286187199526779068e-03
-1.067691255254032967e-02
9.410149280935087290e-04
8.040859743408290683e-03
4.168217093935666639e-03
-2.931627620464283268e-03
5.459097970975435032e-03
7.395419298006800091e-03
-8.740591340146153243e-03
-1.640746777058055272e-03
1.578614520758314654e-02
6.749978854132976380e-03
-8.095150932959427337e-03
-3.577068039875896943e-03
1.062262154031934358e-02
1.586455358204119648e-03
-1.713131649458965455e-02
2.231895789844173805e-03
1.126806199336982672e-02
-6.158829702235024683e-03
-2.286187199526779068e-03
8.686300190341000871e-03
9.410149280935087290e-04
-1.067691255254032967e-02
-1.454955493609411121e-02
-4.222508457758067379e-03
1.586455358204119648e-03
-3.498659275393833923e-04
2.955744995123410490e-04
-3.498659275393833923e-04
2.955744995123410490e-04
-1.132235295361816441e-02
-8.095150932959427337e-03
7.395419298006800091e-03
2.955744995123410490e-04
-1.519499532800772101e-02
-6.804270114002974879e-03
-1.640746777058055272e-03
2.955744995123410490e-04
-9.953063530634409517e-04
8.040859743408290683e-03
1.320438336170681737e-02
9.410149280935087290e-04
-3.577068039875896943e-03
1.384982382088217889e-02
1.707702613970418781e-02
-9.953063530634409517e-04
-8.095150932959427337e-03
6.749978854132976380e-03
9.410149280935087290e-04
-8.740591340146153243e-03
9.410149280935087290e-04
6.104538411788595909e-03
2.877336223011894845e-03
-2.286187199526779068e-03
-9.953063530634409517e-04
9.331740638803154297e-03
-1.640746777058055272e-03
-6.804270114002974879e-03
1.126806199336982672e-02
6.749978854132976380e-03
-4.867948874110794577e-03
-4.222508457758067379e-03
5.459097970975435032e-03
1.191350244795330582e-02
-2.286187199526779068e-03
-1.132235295361816441e-02
-2.931627620464283268e-03
-2.286187199526779068e-03
-2.931627620464283268e-03
-3.498659275393833923e-04
2.877336223011894845e-03
4.813657531689941038e-03
-6.804270114002974879e-03
-6.804270114002974879e-03
-3.498659275393833923e-04
-7.449710524245034549e-03
2.231895789844173805e-03
1.320438336170681737e-02
1.449526428158343094e-02
6.749978854132976380e-03
-1.067691255254032967e-02
1.586455358204119648e-03
1.836790707795010746e-02
-8.740591340146153243e-03
-3.498659275393833923e-04
1.449526428158343094e-02
-3.498659275393833923e-04
-9.386031745805212267e-03
-4.222508457758067379e-03
1.836790707795010746e-02
4.168217093935666639e-03
-2.423116065453001511e-02
-2.931627620464283268e-03
8.686300190341000871e-03
-8.740591340146153243e-03
-2.229483953831312704e-02
-7.449710524245034549e-03
8.686300190341000871e-03
-6.158829702235024683e-03
-1.132235295361816441e-02
2.877336223011894845e-03
6.104538411788595909e-03
-3.577068039875896943e-03
-5.513389288935854893e-03
6.749978854132976380e-03
4.813657531689941038e-03
-7.449710524245034549e-03
-3.498659275393833923e-04
7.395419298006800091e-03
2.231895789844173805e-03
-5.513389288935854893e-03
2.231895789844173805e-03
1.449526428158343094e-02
-9.953063530634409517e-04
-1.713131649458965455e-02
2.877336223011894845e-03
1.578614520758314654e-02
1.586455358204119648e-03
-8.740591340146153243e-03
1.586455358204119648e-03
1.126806199336982672e-02
-6.804270114002974879e-03
-8.740591340146153243e-03
7.395419298006800091e-03
5.459097970975435032e-03
-1.003147214993660441e-02
-9.386031745805212267e-03
3.522776657709059123e-03
4.168217093935666639e-03
-9.953063530634409517e-04
2.955744995123410490e-04
-1.640746777058055272e-03
-6.158829702235024683e-03
-6.804270114002974879e-03
-4.867948874110794577e-03
5.459097970975435032e-03
1.255894290406445180e-02
2.955744995123410490e-04
1.255894290406445180e-02
9.977181088794750963e-03
-1.325867414768389096e-02
-7.449710524245034549e-03
1.062262154031934358e-02
3.522776657709059123e-03
-5.513389288935854893e-03
-4.867948874110794577e-03
4.813657531689941038e-03
-1.640746777058055272e-03
-1.261323375118905687e-02
2.231895789844173805e-03
1.126806199336982672e-02
-3.498659275393833923e-04
-2.286187199526779068e-03
5.459097970975435032e-03
6.104538411788595909e-03
-6.804270114002974879e-03
-1.003147214993660441e-02
2.955744995123410490e-04
-9.953063530634409517e-04
-1.067691255254032967e-02
-4.867948874110794577e-03
1.062262154031934358e-02
1.255894290406445180e-02
-4.867948874110794577e-03
-8.740591340146153243e-03
9.410149280935087290e-04
-1.196779335316833226e-02
-1.713131649458965455e-02
5.459097970975435032e-03
5.459097970975435032e-03
-8.740591340146153243e-03
-1.906763764743324430e-02
-1.648587610725549268e-02
-1.584043571839544029e-02
-3.133100462986604384e-02
-3.326732568202572793e-02
-3.197644498211182906e-02
-6.037581897256494301e-02
-9.652047252038897796e-02
-1.107201565407365251e-01
-1.223380792847503784e-01
-1.365377619727237146e-01
-1.468648034680555270e-01
-1.417012827687393894e-01
-1.333105614260929883e-01
-1.520283240707147598e-01
-1.655825651931301934e-01
-1.559009644593043475e-01
-1.642916851148950030e-01
-1.855912056348767436e-01
-1.901092855343247123e-01
-1.797822456557689463e-01
-1.791368056505611150e-01
-1.901092855343247123e-01
-1.881729655864479156e-01
-1.746187255719249265e-01
-1.688097653623295002e-01
-1.739732855546645141e-01
-1.713915254705540292e-01
-1.668734452653328759e-01
-1.817185656623561130e-01
-1.997908850705911732e-01
-1.991454451120358016e-01
-1.978545651904113356e-01
-2.146360037025552003e-01
-2.223812826733659875e-01
-2.075361644560089758e-01
-2.055998446299458493e-01
-2.133451238530632565e-01
-2.133451238530632565e-01
-2.004363250276437469e-01
-1.920456054686550118e-01
-2.126996839260666405e-01
-2.043089647383897756e-01
-1.946273653600343323e-01
-1.985000051519758557e-01
-2.068907245154907315e-01
-1.997908850705911732e-01
-1.849457656432207386e-01
-1.810731256616655571e-01
-1.662280052299855981e-01
-1.397649624815677782e-01
-1.294379207202407400e-01
-1.410558426745254224e-01
-1.520283240707147598e-01
-1.533192042062818672e-01
-1.546100843358129140e-01
-1.526737641392532652e-01
-1.417012827687393894e-01
-1.384740822825634154e-01
-1.526737641392532652e-01
-1.617099249403270989e-01
-1.384740822825634154e-01
-1.275016003468962822e-01
-1.475102435486714825e-01
-1.533192042062818672e-01
-1.455739233022885770e-01
-1.404104025788015520e-01
-1.481556836277793110e-01
-1.475102435486714825e-01
-1.352468817586061078e-01
-1.326651213122307382e-01
-1.423467228614399005e-01
-1.455739233022885770e-01
-1.333105614260929883e-01
-1.371832020775158867e-01
-1.404104025788015520e-01
-1.320196811968568085e-01
-1.326651213122307382e-01
-1.449284832171411352e-01
-1.520283240707147598e-01
-1.436376030423112127e-01
-1.384740822825634154e-01
-1.358923218664216392e-01
-1.442830431304820138e-01
-1.378286421807963791e-01
-1.346014416492806731e-01
-1.429921629526305082e-01
-1.404104025788015520e-01
-1.229835194228137141e-01
-1.178199982759231546e-01
-1.339560015384417824e-01
-1.423467228614399005e-01
-1.371832020775158867e-01
-1.436376030423112127e-01
-1.571918445767597206e-01
-1.533192042062818672e-01
-1.371832020775158867e-01
-1.417012827687393894e-01
-1.513828840006663512e-01
-1.378286421807963791e-01
-1.255652799599396019e-01
-1.268561602194235860e-01
-1.229835194228137141e-01
-1.165291179740641780e-01
-1.087838360356983003e-01
-1.171745581257486180e-01
-1.313742410799711990e-01
-1.236289595593653701e-01
-1.210471990040815626e-01
-1.300833608416631648e-01
-1.223380792847503784e-01
-1.262107200904374338e-01
-1.384740822825634154e-01
-1.410558426745254224e-01
-1.346014416492806731e-01
-1.281470404728572987e-01
-1.320196811968568085e-01
-1.287924805973048592e-01
-1.158836778208627294e-01
-1.158836778208627294e-01
-1.346014416492806731e-01
-1.391195223828205485e-01
-1.236289595593653701e-01
-1.326651213122307382e-01
-1.475102435486714825e-01
-1.417012827687393894e-01
-1.236289595593653701e-01
-1.268561602194235860e-01
-1.423467228614399005e-01
-1.378286421807963791e-01
-1.307288009615721336e-01
-1.462193633859278918e-01
-1.526737641392532652e-01
-1.320196811968568085e-01
-1.197563187173589228e-01
-1.262107200904374338e-01
-1.223380792847503784e-01
-1.178199982759231546e-01
-1.326651213122307382e-01
-1.449284832171411352e-01
-1.404104025788015520e-01
-1.294379207202407400e-01
-1.320196811968568085e-01
-1.507374439291098156e-01
-1.449284832171411352e-01
-1.287924805973048592e-01
-1.255652799599396019e-01
-1.313742410799711990e-01
-1.326651213122307382e-01
-1.262107200904374338e-01
-1.378286421807963791e-01
-1.455739233022885770e-01
-1.326651213122307382e-01
-1.281470404728572987e-01
-1.320196811968568085e-01
-1.249198398279283140e-01
-1.165291179740641780e-01
-1.281470404728572987e-01
-1.462193633859278918e-01
-1.429921629526305082e-01
-1.262107200904374338e-01
-1.326651213122307382e-01
-1.462193633859278918e-01
-1.404104025788015520e-01
-1.287924805973048592e-01
-1.500920038560416003e-01
-1.404104025788015520e-01
-1.371832020775158867e-01
-1.352468817586061078e-01
-1.287924805973048592e-01
-1.397649624815677782e-01
-1.346014416492806731e-01
-1.313742410799711990e-01
-1.429921629526305082e-01
-1.404104025788015520e-01
-1.326651213122307382e-01
-1.378286421807963791e-01
-1.468648034680555270e-01
-1.384740822825634154e-01
-1.242743996944017937e-01
-1.320196811968568085e-01
-1.358923218664216392e-01
-1.275016003468962822e-01
-1.255652799599396019e-01
-1.442830431304820138e-01
-1.571918445767597206e-01
-1.429921629526305082e-01
-1.268561602194235860e-01
-1.352468817586061078e-01
-1.462193633859278918e-01
-1.468648034680555270e-01
-1.462193633859278918e-01
-1.513828840006663512e-01
-1.462193633859278918e-01
-1.391195223828205485e-01
-1.417012827687393894e-01
-1.494465637814634817e-01
-1.468648034680555270e-01
-1.365377619727237146e-01
-1.313742410799711990e-01
-1.539646442718005659e-01
-1.546100843358129140e-01
-1.636462450735169938e-01
-2.017272049372387244e-01
-2.314174411995200131e-01
-2.456171182897008975e-01
-2.552987158900279496e-01
-2.817617476135936272e-01
-2.914433439581411989e-01
-2.682075121666898099e-01
-2.443262385842004392e-01
-2.372264000968176134e-01
-2.275448018671717421e-01
-2.075361644560089758e-01
-1.952728053291181709e-01
-1.985000051519758557e-01
-1.817185656623561130e-01
-1.675188852991720267e-01
-1.778459256356246243e-01
-1.868820856136732544e-01
-1.733278455358977510e-01
-1.571918445767597206e-01
-1.649371251547666617e-01
-1.765550456146645075e-01
-1.610644848929148054e-01
-1.488011237053754598e-01
-1.630008050306273049e-01
-1.630008050306273049e-01
-1.500920038560416003e-01
-1.630008050306273049e-01
-1.610644848929148054e-01
-1.584827246881790330e-01
-1.552555243983135824e-01
-1.610644848929148054e-01
-1.720369654938416204e-01
-1.649371251547666617e-01
-1.591281647416273870e-01
-1.804276856594704270e-01
-1.855912056348767436e-01
-1.759096056019231469e-01
-1.746187255719249265e-01
-1.843003256500601594e-01
-1.784913656438451568e-01
-1.539646442718005659e-01
-1.417012827687393894e-01
-1.526737641392532652e-01
-1.565464045187852093e-01
-1.468648034680555270e-01
-1.494465637814634817e-01
-1.765550456146645075e-01
-1.823640056615403182e-01
-1.733278455358977510e-01
-1.765550456146645075e-01
-1.726824055156228610e-01
-1.675188852991720267e-01
-1.681643253315048270e-01
-1.817185656623561130e-01
-1.817185656623561130e-01
-1.662280052299855981e-01
-1.662280052299855981e-01
-1.681643253315048270e-01
-1.726824055156228610e-01
-1.662280052299855981e-01
-1.559009644593043475e-01
-1.707460854457583110e-01
-1.772004856258977412e-01
-1.591281647416273870e-01
-1.494465637814634817e-01
-1.526737641392532652e-01
-1.468648034680555270e-01
-1.384740822825634154e-01
-1.571918445767597206e-01
-1.681643253315048270e-01
-1.462193633859278918e-01
-1.442830431304820138e-01
-1.604190448439943850e-01
-1.688097653623295002e-01
-1.694552053916460466e-01
-1.675188852991720267e-01
-1.655825651931301934e-01
-1.604190448439943850e-01
-1.442830431304820138e-01
-1.410558426745254224e-01
-1.578372846332243284e-01
-1.597736047935658377e-01
-1.552555243983135824e-01
-1.901092855343247123e-01
-2.339992007244227068e-01
-2.423899190147125182e-01
-2.268993619731975997e-01
-2.139905637785588510e-01
-1.978545651904113356e-01
-1.772004856258977412e-01
-1.733278455358977510e-01
-1.784913656438451568e-01
-1.791368056505611150e-01
-1.720369654938416204e-01
-1.843003256500601594e-01
-2.172177633835126187e-01
-2.443262385842004392e-01
-2.372264000968176134e-01
-2.314174411995200131e-01
-2.288356816506205149e-01
-2.152814436250451990e-01
-2.049544046849192114e-01
-2.081816043950244222e-01
-1.946273653600343323e-01
-1.849457656432207386e-01
-1.855912056348767436e-01
-1.830094456592199492e-01
-1.810731256616655571e-01
-1.772004856258977412e-01
-1.765550456146645075e-01
-1.855912056348767436e-01
-1.804276856594704270e-01
-1.649371251547666617e-01
-1.668734452653328759e-01
-1.894638455532025034e-01
-1.765550456146645075e-01
-1.546100843358129140e-01
-1.617099249403270989e-01
-1.713915254705540292e-01
-1.642916851148950030e-01
-1.578372846332243284e-01
-1.707460854457583110e-01
-1.804276856594704270e-01
-1.662280052299855981e-01
-1.500920038560416003e-01
-1.610644848929148054e-01
-1.675188852991720267e-01
-1.481556836277793110e-01
-1.475102435486714825e-01
-1.642916851148950030e-01
-1.701006454194580186e-01
-1.578372846332243284e-01
-1.623553649862312653e-01
-1.817185656623561130e-01
-1.907547255139387943e-01
-1.830094456592199492e-01
-1.849457656432207386e-01
-1.907547255139387943e-01
-1.849457656432207386e-01
-1.791368056505611150e-01
-1.920456054686550118e-01
-2.017272049372387244e-01
-1.888184055705774966e-01
-1.739732855546645141e-01
-1.688097653623295002e-01
-1.494465637814634817e-01
-1.236289595593653701e-01
-1.197563187173589228e-01
-1.223380792847503784e-01
-1.145927975099159113e-01
-1.010385538791691573e-01
-1.197563187173589228e-01
-1.152382376661478247e-01
-1.029748744387610770e-01
-9.781135291619236227e-02
-9.458415191530633592e-02
-9.716591271904917448e-02
-8.812974979976040402e-02
-8.167534753245320189e-02
-8.942063023500956831e-02
-8.554798891105441783e-02
-7.586638536205292382e-02
-7.715726585499638190e-02
-8.619342913550731566e-02
-8.425710845759404322e-02
-6.747566200977317408e-02
-6.295758009829377499e-02
-7.070286332950637131e-02
-7.263918410310843399e-02
-6.747566200977317408e-02
-6.489390092662183918e-02
-7.263918410310843399e-02
-6.683022174126485027e-02
-5.714861753117972398e-02
-6.618478147123774136e-02
-6.876654254222636098e-02
-5.004877422621945016e-02
-5.327597575130305074e-02
-7.651182560928404541e-02
-6.876654254222636098e-02
-4.940333391663642715e-02
-5.521229664808835480e-02
-6.876654254222636098e-02
-5.973037868733044320e-02
-3.649452740513225990e-02
-4.036716942256646234e-02
-6.360302037592369118e-02
-5.908493840057538193e-02
-4.101260975347287285e-02
-4.101260975347287285e-02
-5.456685635068225793e-02
-4.811245329290159134e-02
-4.682157266307740429e-02
-5.327597575130305074e-02
-6.037581897256494301e-02
-5.779405782250002233e-02
-4.875789360553106633e-02
-4.488525170691737287e-02
-5.327597575130305074e-02
-4.682157266307740429e-02
-4.230349041071512772e-02
-5.263053544933171679e-02
-4.940333391663642715e-02
-5.069421453428191171e-02
-3.713996774518157906e-02
-3.262188533282994740e-02
-4.682157266307740429e-02
-5.004877422621945016e-02
-4.359437106186270228e-02
-4.746701297874977854e-02
-4.488525170691737287e-02
-3.455820637584139376e-02
-4.746701297874977854e-02
-4.811245329290159134e-02
-3.068556427609792081e-02
-4.165805008285516919e-02
-4.165805008285516919e-02
-3.197644498211182906e-02
-2.874924320564176128e-02
-3.455820637584139376e-02
-4.940333391663642715e-02
-5.004877422621945016e-02
-3.520364672046305543e-02
-4.036716942256646234e-02
-4.940333391663642715e-02
-3.520364672046305543e-02
-2.358572028398420173e-02
-3.584908706356060293e-02
-5.456685635068225793e-02
-2.487660102355171432e-02
-2.294027991191072147e-02
-4.036716942256646234e-02
-4.359437106186270228e-02
-3.197644498211182906e-02
-2.681292212145969245e-02
-4.682157266307740429e-02
-5.133965484082025910e-02
-3.068556427609792081e-02
-3.584908706356060293e-02
-4.617613234587913951e-02
-4.230349041071512772e-02
-2.100395878653849024e-02
-1.390411454265283453e-02
-3.907628875618485154e-02
-4.165805008285516919e-02
-2.939468356398577953e-02
-2.939468356398577953e-02
-4.230349041071512772e-02
-4.101260975347287285e-02
-2.294027991191072147e-02
-3.133100462986604384e-02
-5.069421453428191171e-02
-3.649452740513225990e-02
-2.229483953831312704e-02
-3.004012392080390725e-02
-3.907628875618485154e-02
-2.552204139104752301e-02
-2.358572028398420173e-02
-3.713996774518157906e-02
-3.197644498211182906e-02
-2.294027991191072147e-02
-2.874924320564176128e-02
-3.907628875618485154e-02
-3.843084842070787488e-02
-2.745836248437960592e-02
-3.584908706356060293e-02
-4.036716942256646234e-02
-3.326732568202572793e-02
-2.874924320564176128e-02
-2.423116065453001511e-02
-3.004012392080390725e-02
-2.423116065453001511e-02
-2.552204139104752301e-02
-4.165805008285516919e-02
-2.681292212145969245e-02
-1.519499532800772101e-02
-2.358572028398420173e-02
-3.584908706356060293e-02
-2.810380284577362886e-02
-2.100395878653849024e-02
-3.133100462986604384e-02
-3.455820637584139376e-02
-2.423116065453001511e-02
-1.390411454265283453e-02
-2.229483953831312704e-02
-2.552204139104752301e-02
-1.584043571839544029e-02
-2.100395878653849024e-02
-3.391276602969561793e-02
-3.068556427609792081e-02
-2.294027991191072147e-02
-1.390411454265283453e-02
-2.681292212145969245e-02
-2.939468356398577953e-02
-1.519499532800772101e-02
-2.616748175701566481e-02
-3.584908706356060293e-02
-3.262188533282994740e-02
-2.423116065453001511e-02
-2.229483953831312704e-02
-3.391276602969561793e-02
-2.100395878653849024e-02
-3.498659275393833923e-04
-1.713131649458965455e-02
-2.616748175701566481e-02
-1.971307802866029135e-02
-1.454955493609411121e-02
-2.229483953831312704e-02
-3.391276602969561793e-02
-2.100395878653849024e-02
-1.003147214993660441e-02
-2.100395878653849024e-02
-2.745836248437960592e-02
-1.971307802866029135e-02
-8.740591340146153243e-03
-1.454955493609411121e-02
-2.229483953831312704e-02
-1.713131649458965455e-02
-1.906763764743324430e-02
-2.229483953831312704e-02
-2.294027991191072147e-02
-1.842219726467853036e-02
-2.358572028398420173e-02
-2.487660102355171432e-02
-1.454955493609411121e-02
-2.294027991191072147e-02
-3.584908706356060293e-02
-3.262188533282994740e-02
-2.423116065453001511e-02
-1.454955493609411121e-02
-1.842219726467853036e-02
-2.358572028398420173e-02
-8.095150932959427337e-03
-1.390411454265283453e-02
-2.745836248437960592e-02
-3.004012392080390725e-02
-3.004012392080390725e-02
-9.386031745805212267e-03
-1.003147214993660441e-02
-1.584043571839544029e-02
-1.067691255254032967e-02
-2.100395878653849024e-02
-3.584908706356060293e-02
-2.035851840836322424e-02
-1.648587610725549268e-02
-2.423116065453001511e-02
-1.519499532800772101e-02
-1.003147214993660441e-02
-1.584043571839544029e-02
-2.358572028398420173e-02
-2.874924320564176128e-02
-1.842219726467853036e-02
-1.584043571839544029e-02
-2.874924320564176128e-02
-2.681292212145969245e-02
-7.449710524245034549e-03
-1.261323375118905687e-02
-3.133100462986604384e-02
-2.294027991191072147e-02
-1.132235295361816441e-02
-1.713131649458965455e-02
-2.616748175701566481e-02
-2.294027991191072147e-02
-1.196779335316833226e-02
-1.713131649458965455e-02
-2.681292212145969245e-02
-2.294027991191072147e-02
-1.454955493609411121e-02
-1.842219726467853036e-02
-1.842219726467853036e-02
-9.386031745805212267e-03
-1.325867414768389096e-02
-2.294027991191072147e-02
-2.552204139104752301e-02
-1.390411454265283453e-02
-1.067691255254032967e-02
-2.423116065453001511e-02
-1.842219726467853036e-02
-6.804270114002974879e-03
-1.325867414768389096e-02
-2.939468356398577953e-02
-2.552204139104752301e-02
-1.325867414768389096e-02
-1.325867414768389096e-02
-2.229483953831312704e-02
-1.390411454265283453e-02
-2.931627620464283268e-03
-1.261323375118905687e-02
-2.100395878653849024e-02
-1.390411454265283453e-02
-1.454955493609411121e-02
-2.294027991191072147e-02
-2.939468356398577953e-02
-2.035851840836322424e-02
-1.713131649458965455e-02
-2.229483953831312704e-02
-2.745836248437960592e-02
-5.513389288935854893e-03
6.749978854132976380e-03
-1.713131649458965455e-02
-2.164939916318964208e-02
-8.740591340146153243e-03
-8.095150932959427337e-03
-1.519499532800772101e-02
-2.164939916318964208e-02
-1.971307802866029135e-02
-1.261323375118905687e-02
-1.390411454265283453e-02
-6.158829702235024683e-03
-1.067691255254032967e-02
-2.745836248437960592e-02
-2.552204139104752301e-02
-1.067691255254032967e-02
-6.158829702235024683e-03
-1.261323375118905687e-02
-2.164939916318964208e-02
-1.454955493609411121e-02
-1.390411454265283453e-02
-3.068556427609792081e-02
-2.745836248437960592e-02
-3.577068039875896943e-03
-1.003147214993660441e-02
-2.358572028398420173e-02
-1.777675688039614954e-02
-1.132235295361816441e-02
-1.454955493609411121e-02
-1.842219726467853036e-02
-6.158829702235024683e-03
-1.325867414768389096e-02
-2.874924320564176128e-02
-2.423116065453001511e-02
-1.325867414768389096e-02
-1.003147214993660441e-02
-1.906763764743324430e-02
-2.294027991191072147e-02
-8.095150932959427337e-03
-7.449710524245034549e-03
-2.745836248437960592e-02
-2.616748175701566481e-02
-1.454955493609411121e-02
-1.067691255254032967e-02
-1.648587610725549268e-02
-7.449710524245034549e-03
3.522776657709059123e-03
-8.740591340146153243e-03
-2.100395878653849024e-02
-2.100395878653849024e-02
-8.095150932959427337e-03
-1.196779335316833226e-02
-2.939468356398577953e-02
-2.229483953831312704e-02
-8.740591340146153243e-03
-2.100395878653849024e-02
-2.681292212145969245e-02
-1.196779335316833226e-02
-7.449710524245034549e-03
-1.842219726467853036e-02
-1.325867414768389096e-02
-1.196779335316833226e-02
-8.740591340146153243e-03
-2.294027991191072147e-02
-2.552204139104752301e-02
-1.003147214993660441e-02
-7.449710524245034549e-03
-1.454955493609411121e-02
-1.196779335316833226e-02
8.040859743408290683e-03
-4.222508457758067379e-03
-2.294027991191072147e-02
-2.358572028398420173e-02
-4.867948874110794577e-03
4.813657531689941038e-03
-2.100395878653849024e-02
-1.519499532800772101e-02
4.813657531689941038e-03
-1.067691255254032967e-02
-3.004012392080390725e-02
-2.294027991191072147e-02
-1.261323375118905687e-02
-1.648587610725549268e-02
