8.173659613039063743e-03
-1.507944870899891043e-03
-1.507944870899891043e-03
9.464540236773899551e-03
1.720982410710902855e-02
4.283759984957669076e-04
-6.026026846248200286e-03
4.946458080343774100e-03
-2.153385157654952309e-03
-3.444265726603390476e-03
-1.507944870899891043e-03
-7.316907396946348285e-03
-1.507944870899891043e-03
-7.316907396946348285e-03
-1.507944870899891043e-03
1.204630150251695397e-02
1.140086118379635138e-02
4.283759984957669076e-04
4.283759984957669076e-04
5.591898383837445863e-03
-1.507944870899891043e-03
1.719256585701600670e-03
1.075542086659808660e-02
6.237338688855231794e-03
4.283759984957669076e-04
1.719256585701600670e-03
1.204630150251695397e-02
1.269174182275811802e-02
-6.026026846248200286e-03
-6.671467122359331370e-03
6.237338688855231794e-03
8.173659613039063743e-03
-2.798825442889452120e-03
-5.380586568618284105e-03
-8.625045826224919665e-04
-8.625045826224919665e-04
9.464540236773899551e-03
1.979158544596870684e-02
1.073816291338403062e-03
-1.377131005921761187e-02
-4.735146289467806469e-03
7.528219303456040734e-03
3.655577477921667651e-03
-9.253228211589359375e-03
-2.170642928245314351e-04
7.528219303456040734e-03
-5.380586568618284105e-03
2.364696881587136090e-03
1.140086118379635138e-02
4.283759984957669076e-04
-2.153385157654952309e-03
6.882778995393579180e-03
1.140086118379635138e-02
-8.625045826224919665e-04
-1.377131005921761187e-02
-1.248042953892358753e-02
-6.671467122359331370e-03
-3.444265726603390476e-03
-2.153385157654952309e-03
1.719256585701600670e-03
3.655577477921667651e-03
-7.316907396946348285e-03
-2.153385157654952309e-03
7.528219303456040734e-03
-2.170642928245314351e-04
-6.026026846248200286e-03
4.301017778372440148e-03
2.364696881587136090e-03
-6.671467122359331370e-03
-1.118954901255087009e-02
-6.026026846248200286e-03
1.269174182275811802e-02
-3.444265726603390476e-03
1.719256585701600670e-03
1.719256585701600670e-03
-6.026026846248200286e-03
-6.671467122359331370e-03
-8.625045826224919665e-04
1.204630150251695397e-02
1.204630150251695397e-02
3.010137178993232965e-03
4.946458080343774100e-03
8.819099924144424563e-03
-4.735146289467806469e-03
-1.118954901255087009e-02
3.010137178993232965e-03
6.237338688855231794e-03
-8.625045826224919665e-04
-2.170642928245314351e-04
1.140086118379635138e-02
4.301017778372440148e-03
-1.570763082825976653e-02
-1.312586979983088042e-02
1.719256585701600670e-03
1.075542086659808660e-02
4.946458080343774100e-03
-8.607787941562250467e-03
2.364696881587136090e-03
-4.089706008796767378e-03
-1.377131005921761187e-02
-4.089706008796767378e-03
4.301017778372440148e-03
2.364696881587136090e-03
4.283759984957669076e-04
4.283759984957669076e-04
4.946458080343774100e-03
1.073816291338403062e-03
3.010137178993232965e-03
1.333718214452517259e-02
1.269174182275811802e-02
6.882778995393579180e-03
3.010137178993232965e-03
2.364696881587136090e-03
-4.089706008796767378e-03
-1.248042953892358753e-02
3.010137178993232965e-03
8.819099924144424563e-03
-6.671467122359331370e-03
-9.253228211589359375e-03
5.591898383837445863e-03
1.204630150251695397e-02
-2.170642928245314351e-04
-7.962347670014580103e-03
-8.625045826224919665e-04
-3.444265726603390476e-03
-3.444265726603390476e-03
8.819099924144424563e-03
1.398262246781278861e-02
1.073816291338403062e-03
-7.962347670014580103e-03
-2.798825442889452120e-03
6.882778995393579180e-03
1.073816291338403062e-03
-3.444265726603390476e-03
8.173659613039063743e-03
1.333718214452517259e-02
-1.118954901255087009e-02
2.364696881587136090e-03
1.075542086659808660e-02
3.010137178993232965e-03
4.283759984957669076e-04
4.946458080343774100e-03
6.237338688855231794e-03
-6.671467122359331370e-03
-1.118954901255087009e-02
5.591898383837445863e-03
1.010998055092571235e-02
-2.798825442889452120e-03
1.073816291338403062e-03
3.010137178993232965e-03
-1.507944870899891043e-03
-5.380586568618284105e-03
3.655577477921667651e-03
1.075542086659808660e-02
1.073816291338403062e-03
-3.444265726603390476e-03
-2.798825442889452120e-03
3.655577477921667651e-03
6.237338688855231794e-03
-1.507944870899891043e-03
-8.625045826224919665e-04
2.364696881587136090e-03
3.010137178993232965e-03
5.591898383837445863e-03
1.719256585701600670e-03
-4.089706008796767378e-03
-8.625045826224919665e-04
4.301017778372440148e-03
8.819099924144424563e-03
-2.170642928245314351e-04
-7.316907396946348285e-03
1.719256585701600670e-03
-8.625045826224919665e-04
-8.607787941562250467e-03
-5.380586568618284105e-03
4.301017778372440148e-03
4.946458080343774100e-03
-7.316907396946348285e-03
2.364696881587136090e-03
8.819099924144424563e-03
4.283759984957669076e-04
-7.316907396946348285e-03
-1.377131005921761187e-02
-4.089706008796767378e-03
1.073816291338403062e-03
-1.507944870899891043e-03
7.528219303456040734e-03
1.398262246781278861e-02
-2.798825442889452120e-03
-7.962347670014580103e-03
6.882778995393579180e-03
4.301017778372440148e-03
-1.893483207960855452e-02
-1.312586979983088042e-02
6.237338688855231794e-03
4.946458080343774100e-03
-1.441675031708378185e-02
-8.607787941562250467e-03
1.591894344682032170e-02
1.269174182275811802e-02
-1.183498927649750954e-02
-6.671467122359331370e-03
1.140086118379635138e-02
-2.170642928245314351e-04
-9.898668480097683187e-03
4.283759984957669076e-04
8.173659613039063743e-03
1.073816291338403062e-03
-1.507944870899891043e-03
7.528219303456040734e-03
-2.170642928245314351e-04
-5.380586568618284105e-03
6.237338688855231794e-03
1.075542086659808660e-02
7.528219303456040734e-03
-7.316907396946348285e-03
-7.962347670014580103e-03
1.398262246781278861e-02
1.462806279262629516e-02
4.283759984957669076e-04
4.301017778372440148e-03
7.528219303456040734e-03
-5.380586568618284105e-03
-1.054410874708366919e-02
2.364696881587136090e-03
1.010998055092571235e-02
-2.170642928245314351e-04
-2.170642928245314351e-04
1.204630150251695397e-02
6.882778995393579180e-03
3.655577477921667651e-03
6.882778995393579180e-03
5.591898383837445863e-03
3.010137178993232965e-03
6.237338688855231794e-03
1.204630150251695397e-02
3.010137178993232965e-03
-3.444265726603390476e-03
4.283759984957669076e-04
1.719256585701600670e-03
3.655577477921667651e-03
4.946458080343774100e-03
1.140086118379635138e-02
1.720982410710902855e-02
4.283759984957669076e-04
-9.253228211589359375e-03
8.173659613039063743e-03
1.140086118379635138e-02
-7.316907396946348285e-03
-7.962347670014580103e-03
1.204630150251695397e-02
5.591898383837445863e-03
-9.253228211589359375e-03
1.073816291338403062e-03
6.237338688855231794e-03
4.283759984957669076e-04
-4.735146289467806469e-03
1.719256585701600670e-03
1.720982410710902855e-02
1.591894344682032170e-02
-9.898668480097683187e-03
-8.625045826224919665e-04
1.073816291338403062e-03
-7.962347670014580103e-03
-4.089706008796767378e-03
2.364696881587136090e-03
1.269174182275811802e-02
5.591898383837445863e-03
-1.507944870899891043e-03
1.010998055092571235e-02
9.464540236773899551e-03
-2.153385157654952309e-03
4.283759984957669076e-04
1.398262246781278861e-02
1.204630150251695397e-02
-8.625045826224919665e-04
7.528219303456040734e-03
1.333718214452517259e-02
-2.798825442889452120e-03
-1.054410874708366919e-02
8.173659613039063743e-03
7.528219303456040734e-03
-6.026026846248200286e-03
-4.089706008796767378e-03
1.010998055092571235e-02
-3.444265726603390476e-03
-1.054410874708366919e-02
-2.170642928245314351e-04
1.719256585701600670e-03
-2.153385157654952309e-03
-4.089706008796767378e-03
8.173659613039063743e-03
1.591894344682032170e-02
-2.170642928245314351e-04
-1.635307108156958122e-02
-4.735146289467806469e-03
-4.735146289467806469e-03
-2.538923446838481368e-02
-4.797964163399015547e-02
-4.991596216175508971e-02
-4.862508181142644048e-02
-5.959756459607312706e-02
-5.959756459607312706e-02
-5.701580398024042040e-02
-7.186092719056524913e-02
-8.154252885314505761e-02
-7.637900800876629148e-02
-7.379724755029570815e-02
-8.412428923906389855e-02
-8.283340904912606106e-02
-7.702444811960518223e-02
-9.251501032636610944e-02
-1.015511712119518961e-01
-9.186957025178799086e-02
-7.444268766718131758e-02
-7.637900800876629148e-02
-9.186957025178799086e-02
-9.703309080613742310e-02
-8.154252885314505761e-02
-8.670604960080652290e-02
-9.832397092962885665e-02
-8.347884914484993146e-02
-6.863372656076194289e-02
-8.412428923906389855e-02
-9.961485104708422966e-02
-9.186957025178799086e-02
-7.896076844304822373e-02
-1.144599719641661295e-01
-1.138145319408785383e-01
-8.606060951263572179e-02
-1.021966112638903468e-01
-1.099418917694965359e-01
-1.002602911035488376e-01
-9.509677060957777428e-02
-1.041329314106516080e-01
-1.099418917694965359e-01
-1.028420513143188941e-01
-1.060692515438415029e-01
-1.222052521260934554e-01
-1.189780520849890166e-01
-1.034874913632393145e-01
-1.086510117003101072e-01
-1.273687721135452477e-01
-1.286596520953509071e-01
-1.267233321203846685e-01
-1.189780520849890166e-01
-1.254324521295444583e-01
-1.196234920962222503e-01
-9.703309080613742310e-02
-1.009057311585035421e-01
-1.170417320422494356e-01
-1.099418917694965359e-01
-9.961485104708422966e-02
-1.138145319408785383e-01
-1.293050920839977636e-01
-1.202689321059491334e-01
-1.131690919160828201e-01
-1.234961321319900662e-01
-1.189780520849890166e-01
-1.060692515438415029e-01
-1.118782118619705557e-01
-1.299505320711382694e-01
-1.247870121318648273e-01
-1.060692515438415029e-01
-1.170417320422494356e-01
-1.273687721135452477e-01
-1.086510117003101072e-01
-9.057869009810382011e-02
-1.034874913632393145e-01
-1.189780520849890166e-01
-1.073601316250911708e-01
-9.767853086863809153e-02
-1.112327718326540094e-01
-1.067146915852195121e-01
-1.009057311585035421e-01
-9.896941098910971846e-02
-1.112327718326540094e-01
-1.176871720580034975e-01
-1.015511712119518961e-01
-9.703309080613742310e-02
-1.086510117003101072e-01
-1.047783714565557744e-01
-1.002602911035488376e-01
-1.118782118619705557e-01
-1.099418917694965359e-01
-1.086510117003101072e-01
-1.086510117003101072e-01
-1.125236518897825277e-01
-1.144599719641661295e-01
-1.138145319408785383e-01
-1.021966112638903468e-01
-1.157508520062222601e-01
-1.138145319408785383e-01
-1.054238115009518140e-01
-1.144599719641661295e-01
-1.344686119389795209e-01
-1.286596520953509071e-01
-1.138145319408785383e-01
-1.138145319408785383e-01
-1.228506921297949361e-01
-1.209143721141696659e-01
-1.125236518897825277e-01
-1.189780520849890166e-01
-1.144599719641661295e-01
-1.112327718326540094e-01
-1.105873318018293361e-01
-1.196234920962222503e-01
-1.318868520235270125e-01
-1.247870121318648273e-01
-1.144599719641661295e-01
-1.086510117003101072e-01
-1.189780520849890166e-01
-1.183326120722476560e-01
-1.144599719641661295e-01
-1.234961321319900662e-01
-1.260778921257159624e-01
-1.183326120722476560e-01
-1.202689321059491334e-01
-1.247870121318648273e-01
-1.260778921257159624e-01
-1.209143721141696659e-01
-1.209143721141696659e-01
-1.228506921297949361e-01
-1.144599719641661295e-01
-1.131690919160828201e-01
-1.241415721326806221e-01
-1.202689321059491334e-01
-1.099418917694965359e-01
-1.131690919160828201e-01
-1.170417320422494356e-01
-1.222052521260934554e-01
-1.222052521260934554e-01
-1.138145319408785383e-01
-1.176871720580034975e-01
-1.138145319408785383e-01
-1.054238115009518140e-01
-1.105873318018293361e-01
-1.299505320711382694e-01
-1.260778921257159624e-01
-1.209143721141696659e-01
-1.209143721141696659e-01
-1.247870121318648273e-01
-1.157508520062222601e-01
-1.099418917694965359e-01
-1.241415721326806221e-01
-1.060692515438415029e-01
-1.047783714565557744e-01
-1.241415721326806221e-01
-1.267233321203846685e-01
-1.202689321059491334e-01
-1.112327718326540094e-01
-1.163962920249890232e-01
-1.312414120409020057e-01
-1.254324521295444583e-01
-1.170417320422494356e-01
-1.176871720580034975e-01
-1.170417320422494356e-01
-1.054238115009518140e-01
-1.060692515438415029e-01
-1.357594918876774415e-01
-1.247870121318648273e-01
-1.067146915852195121e-01
-1.118782118619705557e-01
-1.338231719623728111e-01
-1.305959720567724247e-01
-1.118782118619705557e-01
-1.170417320422494356e-01
-1.312414120409020057e-01
-1.196234920962222503e-01
-1.028420513143188941e-01
-1.118782118619705557e-01
-1.267233321203846685e-01
-1.054238115009518140e-01
-1.047783714565557744e-01
-1.260778921257159624e-01
-1.189780520849890166e-01
-9.896941098910971846e-02
-1.099418917694965359e-01
-1.299505320711382694e-01
-1.222052521260934554e-01
-1.086510117003101072e-01
-1.112327718326540094e-01
-1.234961321319900662e-01
-1.234961321319900662e-01
-1.189780520849890166e-01
-1.305959720567724247e-01
-1.325322920046492214e-01
-1.222052521260934554e-01
-1.189780520849890166e-01
-1.351140519140816565e-01
-1.383412517670219444e-01
-1.260778921257159624e-01
-1.318868520235270125e-01
-1.486682910437924221e-01
-1.473774111552437205e-01
-1.305959720567724247e-01
-1.293050920839977636e-01
-1.364049318597704286e-01
-1.305959720567724247e-01
-1.215598121208856242e-01
-1.402775716607358447e-01
-1.531863706063862907e-01
-1.312414120409020057e-01
-1.312414120409020057e-01
-1.454410913111434667e-01
-1.383412517670219444e-01
-1.293050920839977636e-01
-1.241415721326806221e-01
-1.357594918876774415e-01
-1.293050920839977636e-01
-1.099418917694965359e-01
-1.144599719641661295e-01
-1.305959720567724247e-01
-1.325322920046492214e-01
-1.196234920962222503e-01
-1.318868520235270125e-01
-1.305959720567724247e-01
-1.228506921297949361e-01
-1.260778921257159624e-01
-1.383412517670219444e-01
-1.435047714535180319e-01
-1.325322920046492214e-01
-1.370503718303588414e-01
-1.531863706063862907e-01
-1.447956513601056372e-01
-1.325322920046492214e-01
-1.318868520235270125e-01
-1.422138915409156823e-01
-1.441502114075632335e-01
-1.331777319842633034e-01
-1.447956513601056372e-01
-1.506046108653489313e-01
-1.409230116223003648e-01
-1.389866917330966345e-01
-1.357594918876774415e-01
-1.389866917330966345e-01
-1.370503718303588414e-01
-1.325322920046492214e-01
-1.506046108653489313e-01
-1.512500508028615798e-01
-1.312414120409020057e-01
-1.228506921297949361e-01
-1.312414120409020057e-01
-1.338231719623728111e-01
-1.228506921297949361e-01
-1.260778921257159624e-01
-1.376958117994426800e-01
-1.435047714535180319e-01
-1.499591709263334849e-01
-1.706132482299711484e-01
-2.015943613061814688e-01
-2.280573926620412806e-01
-2.383844286076826080e-01
-2.577476199768646836e-01
-2.687200944910319578e-01
-2.725927324521837392e-01
-2.822743271208594251e-01
-2.829197667535456873e-01
-2.732381721071686087e-01
-2.396753080740321451e-01
-2.132122778205651770e-01
-2.190212358961236561e-01
-2.067578798168376863e-01
-1.886855646105303208e-01
-1.815857261725941640e-01
-1.835220457645565517e-01
-1.822311660380790954e-01
-1.744858875533186193e-01
-1.815857261725941640e-01
-1.854583653430310619e-01
-1.731950077848694036e-01
-1.589953299358501937e-01
-1.673860487525971052e-01
-1.854583653430310619e-01
-1.641588492377117348e-01
-1.525409306733802595e-01
-1.783585268226826059e-01
-1.751313274352934712e-01
-1.602862097703230404e-01
-1.602862097703230404e-01
-1.615770895987918010e-01
-1.615770895987918010e-01
-1.570590101728797094e-01
-1.648042891436904966e-01
-1.673860487525971052e-01
-1.577044500953697082e-01
-1.609316496853079315e-01
-1.660951689511449558e-01
-1.609316496853079315e-01
-1.615770895987918010e-01
-1.609316496853079315e-01
-1.628679694212529228e-01
-1.777130869482022035e-01
-1.680314886510725358e-01
-1.609316496853079315e-01
-1.667406088526224295e-01
-1.648042891436904966e-01
-1.531863706063862907e-01
-1.486682910437924221e-01
-1.602862097703230404e-01
-1.693223684435221088e-01
-1.596407698538371278e-01
-1.551226903963911496e-01
-1.609316496853079315e-01
-1.570590101728797094e-01
-1.467319712087142847e-01
-1.577044500953697082e-01
-1.680314886510725358e-01
-1.499591709263334849e-01
-1.415684515823603107e-01
-1.615770895987918010e-01
-1.841674856255455239e-01
-1.757767673157690780e-01
-1.667406088526224295e-01
-1.725495678983932635e-01
-1.609316496853079315e-01
-1.460865312606802746e-01
-1.583498900163604617e-01
-1.757767673157690780e-01
-1.583498900163604617e-01
-1.357594918876774415e-01
-1.441502114075632335e-01
-1.660951689511449558e-01
-1.577044500953697082e-01
-1.441502114075632335e-01
-1.538318105378895240e-01
-1.531863706063862907e-01
-1.396321316976685267e-01
-1.273687721135452477e-01
-1.357594918876774415e-01
-1.480228511002703584e-01
-1.441502114075632335e-01
-1.447956513601056372e-01
-1.357594918876774415e-01
-1.480228511002703584e-01
-1.493137309858152406e-01
-1.493137309858152406e-01
-1.622225295107728726e-01
-1.551226903963911496e-01
-1.609316496853079315e-01
-1.751313274352934712e-01
-1.757767673157690780e-01
-1.628679694212529228e-01
-1.589953299358501937e-01
-1.802948464371247894e-01
-1.880401247600254067e-01
-1.783585268226826059e-01
-1.738404476698445222e-01
-1.809402863056082111e-01
-1.873946849080248001e-01
-1.822311660380790954e-01
-1.706132482299711484e-01
-1.719041280104196545e-01
-1.738404476698445222e-01
-1.628679694212529228e-01
-1.615770895987918010e-01
-1.835220457645565517e-01
-1.854583653430310619e-01
-1.751313274352934712e-01
-2.132122778205651770e-01
-2.551658612051213026e-01
-2.396753080740321451e-01
-2.145031574033726685e-01
-2.112759584351451281e-01
-2.067578798168376863e-01
-1.841674856255455239e-01
-1.719041280104196545e-01
-1.841674856255455239e-01
-1.841674856255455239e-01
-1.712586881209450240e-01
-1.693223684435221088e-01
-1.764222071947472159e-01
-1.751313274352934712e-01
-1.628679694212529228e-01
-1.602862097703230404e-01
-1.822311660380790954e-01
-1.802948464371247894e-01
-1.673860487525971052e-01
-1.744858875533186193e-01
-1.802948464371247894e-01
-1.706132482299711484e-01
-1.648042891436904966e-01
-1.731950077848694036e-01
-1.822311660380790954e-01
-1.809402863056082111e-01
-1.699678083374962512e-01
-1.744858875533186193e-01
-1.809402863056082111e-01
-1.648042891436904966e-01
-1.622225295107728726e-01
-1.738404476698445222e-01
-1.790039666956619868e-01
-1.725495678983932635e-01
-1.738404476698445222e-01
-1.873946849080248001e-01
-1.880401247600254067e-01
-1.925582036821023024e-01
-1.880401247600254067e-01
-1.899764443070441899e-01
-1.815857261725941640e-01
-1.628679694212529228e-01
-1.622225295107728726e-01
-1.783585268226826059e-01
-1.757767673157690780e-01
-1.654497290481700134e-01
-1.751313274352934712e-01
-1.796494065671421225e-01
-1.602862097703230404e-01
-1.486682910437924221e-01
-1.512500508028615798e-01
-1.396321316976685267e-01
-1.170417320422494356e-01
-1.144599719641661295e-01
-1.247870121318648273e-01
-1.183326120722476560e-01
-1.015511712119518961e-01
-9.380589047099086031e-02
-9.767853086863809153e-02
-9.638765074212507500e-02
-7.960620854784039579e-02
-7.250636731198767393e-02
-8.283340904912606106e-02
-8.928780993838003610e-02
-7.831532833674614835e-02
-7.057004694318180782e-02
-8.670604960080652290e-02
-8.476972933176440961e-02
-6.347020547440607174e-02
-6.540652589313822318e-02
-6.798828643026411100e-02
-5.572492366323977819e-02
-4.797964163399015547e-02
-6.347020547440607174e-02
-7.573356789641749742e-02
-6.476108575507488752e-02
-5.185228267588470885e-02
-6.734284629825282309e-02
-6.992460681722079130e-02
-5.572492366323977819e-02
-5.895212444438868715e-02
-6.153388504205103970e-02
-5.056140233464567757e-02
-3.894347899071348706e-02
-4.539788090908558615e-02
-6.088844489490696787e-02
-5.830668429118723850e-02
-4.604332109258635342e-02
-5.185228267588470885e-02
-5.507948350246749669e-02
-4.991596216175508971e-02
-4.346156034949366642e-02
-5.895212444438868715e-02
-6.088844489490696787e-02
-4.152523977625577345e-02
-3.571627797465914966e-02
-5.314316301106103424e-02
-5.249772284423137592e-02
-4.346156034949366642e-02
-3.894347899071348706e-02
-4.023435938651687138e-02
-4.410700053754013084e-02
-4.217067996885148773e-02
-4.346156034949366642e-02
-4.539788090908558615e-02
-3.507083776689690069e-02
-3.184363670533407742e-02
-4.152523977625577345e-02
-4.281612015993019327e-02
-3.571627797465914966e-02
-3.636171818090438990e-02
-4.668876127457011194e-02
-4.668876127457011194e-02
-3.700715838563084503e-02
-3.377995734682315288e-02
-4.217067996885148773e-02
-4.733420145503686172e-02
-4.475244072407136287e-02
-3.894347899071348706e-02
-3.765259858884206778e-02
-3.829803879053628179e-02
-3.313451713451165404e-02
-3.248907692068137010e-02
-3.829803879053628179e-02
-3.507083776689690069e-02
-3.571627797465914966e-02
-3.636171818090438990e-02
-4.087979958214482679e-02
-3.894347899071348706e-02
-3.055275627008491313e-02
-3.377995734682315288e-02
-4.475244072407136287e-02
-3.894347899071348706e-02
-3.765259858884206778e-02
-4.152523977625577345e-02
-3.829803879053628179e-02
-3.248907692068137010e-02
-3.248907692068137010e-02
-4.604332109258635342e-02
-4.152523977625577345e-02
-2.474379423633976671e-02
-3.571627797465914966e-02
-4.733420145503686172e-02
-3.184363670533407742e-02
-2.797099538137892694e-02
-3.377995734682315288e-02
-3.765259858884206778e-02
-2.926187582876771387e-02
-2.538923446838481368e-02
-3.442539755761941933e-02
-3.636171818090438990e-02
-3.248907692068137010e-02
-2.345291376769687020e-02
-2.797099538137892694e-02
-3.700715838563084503e-02
-2.345291376769687020e-02
-2.345291376769687020e-02
-3.571627797465914966e-02
-3.313451713451165404e-02
-1.893483207960855452e-02
-2.668011492791855233e-02
-4.152523977625577345e-02
-4.152523977625577345e-02
-3.119819648846799964e-02
-1.183498927649750954e-02
-2.603467469890929920e-02
-2.861643560583182477e-02
-1.377131005921761187e-02
-2.668011492791855233e-02
-3.894347899071348706e-02
-2.861643560583182477e-02
-2.151659305334341354e-02
-3.055275627008491313e-02
-3.248907692068137010e-02
-2.345291376769687020e-02
-2.216203329298060964e-02
-3.571627797465914966e-02
-3.829803879053628179e-02
-2.409835400277771100e-02
-1.635307108156958122e-02
-3.248907692068137010e-02
-3.765259858884206778e-02
-2.538923446838481368e-02
-2.732555515540902036e-02
-3.313451713451165404e-02
-2.668011492791855233e-02
-2.022571256951444241e-02
-2.345291376769687020e-02
-2.926187582876771387e-02
-2.151659305334341354e-02
-1.764395158362752625e-02
-3.119819648846799964e-02
-4.152523977625577345e-02
-2.538923446838481368e-02
-1.054410874708366919e-02
-2.474379423633976671e-02
-3.377995734682315288e-02
-2.280747353109902065e-02
-2.022571256951444241e-02
-3.377995734682315288e-02
-3.636171818090438990e-02
-1.635307108156958122e-02
-1.312586979983088042e-02
-2.216203329298060964e-02
-2.345291376769687020e-02
-2.087115281218743235e-02
-2.345291376769687020e-02
-3.119819648846799964e-02
-2.280747353109902065e-02
-1.377131005921761187e-02
-2.474379423633976671e-02
-2.990731605018659423e-02
-2.087115281218743235e-02
-1.441675031708378185e-02
-2.861643560583182477e-02
-3.442539755761941933e-02
-2.151659305334341354e-02
-1.248042953892358753e-02
-2.216203329298060964e-02
-1.828939183237743293e-02
-9.253228211589359375e-03
-2.022571256951444241e-02
-3.313451713451165404e-02
-2.668011492791855233e-02
-2.087115281218743235e-02
-1.764395158362752625e-02
-1.764395158362752625e-02
-2.474379423633976671e-02
-1.958027232532089101e-02
-2.474379423633976671e-02
-3.313451713451165404e-02
-1.635307108156958122e-02
-9.253228211589359375e-03
-2.280747353109902065e-02
-3.377995734682315288e-02
-2.345291376769687020e-02
-1.570763082825976653e-02
-2.538923446838481368e-02
-2.732555515540902036e-02
-1.118954901255087009e-02
-6.026026846248200286e-03
-2.474379423633976671e-02
-3.055275627008491313e-02
-1.054410874708366919e-02
-1.635307108156958122e-02
-2.990731605018659423e-02
-2.216203329298060964e-02
-1.570763082825976653e-02
-1.699851133335705811e-02
-3.119819648846799964e-02
-3.313451713451165404e-02
-1.054410874708366919e-02
-1.570763082825976653e-02
-2.409835400277771100e-02
-1.118954901255087009e-02
-8.607787941562250467e-03
-2.474379423633976671e-02
-2.538923446838481368e-02
-1.118954901255087009e-02
-4.089706008796767378e-03
-1.506219057343294310e-02
-2.603467469890929920e-02
-2.087115281218743235e-02
-1.699851133335705811e-02
-2.603467469890929920e-02
-2.797099538137892694e-02
-2.216203329298060964e-02
-2.409835400277771100e-02
-2.732555515540902036e-02
-2.022571256951444241e-02
-1.054410874708366919e-02
-1.893483207960855452e-02
-2.538923446838481368e-02
-1.699851133335705811e-02
-1.441675031708378185e-02
-1.635307108156958122e-02
-2.668011492791855233e-02
-2.280747353109902065e-02
-1.377131005921761187e-02
-2.087115281218743235e-02
-2.345291376769687020e-02
-6.026026846248200286e-03
-9.253228211589359375e-03
-2.538923446838481368e-02
-2.280747353109902065e-02
-6.671467122359331370e-03
-2.798825442889452120e-03
-1.764395158362752625e-02
-2.668011492791855233e-02
4.283759984957669076e-04
-5.380586568618284105e-03
-3.765259858884206778e-02
-1.312586979983088042e-02
5.591898383837445863e-03
-1.828939183237743293e-02
-3.829803879053628179e-02
-2.087115281218743235e-02
2.364696881587136090e-03
-1.635307108156958122e-02
-3.119819648846799964e-02
-1.441675031708378185e-02
-1.054410874708366919e-02
-1.958027232532089101e-02
-2.151659305334341354e-02
-1.312586979983088042e-02
-1.441675031708378185e-02
-3.055275627008491313e-02
-2.861643560583182477e-02
-1.441675031708378185e-02
-1.312586979983088042e-02
-1.828939183237743293e-02
-1.570763082825976653e-02
-4.735146289467806469e-03
-7.962347670014580103e-03
-1.312586979983088042e-02
-7.316907396946348285e-03
-6.671467122359331370e-03
-2.087115281218743235e-02
-2.668011492791855233e-02
-1.699851133335705811e-02
-1.248042953892358753e-02
-2.280747353109902065e-02
-2.345291376769687020e-02
-1.377131005921761187e-02
-7.316907396946348285e-03
-1.893483207960855452e-02
-2.345291376769687020e-02
-6.671467122359331370e-03
-7.962347670014580103e-03
-2.409835400277771100e-02
-2.345291376769687020e-02
-2.798825442889452120e-03
1.719256585701600670e-03
-2.409835400277771100e-02
-1.764395158362752625e-02
-1.507944870899891043e-03
-1.377131005921761187e-02
-2.409835400277771100e-02
-1.506219057343294310e-02
1.719256585701600670e-03
-1.312586979983088042e-02
-2.926187582876771387e-02
-1.635307108156958122e-02
-5.380586568618284105e-03
-1.312586979983088042e-02
-1.441675031708378185e-02
-6.671467122359331370e-03
-1.118954901255087009e-02
-2.409835400277771100e-02
-1.764395158362752625e-02
1.073816291338403062e-03
-7.962347670014580103e-03
-2.538923446838481368e-02
-2.732555515540902036e-02
-9.253228211589359375e-03
-1.828939183237743293e-02
-2.668011492791855233e-02
-7.316907396946348285e-03
3.655577477921667651e-03
-9.898668480097683187e-03
-2.216203329298060964e-02
-1.377131005921761187e-02
-8.625045826224919665e-04
-1.183498927649750954e-02
-2.087115281218743235e-02
-3.444265726603390476e-03
-6.671467122359331370e-03
-2.345291376769687020e-02
-1.764395158362752625e-02
-4.735146289467806469e-03
-6.671467122359331370e-03
-2.022571256951444241e-02
