1.339831737885432972e-03
-3.178251347813798589e-03
6.943912924839423795e-04
4.567033987846969012e-03
-3.178251347813798589e-03
6.943912924839423795e-04
1.231231954384526261e-02
5.212474442430448107e-03
-3.178251347813798589e-03
1.339831737885432972e-03
1.295776001679449507e-02
9.730557667355199669e-03
-6.405453506010516662e-03
-2.532810911587191072e-03
1.231231954384526261e-02
4.567033987846969012e-03
-3.823691782510962867e-03
2.630712633280296586e-03
5.857914898541594084e-03
-7.696334358586298663e-03
-1.350529811952583259e-02
1.985272184818143160e-03
3.921593534796485869e-03
-9.632655625987140979e-03
-5.760013077429348982e-03
9.730557667355199669e-03
1.166687907242724975e-02
4.895084861011866906e-05
2.630712633280296586e-03
1.166687907242724975e-02
9.730557667355199669e-03
-5.114572647318738063e-03
1.985272184818143160e-03
1.360320049127672348e-02
7.148795815359321182e-03
-3.823691782510962867e-03
4.895084861011866906e-05
1.489408144483306273e-02
9.085117202060288832e-03
-9.632655625987140979e-03
-3.178251347813798589e-03
3.921593534796485869e-03
3.921593534796485869e-03
-3.823691782510962867e-03
4.567033987846969012e-03
1.424864096728839513e-02
-3.823691782510962867e-03
-1.285985770775788239e-02
1.985272184818143160e-03
8.439676738294821234e-03
-8.987215205049636779e-03
-7.696334358586298663e-03
1.683040288665260675e-02
1.553952192390717357e-02
-5.760013077429348982e-03
-8.987215205049636779e-03
9.730557667355199669e-03
1.231231954384526261e-02
-7.050893933062241103e-03
-8.987215205049636779e-03
7.794236276060573232e-03
5.857914898541594084e-03
-9.632655625987140979e-03
-2.532810911587191072e-03
1.489408144483306273e-02
6.503355356183959657e-03
-1.027809604539875465e-02
1.985272184818143160e-03
9.730557667355199669e-03
1.339831737885432972e-03
-3.178251347813798589e-03
5.857914898541594084e-03
1.231231954384526261e-02
-3.178251347813798589e-03
-1.092353646328092509e-02
6.943912924839423795e-04
5.212474442430448107e-03
-5.760013077429348982e-03
-5.114572647318738063e-03
5.212474442430448107e-03
7.794236276060573232e-03
-8.341774782580912984e-03
-2.532810911587191072e-03
1.876672434225667985e-02
1.553952192390717357e-02
-5.114572647318738063e-03
-5.114572647318738063e-03
3.276153083271893252e-03
-1.241930034547422679e-03
-7.696334358586298663e-03
7.148795815359321182e-03
1.618496240451428037e-02
4.567033987846969012e-03
-7.696334358586298663e-03
2.630712633280296586e-03
1.683040288665260675e-02
2.630712633280296586e-03
-3.178251347813798589e-03
1.102143860253868013e-02
9.085117202060288832e-03
-4.469132215678683906e-03
-6.405453506010516662e-03
6.503355356183959657e-03
9.085117202060288832e-03
-1.479617893848228505e-02
-6.405453506010516662e-03
1.295776001679449507e-02
-3.178251347813798589e-03
-1.092353646328092509e-02
-5.964895937342618026e-04
8.439676738294821234e-03
7.794236276060573232e-03
-1.737794055806318738e-02
-8.341774782580912984e-03
1.295776001679449507e-02
-5.114572647318738063e-03
-1.027809604539875465e-02
3.921593534796485869e-03
7.794236276060573232e-03
-2.532810911587191072e-03
-1.156897687963365229e-02
4.567033987846969012e-03
1.553952192390717357e-02
8.439676738294821234e-03
9.085117202060288832e-03
5.857914898541594084e-03
-4.469132215678683906e-03
-1.350529811952583259e-02
-1.027809604539875465e-02
5.857914898541594084e-03
4.895084861011866906e-05
-1.156897687963365229e-02
-1.241930034547422679e-03
9.730557667355199669e-03
-4.469132215678683906e-03
-1.802338095914102212e-02
6.943912924839423795e-04
1.553952192390717357e-02
6.503355356183959657e-03
-3.178251347813798589e-03
6.943912924839423795e-04
1.424864096728839513e-02
4.567033987846969012e-03
-1.285985770775788239e-02
-2.532810911587191072e-03
-5.964895937342618026e-04
-1.544161934566901095e-02
-1.350529811952583259e-02
5.212474442430448107e-03
1.102143860253868013e-02
6.943912924839423795e-04
-7.696334358586298663e-03
4.567033987846969012e-03
1.360320049127672348e-02
-1.887370473832916673e-03
-3.823691782510962867e-03
5.857914898541594084e-03
2.630712633280296586e-03
-9.632655625987140979e-03
4.895084861011866906e-05
1.876672434225667985e-02
1.424864096728839513e-02
-4.469132215678683906e-03
-8.341774782580912984e-03
-1.887370473832916673e-03
-4.469132215678683906e-03
-1.479617893848228505e-02
-1.479617893848228505e-02
7.794236276060573232e-03
1.985272184818143160e-03
-8.987215205049636779e-03
1.339831737885432972e-03
1.683040288665260675e-02
9.730557667355199669e-03
-3.823691782510962867e-03
9.085117202060288832e-03
5.857914898541594084e-03
-7.050893933062241103e-03
-6.405453506010516662e-03
1.985272184818143160e-03
5.212474442430448107e-03
-5.760013077429348982e-03
-5.760013077429348982e-03
9.730557667355199669e-03
8.439676738294821234e-03
5.212474442430448107e-03
5.857914898541594084e-03
1.102143860253868013e-02
1.553952192390717357e-02
6.943912924839423795e-04
5.212474442430448107e-03
1.489408144483306273e-02
-5.114572647318738063e-03
-9.632655625987140979e-03
7.794236276060573232e-03
5.857914898541594084e-03
-6.405453506010516662e-03
-8.341774782580912984e-03
7.148795815359321182e-03
1.683040288665260675e-02
1.339831737885432972e-03
-1.156897687963365229e-02
-1.887370473832916673e-03
3.276153083271893252e-03
-1.092353646328092509e-02
-1.092353646328092509e-02
9.730557667355199669e-03
1.166687907242724975e-02
-8.987215205049636779e-03
-1.802338095914102212e-02
-6.405453506010516662e-03
-1.241930034547422679e-03
-8.341774782580912984e-03
-6.405453506010516662e-03
7.794236276060573232e-03
1.985272184818143160e-03
-8.341774782580912984e-03
7.794236276060573232e-03
7.148795815359321182e-03
-5.760013077429348982e-03
-3.823691782510962867e-03
5.212474442430448107e-03
9.730557667355199669e-03
-5.114572647318738063e-03
-8.987215205049636779e-03
8.439676738294821234e-03
-1.241930034547422679e-03
-1.479617893848228505e-02
-1.544161934566901095e-02
6.943912924839423795e-04
1.876672434225667985e-02
-5.760013077429348982e-03
-1.995970215320674868e-02
4.895084861011866906e-05
1.102143860253868013e-02
-4.469132215678683906e-03
-1.931426175671191459e-02
4.895084861011866906e-05
2.630712633280296586e-03
-1.027809604539875465e-02
-8.987215205049636779e-03
1.102143860253868013e-02
8.439676738294821234e-03
-1.931426175671191459e-02
-1.092353646328092509e-02
1.295776001679449507e-02
3.276153083271893252e-03
-6.405453506010516662e-03
5.212474442430448107e-03
1.295776001679449507e-02
4.567033987846969012e-03
-1.092353646328092509e-02
1.339831737885432972e-03
5.857914898541594084e-03
-8.987215205049636779e-03
-1.285985770775788239e-02
7.148795815359321182e-03
1.231231954384526261e-02
-1.221441729445871260e-02
-1.092353646328092509e-02
7.148795815359321182e-03
4.567033987846969012e-03
-8.987215205049636779e-03
-9.632655625987140979e-03
1.424864096728839513e-02
1.489408144483306273e-02
-1.285985770775788239e-02
-1.285985770775788239e-02
8.439676738294821234e-03
7.148795815359321182e-03
-7.696334358586298663e-03
-5.114572647318738063e-03
1.037599813418133010e-02
4.567033987846969012e-03
-7.696334358586298663e-03
6.943912924839423795e-04
2.630712633280296586e-03
-4.469132215678683906e-03
-1.156897687963365229e-02
-6.405453506010516662e-03
3.921593534796485869e-03
-2.532810911587191072e-03
-1.027809604539875465e-02
-5.760013077429348982e-03
3.276153083271893252e-03
1.339831737885432972e-03
-7.050893933062241103e-03
-1.241930034547422679e-03
3.921593534796485869e-03
-6.405453506010516662e-03
-1.415073852976789226e-02
-1.241930034547422679e-03
3.921593534796485869e-03
-2.447778488591900725e-02
-2.641410603418314906e-02
-1.241930034547422679e-03
-8.341774782580912984e-03
-2.512322527020138807e-02
-3.823691782510962867e-03
8.439676738294821234e-03
-2.318690411277835040e-02
-7.417669001529603179e-02
-1.038669407245720322e-01
-1.083850220727384794e-01
-1.283936671506946681e-01
-1.451751102880862732e-01
-1.374298289670949913e-01
-1.264573467228817805e-01
-1.438842300830387444e-01
-1.658291927471502447e-01
-1.580839120061892089e-01
-1.490477508669627582e-01
-1.677655128984376631e-01
-1.851923936493680145e-01
-1.748653533370276847e-01
-1.729290332355084558e-01
-1.826106336074460046e-01
-1.890650336670631759e-01
-1.742199133046948845e-01
-1.768016734249808763e-01
-2.000375134228757901e-01
-2.032647132682949831e-01
-1.916467936487435963e-01
-2.019738333346410286e-01
-2.181098320730878726e-01
-2.097191128463418153e-01
-2.032647132682949831e-01
-2.116554326904420691e-01
-2.277914308654338527e-01
-2.200461518585861143e-01
-1.942285536063366180e-01
-1.974557535194616520e-01
-2.135917525210135892e-01
-2.071373530331666046e-01
-1.858378336560839728e-01
-1.780925534760768869e-01
-1.871287136649932847e-01
-1.716381531602895194e-01
-1.593747921447761229e-01
-1.722835931986530511e-01
-1.671200728495172427e-01
-1.593747921447761229e-01
-1.703472730790398515e-01
-1.832560736201873652e-01
-1.832560736201873652e-01
-1.535658314735783847e-01
-1.451751102880862732e-01
-1.542112715541943402e-01
-1.535658314735783847e-01
-1.522749513078114347e-01
-1.619565524038364401e-01
-1.613111123413357717e-01
-1.477568706800482801e-01
-1.367843888471860225e-01
-1.393661493177535959e-01
-1.658291927471502447e-01
-1.638928725822825783e-01
-1.451751102880862732e-01
-1.464659904870906360e-01
-1.529203913914507496e-01
-1.413024696548035308e-01
-1.283936671506946681e-01
-1.438842300830387444e-01
-1.477568706800482801e-01
-1.322663079654624596e-01
-1.277482270096044203e-01
-1.374298289670949913e-01
-1.400115894316158460e-01
-1.283936671506946681e-01
-1.206483853576969523e-01
-1.316208678334511717e-01
-1.425933498719444970e-01
-1.335571882249464437e-01
-1.290391072902732361e-01
-1.419479097641289655e-01
-1.438842300830387444e-01
-1.296845474283365718e-01
-1.264573467228817805e-01
-1.445296701863192368e-01
-1.348480684783801564e-01
-1.193575050376658453e-01
-1.342026283524191399e-01
-1.555021517108983176e-01
-1.406570295439646401e-01
-1.187120648753783314e-01
-1.316208678334511717e-01
-1.516295112226639930e-01
-1.529203913914507496e-01
-1.484023107742622472e-01
-1.484023107742622472e-01
-1.451751102880862732e-01
-1.342026283524191399e-01
-1.296845474283365718e-01
-1.380752690854940568e-01
-1.335571882249464437e-01
-1.161303042110830575e-01
-1.232301459795870358e-01
-1.348480684783801564e-01
-1.322663079654624596e-01
-1.232301459795870358e-01
-1.354935086028277169e-01
-1.535658314735783847e-01
-1.438842300830387444e-01
-1.212938255154387690e-01
-1.245210262814460123e-01
-1.477568706800482801e-01
-1.380752690854940568e-01
-1.258119065772493883e-01
-1.354935086028277169e-01
-1.425933498719444970e-01
-1.283936671506946681e-01
-1.212938255154387690e-01
-1.380752690854940568e-01
-1.509840711360048715e-01
-1.354935086028277169e-01
-1.290391072902732361e-01
-1.387207092023796662e-01
-1.406570295439646401e-01
-1.148394238698440262e-01
-1.096759024442839348e-01
-1.290391072902732361e-01
-1.296845474283365718e-01
-1.141939836969534383e-01
-1.232301459795870358e-01
-1.380752690854940568e-01
-1.200029451984381268e-01
-1.051578211173431754e-01
-1.200029451984381268e-01
-1.354935086028277169e-01
-1.238755861312714757e-01
-1.116122229902352103e-01
-1.200029451984381268e-01
-1.309754276999246514e-01
-1.271027868670007166e-01
-1.303299875648882278e-01
-1.367843888471860225e-01
-1.406570295439646401e-01
-1.393661493177535959e-01
-1.258119065772493883e-01
-1.296845474283365718e-01
-1.406570295439646401e-01
-1.348480684783801564e-01
-1.316208678334511717e-01
-1.477568706800482801e-01
-1.535658314735783847e-01
-1.406570295439646401e-01
-1.264573467228817805e-01
-1.316208678334511717e-01
-1.309754276999246514e-01
-1.174211845462593828e-01
-1.251664664301053165e-01
-1.432387899782465723e-01
-1.503386310478340704e-01
-1.348480684783801564e-01
-1.322663079654624596e-01
-1.438842300830387444e-01
-1.342026283524191399e-01
-1.232301459795870358e-01
-1.374298289670949913e-01
-1.490477508669627582e-01
-1.484023107742622472e-01
-1.303299875648882278e-01
-1.303299875648882278e-01
-1.413024696548035308e-01
-1.316208678334511717e-01
-1.309754276999246514e-01
-1.425933498719444970e-01
-1.522749513078114347e-01
-1.290391072902732361e-01
-1.103213426277847020e-01
-1.245210262814460123e-01
-1.348480684783801564e-01
-1.316208678334511717e-01
-1.303299875648882278e-01
-1.374298289670949913e-01
-1.380752690854940568e-01
-1.283936671506946681e-01
-1.316208678334511717e-01
-1.464659904870906360e-01
-1.367843888471860225e-01
-1.219392656716706824e-01
-1.354935086028277169e-01
-1.406570295439646401e-01
-1.212938255154387690e-01
-1.187120648753783314e-01
-1.400115894316158460e-01
-1.413024696548035308e-01
-1.290391072902732361e-01
-1.193575050376658453e-01
-1.271027868670007166e-01
-1.290391072902732361e-01
-1.045123809217152200e-01
-9.741253866971000264e-02
-1.187120648753783314e-01
-1.264573467228817805e-01
-1.180666247115773615e-01
-1.200029451984381268e-01
-1.354935086028277169e-01
-1.406570295439646401e-01
-1.335571882249464437e-01
-1.387207092023796662e-01
-1.535658314735783847e-01
-1.516295112226639930e-01
-1.451751102880862732e-01
-1.658291927471502447e-01
-2.019738333346410286e-01
-2.181098320730878726e-01
-2.245642313055213890e-01
-2.407002287299455645e-01
-2.800720585153992914e-01
-2.839446972100247990e-01
-2.774902993557635256e-01
-2.845901369872319009e-01
-2.891082153858697268e-01
-2.639360633751994811e-01
-2.232733514710485423e-01
-2.239187913890354764e-01
-2.336003899787204574e-01
-2.168189522085786081e-01
-1.987466334741778695e-01
-1.890650336670631759e-01
-1.826106336074460046e-01
-1.735744732708557336e-01
-1.709927131204178608e-01
-1.793834335211457187e-01
-1.774471134512811688e-01
-1.716381531602895194e-01
-1.690563929917541230e-01
-1.787379934993644781e-01
-1.729290332355084558e-01
-1.496931909581533660e-01
-1.574384719346326733e-01
-1.742199133046948845e-01
-1.638928725822825783e-01
-1.542112715541943402e-01
-1.606656722773234236e-01
-1.690563929917541230e-01
-1.490477508669627582e-01
-1.393661493177535959e-01
-1.522749513078114347e-01
-1.606656722773234236e-01
-1.542112715541943402e-01
-1.535658314735783847e-01
-1.567930318615644580e-01
-1.484023107742622472e-01
-1.484023107742622472e-01
-1.419479097641289655e-01
-1.458205503883434062e-01
-1.600202322118047249e-01
-1.503386310478340704e-01
-1.432387899782465723e-01
-1.548567116333021687e-01
-1.580839120061892089e-01
-1.535658314735783847e-01
-1.522749513078114347e-01
-1.638928725822825783e-01
-1.677655128984376631e-01
-1.548567116333021687e-01
-1.703472730790398515e-01
-1.755107933678523580e-01
-1.626019924648272053e-01
-1.600202322118047249e-01
-1.561475917869863395e-01
-1.600202322118047249e-01
-1.587293520762376176e-01
-1.503386310478340704e-01
-1.548567116333021687e-01
-1.574384719346326733e-01
-1.574384719346326733e-01
-1.587293520762376176e-01
-1.613111123413357717e-01
-1.671200728495172427e-01
-1.522749513078114347e-01
-1.477568706800482801e-01
-1.613111123413357717e-01
-1.606656722773234236e-01
-1.477568706800482801e-01
-1.619565524038364401e-01
-1.703472730790398515e-01
-1.664746327990886954e-01
-1.503386310478340704e-01
-1.490477508669627582e-01
-1.555021517108983176e-01
-1.438842300830387444e-01
-1.380752690854940568e-01
-1.438842300830387444e-01
-1.490477508669627582e-01
-1.451751102880862732e-01
-1.329117480959602915e-01
-1.342026283524191399e-01
-1.413024696548035308e-01
-1.413024696548035308e-01
-1.329117480959602915e-01
-1.387207092023796662e-01
-1.451751102880862732e-01
-1.322663079654624596e-01
-1.335571882249464437e-01
-1.477568706800482801e-01
-1.535658314735783847e-01
-1.432387899782465723e-01
-1.354935086028277169e-01
-1.503386310478340704e-01
-1.638928725822825783e-01
-1.793834335211457187e-01
-2.155280723380599284e-01
-2.368275894335916121e-01
-2.329549500832452935e-01
-2.084282329427615821e-01
-1.974557535194616520e-01
-2.077827929887163805e-01
-1.935831136191961122e-01
-1.716381531602895194e-01
-1.768016734249808763e-01
-1.780925534760768869e-01
-1.671200728495172427e-01
-1.613111123413357717e-01
-1.768016734249808763e-01
-1.826106336074460046e-01
-1.664746327990886954e-01
-1.658291927471502447e-01
-1.697018330361501626e-01
-1.638928725822825783e-01
-1.503386310478340704e-01
-1.626019924648272053e-01
-1.787379934993644781e-01
-1.729290332355084558e-01
-1.684109529458499566e-01
-1.703472730790398515e-01
-1.780925534760768869e-01
-1.638928725822825783e-01
-1.516295112226639930e-01
-1.613111123413357717e-01
-1.697018330361501626e-01
-1.619565524038364401e-01
-1.574384719346326733e-01
-1.555021517108983176e-01
-1.522749513078114347e-01
-1.438842300830387444e-01
-1.496931909581533660e-01
-1.677655128984376631e-01
-1.697018330361501626e-01
-1.413024696548035308e-01
-1.419479097641289655e-01
-1.619565524038364401e-01
-1.567930318615644580e-01
-1.580839120061892089e-01
-1.703472730790398515e-01
-1.735744732708557336e-01
-1.548567116333021687e-01
-1.387207092023796662e-01
-1.490477508669627582e-01
-1.580839120061892089e-01
-1.561475917869863395e-01
-1.580839120061892089e-01
-1.580839120061892089e-01
-1.529203913914507496e-01
-1.445296701863192368e-01
-1.445296701863192368e-01
-1.626019924648272053e-01
-1.690563929917541230e-01
-1.561475917869863395e-01
-1.503386310478340704e-01
-1.529203913914507496e-01
-1.606656722773234236e-01
-1.561475917869863395e-01
-1.516295112226639930e-01
-1.567930318615644580e-01
-1.684109529458499566e-01
-1.574384719346326733e-01
-1.548567116333021687e-01
-1.613111123413357717e-01
-1.535658314735783847e-01
-1.316208678334511717e-01
-1.225847058263855871e-01
-1.206483853576969523e-01
-1.045123809217152200e-01
-9.353989736396606247e-02
-9.934885930209524929e-02
-1.032215005259118357e-01
-8.708549506629736925e-02
-8.127653286855540671e-02
-8.837637553797605960e-02
-7.998565236345811513e-02
-6.643140669285330091e-02
-7.869477185228213045e-02
-1.006397397161027385e-01
-9.547621802366634824e-02
-7.030404838144654889e-02
-6.514052611782084057e-02
-7.353124974678770798e-02
-6.707684697808780072e-02
-6.384964553670258169e-02
-6.643140669285330091e-02
-6.772228726180173908e-02
-6.514052611782084057e-02
-4.513187642623073259e-02
-5.223172003268139463e-02
-6.643140669285330091e-02
-5.804068284634311681e-02
-5.094083939067317601e-02
-6.643140669285330091e-02
-7.224036920521292870e-02
-5.416804098427263625e-02
-4.835907808837802691e-02
-6.062244405727668095e-02
-6.707684697808780072e-02
-5.416804098427263625e-02
-4.706819742808932006e-02
-5.158627971244023058e-02
-4.384099575070443677e-02
-3.932291333835280511e-02
-4.835907808837802691e-02
-5.481348129842444905e-02
-4.835907808837802691e-02
-3.674115192632676496e-02
-3.803203263538890155e-02
-4.577731676170770925e-02
-4.771363775899573056e-02
-4.577731676170770925e-02
-4.964995874257205344e-02
-5.223172003268139463e-02
-3.609571156950863724e-02
-3.028674828950705944e-02
-4.319555541065511761e-02
-5.029539906738555999e-02
-4.125923438136425148e-02
-3.803203263538890155e-02
-3.996835368754858564e-02
-3.545027121116461899e-02
-2.770498679206134796e-02
-4.061379403521847564e-02
-5.804068284634311681e-02
-3.996835368754858564e-02
-2.641410603418314906e-02
-2.512322527020138807e-02
-4.190467472598591314e-02
-4.577731676170770925e-02
-4.319555541065511761e-02
-4.319555541065511761e-02
-4.448643608922964177e-02
-3.157762902907457203e-02
-1.479617893848228505e-02
-2.770498679206134796e-02
-3.996835368754858564e-02
-2.964130791743357918e-02
-2.964130791743357918e-02
-3.609571156950863724e-02
-3.415939048990246363e-02
-1.931426175671191459e-02
-2.770498679206134796e-02
-4.706819742808932006e-02
-4.706819742808932006e-02
-4.061379403521847564e-02
-3.351395012698255016e-02
-3.674115192632676496e-02
-2.835042716871249979e-02
-2.254146372391829800e-02
-3.480483085129648657e-02
-4.125923438136425148e-02
-2.447778488591900725e-02
-1.350529811952583259e-02
-2.512322527020138807e-02
-4.061379403521847564e-02
-3.738659228162077852e-02
-2.447778488591900725e-02
-3.093218866005287282e-02
-3.480483085129648657e-02
-1.673250015545946212e-02
-1.221441729445871260e-02
-3.028674828950705944e-02
-3.286850976253852252e-02
-1.995970215320674868e-02
-2.512322527020138807e-02
-3.222306939657038072e-02
-1.802338095914102212e-02
-7.696334358586298663e-03
-2.318690411277835040e-02
-3.351395012698255016e-02
-3.674115192632676496e-02
-2.512322527020138807e-02
-1.737794055806318738e-02
-2.189602333353057873e-02
-2.125058294161696892e-02
-2.189602333353057873e-02
-3.545027121116461899e-02
-3.803203263538890155e-02
-1.544161934566901095e-02
-9.632655625987140979e-03
-2.383234450011251226e-02
-3.222306939657038072e-02
-2.447778488591900725e-02
-2.318690411277835040e-02
-2.770498679206134796e-02
-1.544161934566901095e-02
-8.987215205049636779e-03
-2.189602333353057873e-02
-3.996835368754858564e-02
-4.384099575070443677e-02
-2.318690411277835040e-02
-2.705954641388608195e-02
-2.576866565295610201e-02
-1.673250015545946212e-02
-1.673250015545946212e-02
-3.157762902907457203e-02
-3.545027121116461899e-02
-2.835042716871249979e-02
-1.995970215320674868e-02
-1.931426175671191459e-02
-2.512322527020138807e-02
-1.673250015545946212e-02
-1.608705975132806998e-02
-3.674115192632676496e-02
-2.189602333353057873e-02
-4.469132215678683906e-03
-1.092353646328092509e-02
-2.576866565295610201e-02
-3.415939048990246363e-02
-2.770498679206134796e-02
-2.125058294161696892e-02
-2.447778488591900725e-02
-1.802338095914102212e-02
-9.632655625987140979e-03
-1.931426175671191459e-02
-2.835042716871249979e-02
-2.060514254817569224e-02
-1.673250015545946212e-02
-2.641410603418314906e-02
-2.383234450011251226e-02
-1.092353646328092509e-02
-7.696334358586298663e-03
-2.576866565295610201e-02
-3.157762902907457203e-02
-1.673250015545946212e-02
-1.285985770775788239e-02
-2.125058294161696892e-02
-2.512322527020138807e-02
-1.673250015545946212e-02
-2.318690411277835040e-02
-3.867747298763468677e-02
-2.512322527020138807e-02
-7.696334358586298663e-03
-2.125058294161696892e-02
-4.190467472598591314e-02
-2.705954641388608195e-02
-1.544161934566901095e-02
-2.512322527020138807e-02
-2.835042716871249979e-02
-1.673250015545946212e-02
-1.866882135869118997e-02
-2.835042716871249979e-02
-1.866882135869118997e-02
-5.114572647318738063e-03
-7.050893933062241103e-03
-2.512322527020138807e-02
-3.351395012698255016e-02
-3.093218866005287282e-02
-1.156897687963365229e-02
-2.060514254817569224e-02
-2.447778488591900725e-02
-9.632655625987140979e-03
-3.178251347813798589e-03
-1.608705975132806998e-02
-1.479617893848228505e-02
-8.987215205049636779e-03
-2.254146372391829800e-02
-3.028674828950705944e-02
-1.027809604539875465e-02
-5.964895937342618026e-04
-1.608705975132806998e-02
-2.964130791743357918e-02
-1.544161934566901095e-02
-7.696334358586298663e-03
-1.995970215320674868e-02
-1.544161934566901095e-02
-8.341774782580912984e-03
-2.189602333353057873e-02
-3.222306939657038072e-02
-2.383234450011251226e-02
-9.632655625987140979e-03
-1.544161934566901095e-02
-1.608705975132806998e-02
-6.405453506010516662e-03
-9.632655625987140979e-03
-2.254146372391829800e-02
-2.835042716871249979e-02
-1.156897687963365229e-02
-3.178251347813798589e-03
-1.350529811952583259e-02
-2.189602333353057873e-02
-1.156897687963365229e-02
-2.060514254817569224e-02
-2.770498679206134796e-02
-8.987215205049636779e-03
5.212474442430448107e-03
-8.341774782580912984e-03
-2.512322527020138807e-02
-1.931426175671191459e-02
-8.987215205049636779e-03
-1.350529811952583259e-02
-1.995970215320674868e-02
-1.350529811952583259e-02
-1.415073852976789226e-02
-2.512322527020138807e-02
-2.383234450011251226e-02
-7.696334358586298663e-03
-3.823691782510962867e-03
-2.512322527020138807e-02
-2.383234450011251226e-02
-9.632655625987140979e-03
-1.608705975132806998e-02
-2.835042716871249979e-02
-2.447778488591900725e-02
-9.632655625987140979e-03
-1.931426175671191459e-02
-2.899586754383598475e-02
-2.189602333353057873e-02
-8.341774782580912984e-03
-8.341774782580912984e-03
-1.995970215320674868e-02
-7.050893933062241103e-03
-1.092353646328092509e-02
-2.899586754383598475e-02
-2.318690411277835040e-02
-1.415073852976789226e-02
-2.532810911587191072e-03
-6.405453506010516662e-03
-1.350529811952583259e-02
-1.092353646328092509e-02
-2.576866565295610201e-02
-2.383234450011251226e-02
-1.931426175671191459e-02
-8.987215205049636779e-03
-5.760013077429348982e-03
-2.060514254817569224e-02
-2.060514254817569224e-02
-1.350529811952583259e-02
-1.608705975132806998e-02
-1.673250015545946212e-02
-7.050893933062241103e-03
-4.469132215678683906e-03
-1.995970215320674868e-02
-2.641410603418314906e-02
-1.221441729445871260e-02
-4.469132215678683906e-03
-1.673250015545946212e-02
-8.987215205049636779e-03
4.567033987846969012e-03
-1.027809604539875465e-02
-2.964130791743357918e-02
-1.673250015545946212e-02
4.895084861011866906e-05
-7.050893933062241103e-03
-1.479617893848228505e-02
-1.221441729445871260e-02
-8.987215205049636779e-03
-1.350529811952583259e-02
-1.156897687963365229e-02
-7.696334358586298663e-03
-1.221441729445871260e-02
-2.060514254817569224e-02
-1.156897687963365229e-02
1.985272184818143160e-03
-1.887370473832916673e-03
-1.931426175671191459e-02
-2.770498679206134796e-02
-1.608705975132806998e-02
-5.114572647318738063e-03
-1.027809604539875465e-02
-1.544161934566901095e-02
-3.823691782510962867e-03
-6.405453506010516662e-03
-2.447778488591900725e-02
-1.479617893848228505e-02
4.895084861011866906e-05
-1.415073852976789226e-02
-2.770498679206134796e-02
-1.027809604539875465e-02
-5.964895937342618026e-04
-2.964130791743357918e-02
-3.157762902907457203e-02
-5.114572647318738063e-03
-8.341774782580912984e-03
-2.318690411277835040e-02
-1.285985770775788239e-02
2.630712633280296586e-03
-1.608705975132806998e-02
-2.705954641388608195e-02
-7.050893933062241103e-03
-8.987215205049636779e-03
-1.544161934566901095e-02
-1.866882135869118997e-02
-8.987215205049636779e-03
-3.178251347813798589e-03
-1.866882135869118997e-02
-1.673250015545946212e-02
