-1.703766293541519872e-04
-8.561102101561246513e-03
-4.043019187085050703e-03
8.220349101236479328e-03
4.993146866574704745e-03
-4.043019187085050703e-03
9.511230005811555088e-03
1.919283698525298121e-02
3.702265983417163397e-03
-1.372462534072660389e-02
-8.561102101561246513e-03
3.702265983417163397e-03
-1.049742332770442488e-02
-1.049742332770442488e-02
1.338387275625940731e-02
1.273843229402515931e-02
-1.307918494117643604e-02
-1.178830413749487604e-02
4.347706424230324274e-03
3.702265983417163397e-03
-1.243374454009860131e-02
-1.243374454009860131e-02
8.220349101236479328e-03
2.048371794187175965e-02
-4.043019187085050703e-03
-1.049742332770442488e-02
5.638587310448528456e-03
1.765944670150787488e-03
-1.566094653021110616e-02
-1.461257488045930586e-03
2.112915842247886644e-02
1.532019415214591618e-02
-5.979340445316339014e-03
-4.043019187085050703e-03
5.638587310448528456e-03
1.765944670150787488e-03
1.765944670150787488e-03
4.750638022859021703e-04
-2.106697915097655027e-03
-3.397578764616326907e-03
1.765944670150787488e-03
4.993146866574704745e-03
-2.752138340621712587e-03
-4.688459608022554903e-03
3.056825544131669403e-03
6.284027755850019048e-03
3.056825544131669403e-03
-5.333900027434168578e-03
-8.158170594647629059e-04
1.338387275625940731e-02
1.765944670150787488e-03
-5.333900027434168578e-03
1.338387275625940731e-02
1.402931322002487491e-02
-1.703766293541519872e-04
-9.206542511803306184e-03
7.574908651244882662e-03
1.144755137414854573e-02
-5.979340445316339014e-03
-4.688459608022554903e-03
6.929468202782729236e-03
-2.106697915097655027e-03
-1.437006573874732851e-02
-2.752138340621712587e-03
7.574908651244882662e-03
-8.158170594647629059e-04
-9.206542511803306184e-03
-2.106697915097655027e-03
6.929468202782729236e-03
4.347706424230324274e-03
-8.158170594647629059e-04
4.993146866574704745e-03
7.574908651244882662e-03
6.284027755850019048e-03
-7.270221276494126528e-03
-5.333900027434168578e-03
5.638587310448528456e-03
-2.106697915097655027e-03
-2.106697915097655027e-03
6.284027755850019048e-03
4.993146866574704745e-03
1.120504235453623210e-03
-1.703766293541519872e-04
8.220349101236479328e-03
4.347706424230324274e-03
-2.752138340621712587e-03
5.638587310448528456e-03
1.080211091650618016e-02
-2.752138340621712587e-03
4.750638022859021703e-04
1.765944670150787488e-03
4.347706424230324274e-03
-1.243374454009860131e-02
-1.501550613524216260e-02
4.993146866574704745e-03
7.574908651244882662e-03
-1.307918494117643604e-02
-5.979340445316339014e-03
1.144755137414854573e-02
3.702265983417163397e-03
-9.206542511803306184e-03
-1.243374454009860131e-02
1.120504235453623210e-03
2.411385106377395005e-03
-1.243374454009860131e-02
-6.624780861669066212e-03
8.220349101236479328e-03
-4.043019187085050703e-03
-1.114286373336348390e-02
-8.158170594647629059e-04
6.284027755850019048e-03
3.702265983417163397e-03
-9.206542511803306184e-03
-7.915661689793296318e-03
5.638587310448528456e-03
-1.049742332770442488e-02
-1.566094653021110616e-02
6.929468202782729236e-03
1.273843229402515931e-02
-4.688459608022554903e-03
-5.333900027434168578e-03
8.865789552761071945e-03
8.865789552761071945e-03
-4.043019187085050703e-03
-1.049742332770442488e-02
4.993146866574704745e-03
8.220349101236479328e-03
-4.688459608022554903e-03
-1.461257488045930586e-03
1.080211091650618016e-02
1.120504235453623210e-03
-1.695182731556599265e-02
-1.461257488045930586e-03
1.209299183332390726e-02
-3.397578764616326907e-03
-1.372462534072660389e-02
-1.461257488045930586e-03
7.574908651244882662e-03
1.120504235453623210e-03
-7.915661689793296318e-03
3.056825544131669403e-03
1.467475368531978575e-02
-1.703766293541519872e-04
-1.372462534072660389e-02
-5.979340445316339014e-03
-8.158170594647629059e-04
-3.397578764616326907e-03
6.929468202782729236e-03
4.993146866574704745e-03
5.638587310448528456e-03
1.120504235453623210e-03
-1.703766293541519872e-04
-6.624780861669066212e-03
-5.333900027434168578e-03
1.120504235453623210e-03
4.347706424230324274e-03
4.993146866574704745e-03
-9.206542511803306184e-03
-9.206542511803306184e-03
6.929468202782729236e-03
4.347706424230324274e-03
-7.270221276494126528e-03
-3.397578764616326907e-03
1.080211091650618016e-02
7.574908651244882662e-03
-6.624780861669066212e-03
-1.307918494117643604e-02
-5.979340445316339014e-03
-3.397578764616326907e-03
-6.624780861669066212e-03
-1.703766293541519872e-04
8.865789552761071945e-03
4.347706424230324274e-03
-4.043019187085050703e-03
-1.703766293541519872e-04
-1.461257488045930586e-03
-4.688459608022554903e-03
4.347706424230324274e-03
5.638587310448528456e-03
-5.333900027434168578e-03
-2.752138340621712587e-03
-1.461257488045930586e-03
-1.461257488045930586e-03
2.411385106377395005e-03
-1.630638692365238285e-02
-1.695182731556599265e-02
2.411385106377395005e-03
8.220349101236479328e-03
-6.624780861669066212e-03
-4.688459608022554903e-03
8.865789552761071945e-03
1.273843229402515931e-02
-4.043019187085050703e-03
-8.561102101561246513e-03
1.765944670150787488e-03
-3.397578764616326907e-03
-9.206542511803306184e-03
-8.158170594647629059e-04
5.638587310448528456e-03
-2.752138340621712587e-03
-9.851982920517698972e-03
7.574908651244882662e-03
1.402931322002487491e-02
-1.461257488045930586e-03
-1.243374454009860131e-02
6.929468202782729236e-03
1.467475368531978575e-02
-1.114286373336348390e-02
-2.082446963499151593e-02
4.993146866574704745e-03
8.220349101236479328e-03
-1.461257488045930586e-03
-2.106697915097655027e-03
4.347706424230324274e-03
4.347706424230324274e-03
-6.624780861669066212e-03
3.702265983417163397e-03
1.596563462050326621e-02
6.929468202782729236e-03
-4.688459608022554903e-03
1.765944670150787488e-03
1.015667046039503418e-02
1.765944670150787488e-03
-3.397578764616326907e-03
4.993146866574704745e-03
6.929468202782729236e-03
-6.624780861669066212e-03
-1.566094653021110616e-02
3.056825544131669403e-03
1.015667046039503418e-02
-1.703766293541519872e-04
-1.703766293541519872e-04
3.702265983417163397e-03
-1.703766293541519872e-04
-7.915661689793296318e-03
1.765944670150787488e-03
7.574908651244882662e-03
-5.333900027434168578e-03
-7.915661689793296318e-03
6.284027755850019048e-03
2.048371794187175965e-02
-8.561102101561246513e-03
-1.566094653021110616e-02
1.015667046039503418e-02
3.702265983417163397e-03
-2.752138340621712587e-03
1.765944670150787488e-03
8.865789552761071945e-03
8.865789552761071945e-03
-5.333900027434168578e-03
-5.333900027434168578e-03
1.120504235453623210e-03
6.284027755850019048e-03
3.702265983417163397e-03
7.574908651244882662e-03
1.467475368531978575e-02
1.765944670150787488e-03
-9.851982920517698972e-03
2.411385106377395005e-03
4.993146866574704745e-03
-3.397578764616326907e-03
-1.372462534072660389e-02
-2.752138340621712587e-03
1.015667046039503418e-02
1.765944670150787488e-03
-1.178830413749487604e-02
-7.270221276494126528e-03
-2.106697915097655027e-03
-1.178830413749487604e-02
-1.178830413749487604e-02
1.209299183332390726e-02
6.929468202782729236e-03
-5.333900027434168578e-03
3.702265983417163397e-03
4.993146866574704745e-03
3.056825544131669403e-03
6.929468202782729236e-03
-4.688459608022554903e-03
4.347706424230324274e-03
1.273843229402515931e-02
-2.752138340621712587e-03
-2.752138340621712587e-03
1.532019415214591618e-02
1.015667046039503418e-02
-7.915661689793296318e-03
-7.270221276494126528e-03
1.120504235453623210e-03
6.284027755850019048e-03
5.638587310448528456e-03
7.574908651244882662e-03
1.144755137414854573e-02
1.765944670150787488e-03
-4.043019187085050703e-03
3.056825544131669403e-03
8.865789552761071945e-03
4.750638022859021703e-04
-1.243374454009860131e-02
1.120504235453623210e-03
5.638587310448528456e-03
-6.624780861669066212e-03
-2.856975410901796408e-02
-6.213265096012321465e-02
-9.505010349189291219e-02
-1.260312316819600653e-01
-1.395854741683546507e-01
-1.202222704121407304e-01
-1.247403514103719857e-01
-1.524942759166680872e-01
-1.550760361938401388e-01
-1.473307552898468487e-01
-1.563669163233711856e-01
-1.828299576492238288e-01
-1.867025976307790103e-01
-1.679848372175438698e-01
-1.679848372175438698e-01
-1.892843575883720320e-01
-1.899297975740061872e-01
-1.763755575594831981e-01
-1.899297975740061872e-01
-2.092929964435672474e-01
-1.976750772842557069e-01
-1.847662776467782209e-01
-1.886389176012315261e-01
-1.976750772842557069e-01
-1.860571576376184311e-01
-1.796027576231828959e-01
-1.918661175218829840e-01
-2.028385969707517944e-01
-1.847662776467782209e-01
-1.725029174333165827e-01
-1.976750772842557069e-01
-2.047749168283772292e-01
-1.847662776467782209e-01
-2.002568371395341273e-01
-2.118747561906140220e-01
-1.867025976307790103e-01
-1.712120373792043182e-01
-1.770209975752372600e-01
-2.060657967259480472e-01
-2.015477170581494448e-01
-2.034840369247969960e-01
-2.222017949384866853e-01
-2.331742731870782848e-01
-2.228472348474692666e-01
-2.247835545654037759e-01
-2.454376307167613902e-01
-2.422104314193003205e-01
-2.293016338547300137e-01
-2.293016338547300137e-01
-2.318833934156270260e-01
-2.338197130705523819e-01
-2.389832320843758851e-01
-2.286561939607558713e-01
-2.435013111427792865e-01
-2.564101080480458705e-01
-2.454376307167613902e-01
-2.325288333021031661e-01
-2.247835545654037759e-01
-2.092929964435672474e-01
-1.770209975752372600e-01
-1.705665973498877719e-01
-1.834753976499143846e-01
-1.783118776022227792e-01
-1.563669163233711856e-01
-1.421672345663598236e-01
-1.466853152046994069e-01
-1.537851560582730315e-01
-1.453944350298694843e-01
-1.583032365063434810e-01
-1.705665973498877719e-01
-1.583032365063434810e-01
-1.492670755362297541e-01
-1.505579556929337315e-01
-1.486216354556137986e-01
-1.382945939602819863e-01
-1.266766718154865856e-01
-1.370037137461643795e-01
-1.505579556929337315e-01
-1.415217944691260499e-01
-1.344219532997890099e-01
-1.415217944691260499e-01
-1.505579556929337315e-01
-1.447489949401887799e-01
-1.324856329491304052e-01
-1.382945939602819863e-01
-1.421672345663598236e-01
-1.266766718154865856e-01
-1.195768302634814262e-01
-1.350673934136512599e-01
-1.350673934136512599e-01
-1.182859499616224497e-01
-1.247403514103719857e-01
-1.350673934136512599e-01
-1.363582736368389448e-01
-1.292584323344545538e-01
-1.331310730675294707e-01
-1.292584323344545538e-01
-1.228040309916398343e-01
-1.208677105592848022e-01
-1.215131507049171944e-01
-1.357128335260000540e-01
-1.486216354556137986e-01
-1.234494711327300820e-01
-1.163496294974741829e-01
-1.331310730675294707e-01
-1.273221119474978735e-01
-1.253857915469236417e-01
-1.350673934136512599e-01
-1.447489949401887799e-01
-1.279675520779957054e-01
-1.124769885282947968e-01
-1.331310730675294707e-01
-1.428126746620836940e-01
-1.221585908490361305e-01
-1.208677105592848022e-01
-1.421672345663598236e-01
-1.453944350298694843e-01
-1.331310730675294707e-01
-1.305493125848631308e-01
-1.402309142701216871e-01
-1.344219532997890099e-01
-1.163496294974741829e-01
-1.260312316819600653e-01
-1.466853152046994069e-01
-1.447489949401887799e-01
-1.337765131844150801e-01
-1.415217944691260499e-01
-1.518488358435998720e-01
-1.415217944691260499e-01
-1.247403514103719857e-01
-1.428126746620836940e-01
-1.615304367811241093e-01
-1.473307552898468487e-01
-1.292584323344545538e-01
-1.305493125848631308e-01
-1.363582736368389448e-01
-1.292584323344545538e-01
-1.221585908490361305e-01
-1.350673934136512599e-01
-1.395854741683546507e-01
-1.331310730675294707e-01
-1.395854741683546507e-01
-1.402309142701216871e-01
-1.331310730675294707e-01
-1.370037137461643795e-01
-1.350673934136512599e-01
-1.389400340650741583e-01
-1.441035548489981721e-01
-1.234494711327300820e-01
-1.182859499616224497e-01
-1.402309142701216871e-01
-1.382945939602819863e-01
-1.266766718154865856e-01
-1.363582736368389448e-01
-1.486216354556137986e-01
-1.389400340650741583e-01
-1.228040309916398343e-01
-1.408763543703788201e-01
-1.531397159882246228e-01
-1.473307552898468487e-01
-1.195768302634814262e-01
-1.150587491804735407e-01
-1.311947527077990117e-01
-1.221585908490361305e-01
-1.247403514103719857e-01
-1.279675520779957054e-01
-1.311947527077990117e-01
-1.370037137461643795e-01
-1.376491538539799109e-01
-1.357128335260000540e-01
-1.389400340650741583e-01
-1.318401928292214365e-01
-1.182859499616224497e-01
-1.279675520779957054e-01
-1.408763543703788201e-01
-1.350673934136512599e-01
-1.318401928292214365e-01
-1.479761953734861635e-01
-1.557214762593588375e-01
-1.318401928292214365e-01
-1.240949112723086500e-01
-1.402309142701216871e-01
-1.512033957690217534e-01
-1.273221119474978735e-01
-1.273221119474978735e-01
-1.460398751180402854e-01
-1.299038724604155703e-01
-1.131224286936127754e-01
-1.318401928292214365e-01
-1.479761953734861635e-01
-1.324856329491304052e-01
-1.144133090197012592e-01
-1.273221119474978735e-01
-1.499125156153375826e-01
-1.441035548489981721e-01
-1.479761953734861635e-01
-1.731483574581123008e-01
-1.750846775234560226e-01
-1.705665973498877719e-01
-1.847662776467782209e-01
-2.189745953710708903e-01
-2.447921908602648244e-01
-2.486648299767697523e-01
-2.686734645535029387e-01
-2.919092964524985234e-01
-2.957819349142027932e-01
-2.790005011920602129e-01
-2.596373071807906996e-01
-2.512465893578177401e-01
-2.447921908602648244e-01
-2.234926747549454973e-01
-2.099384363825826938e-01
-2.151019558406215282e-01
-2.254289944683787184e-01
-2.092929964435672474e-01
-1.989659572149022893e-01
-2.073566766175041209e-01
-2.041294768773393997e-01
-1.834753976499143846e-01
-1.770209975752372600e-01
-1.950933174049112040e-01
-1.925115575014970659e-01
-1.737937974813998920e-01
-1.925115575014970659e-01
-2.028385969707517944e-01
-1.789573176134560129e-01
-1.686302772528911476e-01
-1.854117176429497249e-01
-1.950933174049112040e-01
-1.731483574581123008e-01
-1.634667569278853705e-01
-1.892843575883720320e-01
-1.989659572149022893e-01
-1.815390776433272180e-01
-1.847662776467782209e-01
-1.976750772842557069e-01
-1.963841973475926039e-01
-1.821845176470286987e-01
-1.828299576492238288e-01
-2.041294768773393997e-01
-2.125201961236200532e-01
-1.912206775407607751e-01
-1.776664375894814185e-01
-1.886389176012315261e-01
-1.938024374562132834e-01
-1.815390776433272180e-01
-1.841208376490985898e-01
-2.002568371395341273e-01
-1.996113971779696072e-01
-1.847662776467782209e-01
-1.918661175218829840e-01
-2.092929964435672474e-01
-2.170382756126034707e-01
-2.118747561906140220e-01
-2.338197130705523819e-01
-2.648008257153815492e-01
-2.744824227097684144e-01
-2.751278624974347053e-01
-3.015908925060717394e-01
-3.093361691073699404e-01
-2.906184169533236883e-01
-2.815822602919322293e-01
-2.809368205192033230e-01
-2.693189043546233563e-01
-2.402741118228419737e-01
-2.234926747549454973e-01
-2.338197130705523819e-01
-2.325288333021031661e-01
-2.228472348474692666e-01
-2.222017949384866853e-01
-2.209109151160255635e-01
-2.209109151160255635e-01
-2.118747561906140220e-01
-2.028385969707517944e-01
-2.105838763200953423e-01
-2.086475565030490031e-01
-1.983205172503303970e-01
-1.950933174049112040e-01
-2.086475565030490031e-01
-2.163928356901134720e-01
-1.983205172503303970e-01
-1.950933174049112040e-01
-2.105838763200953423e-01
-2.092929964435672474e-01
-1.899297975740061872e-01
-2.041294768773393997e-01
-2.144565159136249122e-01
-1.912206775407607751e-01
-1.808936376381193867e-01
-1.879934776125846696e-01
-1.912206775407607751e-01
-1.815390776433272180e-01
-1.718574774070162903e-01
-1.770209975752372600e-01
-1.989659572149022893e-01
-1.957387573770041911e-01
-1.750846775234560226e-01
-1.925115575014970659e-01
-2.189745953710708903e-01
-2.325288333021031661e-01
-2.596373071807906996e-01
-2.951364951743151721e-01
-2.867457784199878290e-01
-2.525374690393569210e-01
-2.402741118228419737e-01
-2.454376307167613902e-01
-2.460830705717587108e-01
-2.344651529525272338e-01
-2.209109151160255635e-01
-2.228472348474692666e-01
-2.338197130705523819e-01
-2.396286719543585519e-01
-2.660917053340714489e-01
-2.861003386592066988e-01
-2.970728143895033924e-01
-2.738369829206064310e-01
-2.460830705717587108e-01
-2.538283487149080031e-01
-2.577009877056326559e-01
-2.383377922128957493e-01
-2.402741118228419737e-01
-2.518920291993360649e-01
-2.396286719543585519e-01
-2.125201961236200532e-01
-2.054203567779140371e-01
-2.280107540652807074e-01
-2.267198742698308678e-01
-2.099384363825826938e-01
-2.151019558406215282e-01
-2.228472348474692666e-01
-2.080021165610261846e-01
-1.950933174049112040e-01
-2.060657967259480472e-01
-2.170382756126034707e-01
-2.099384363825826938e-01
-1.989659572149022893e-01
-2.151019558406215282e-01
-2.176837155335942242e-01
-1.918661175218829840e-01
-1.867025976307790103e-01
-1.976750772842557069e-01
-1.957387573770041911e-01
-1.905752375581357683e-01
-1.905752375581357683e-01
-1.938024374562132834e-01
-2.009022770995940732e-01
-1.918661175218829840e-01
-1.905752375581357683e-01
-1.905752375581357683e-01
-2.073566766175041209e-01
-2.002568371395341273e-01
-1.776664375894814185e-01
-1.931569974796065736e-01
-1.912206775407607751e-01
-1.770209975752372600e-01
-1.821845176470286987e-01
-1.976750772842557069e-01
-1.944478774313154190e-01
-1.789573176134560129e-01
-1.796027576231828959e-01
-1.931569974796065736e-01
-1.944478774313154190e-01
-1.873480376224350152e-01
-1.860571576376184311e-01
-1.950933174049112040e-01
-1.912206775407607751e-01
-1.744392375031811326e-01
-1.802481976314034284e-01
-1.938024374562132834e-01
-1.821845176470286987e-01
-1.692757172867302984e-01
-1.802481976314034284e-01
-1.912206775407607751e-01
-1.796027576231828959e-01
-1.628213168804730770e-01
-1.705665973498877719e-01
-1.770209975752372600e-01
-1.544305961268115368e-01
-1.466853152046994069e-01
-1.537851560582730315e-01
-1.524942759166680872e-01
-1.363582736368389448e-01
-1.150587491804735407e-01
-1.202222704121407304e-01
-1.253857915469236417e-01
-1.118315483614651384e-01
-9.892274470660744612e-02
-1.021499456771639558e-01
-1.066680269722706242e-01
-9.505010349189291219e-02
-8.988658178731867565e-02
-9.827730450794724959e-02
-9.117746222256783994e-02
-8.407761975357352924e-02
-9.311378286405691540e-02
-9.827730450794724959e-02
-9.246834265174541656e-02
-7.633233685059082063e-02
-8.214129904833278317e-02
-9.827730450794724959e-02
-8.795026112306558730e-02
-7.116881479373127206e-02
-7.762321734961119546e-02
-8.278673928493063272e-02
-7.955953808674820493e-02
-7.116881479373127206e-02
-8.020497832942119487e-02
-8.472305998561857621e-02
-6.600529263959309390e-02
-5.245104652184018335e-02
-6.729617318724834263e-02
-8.859570134600147640e-02
-6.148721067488871483e-02
-5.374192713339631666e-02
-7.504145634549352906e-02
-7.568689659880334375e-02
-6.277809124383715300e-02
-5.374192713339631666e-02
-6.600529263959309390e-02
-7.310513557645137439e-02
-5.890544951873799562e-02
-5.696912863564662644e-02
-7.504145634549352906e-02
-7.116881479373127206e-02
-5.180560621377772179e-02
-5.309648682837853073e-02
-6.665073291418011081e-02
-5.955088981005829396e-02
-4.406032239827339936e-02
-5.438736743688998843e-02
-6.794161345879601299e-02
-5.696912863564662644e-02
-4.406032239827339936e-02
-5.116016590419469878e-02
-6.342353152603052990e-02
-5.826000922589535946e-02
-4.986928528045986297e-02
-5.696912863564662644e-02
-6.471441208585204663e-02
-5.309648682837853073e-02
-4.147856107769598566e-02
-5.051472559308933796e-02
-5.890544951873799562e-02
-5.309648682837853073e-02
-5.051472559308933796e-02
-7.245969531706464295e-02
-7.052337452978463261e-02
-5.374192713339631666e-02
-4.470576272460746736e-02
-4.664208369447564451e-02
-5.438736743688998843e-02
-4.986928528045986297e-02
-4.276944174103114449e-02
-6.342353152603052990e-02
-6.084177038813365357e-02
-4.018768040826614651e-02
-3.825135939269053154e-02
-5.567824803931209487e-02
-6.084177038813365357e-02
-4.406032239827339936e-02
-3.825135939269053154e-02
-4.986928528045986297e-02
-4.599664337270858994e-02
-2.986063483333190050e-02
-3.179695590836217889e-02
-4.470576272460746736e-02
-4.922384496630805018e-02
-4.341488207041344083e-02
-4.535120304942097391e-02
-5.761456893153216186e-02
-5.374192713339631666e-02
-4.083312074374312317e-02
-4.664208369447564451e-02
-4.083312074374312317e-02
-4.083312074374312317e-02
-4.535120304942097391e-02
-3.631503836339966540e-02
-5.051472559308933796e-02
-4.212400141012473398e-02
-2.211535039592149587e-02
-2.986063483333190050e-02
-4.535120304942097391e-02
-3.760591905111887456e-02
-2.921519447193787755e-02
-3.760591905111887456e-02
-5.051472559308933796e-02
-4.147856107769598566e-02
-2.598799264208828674e-02
-3.308783661742431548e-02
-4.535120304942097391e-02
-3.373327696967010070e-02
-2.856975410901796408e-02
-4.147856107769598566e-02
-4.147856107769598566e-02
-2.792431374457393645e-02
-2.598799264208828674e-02
-2.921519447193787755e-02
-4.535120304942097391e-02
-3.631503836339966540e-02
-2.469711189946899310e-02
-3.760591905111887456e-02
-4.083312074374312317e-02
-3.115151555154405116e-02
-3.696047870802132707e-02
-4.470576272460746736e-02
-4.341488207041344083e-02
-3.373327696967010070e-02
-2.856975410901796408e-02
-4.083312074374312317e-02
-4.470576272460746736e-02
-3.696047870802132707e-02
-3.373327696967010070e-02
-4.857840465063567592e-02
-4.276944174103114449e-02
-1.953358886795442118e-02
-2.405167152587139867e-02
-4.793296433343741114e-02
-4.212400141012473398e-02
-2.727887337860579464e-02
-3.373327696967010070e-02
-4.535120304942097391e-02
-3.566959801725388957e-02
-2.146991001621856299e-02
-2.792431374457393645e-02
-3.954224007126505569e-02
-4.018768040826614651e-02
-3.373327696967010070e-02
-3.760591905111887456e-02
-4.276944174103114449e-02
-2.405167152587139867e-02
-9.851982920517698972e-03
-2.921519447193787755e-02
-4.147856107769598566e-02
-2.856975410901796408e-02
-2.017902925223680199e-02
-4.083312074374312317e-02
-5.116016590419469878e-02
-2.146991001621856299e-02
-1.437006573874732851e-02
-4.276944174103114449e-02
-3.502415766958399956e-02
-1.630638692365238285e-02
-2.727887337860579464e-02
-4.083312074374312317e-02
-3.437871732038821904e-02
-1.953358886795442118e-02
-2.146991001621856299e-02
-3.437871732038821904e-02
-2.856975410901796408e-02
-1.501550613524216260e-02
-2.792431374457393645e-02
-3.954224007126505569e-02
-2.405167152587139867e-02
-9.206542511803306184e-03
-1.824270809481376432e-02
-3.437871732038821904e-02
-2.921519447193787755e-02
-2.211535039592149587e-02
-2.727887337860579464e-02
-3.954224007126505569e-02
-2.534255227154247336e-02
-1.566094653021110616e-02
-3.115151555154405116e-02
-3.631503836339966540e-02
-3.179695590836217889e-02
-1.630638692365238285e-02
-1.953358886795442118e-02
-3.566959801725388957e-02
-1.953358886795442118e-02
-1.566094653021110616e-02
-3.308783661742431548e-02
-3.566959801725388957e-02
-2.856975410901796408e-02
-1.695182731556599265e-02
-2.276079077409676188e-02
-2.986063483333190050e-02
-2.405167152587139867e-02
-2.598799264208828674e-02
-4.535120304942097391e-02
-4.470576272460746736e-02
-2.534255227154247336e-02
-1.888814848214792619e-02
-2.405167152587139867e-02
-1.695182731556599265e-02
-1.307918494117643604e-02
-1.695182731556599265e-02
-2.276079077409676188e-02
-2.340623115074791372e-02
-1.824270809481376432e-02
-2.598799264208828674e-02
-3.308783661742431548e-02
-1.824270809481376432e-02
-1.243374454009860131e-02
-3.696047870802132707e-02
-4.535120304942097391e-02
-2.534255227154247336e-02
-1.824270809481376432e-02
-2.340623115074791372e-02
-1.888814848214792619e-02
-1.953358886795442118e-02
-1.630638692365238285e-02
-3.502415766958399956e-02
-3.631503836339966540e-02
-2.340623115074791372e-02
-1.501550613524216260e-02
-2.276079077409676188e-02
-3.115151555154405116e-02
-2.405167152587139867e-02
-1.759726770595371192e-02
-2.792431374457393645e-02
-2.534255227154247336e-02
-1.437006573874732851e-02
-1.759726770595371192e-02
-2.663343301110998596e-02
-2.598799264208828674e-02
-2.082446963499151593e-02
-1.888814848214792619e-02
-1.695182731556599265e-02
-1.759726770595371192e-02
-2.146991001621856299e-02
-2.534255227154247336e-02
-2.727887337860579464e-02
-2.211535039592149587e-02
-1.695182731556599265e-02
-2.469711189946899310e-02
-2.727887337860579464e-02
-1.888814848214792619e-02
-8.561102101561246513e-03
-2.340623115074791372e-02
-4.276944174103114449e-02
-2.856975410901796408e-02
-1.759726770595371192e-02
-2.856975410901796408e-02
-3.244239626365619245e-02
-1.501550613524216260e-02
-1.501550613524216260e-02
-3.308783661742431548e-02
-2.598799264208828674e-02
-1.307918494117643604e-02
-1.759726770595371192e-02
-3.050607519320003291e-02
-2.598799264208828674e-02
-9.206542511803306184e-03
-1.114286373336348390e-02
-2.921519447193787755e-02
-3.244239626365619245e-02
-1.759726770595371192e-02
-1.695182731556599265e-02
-2.211535039592149587e-02
-1.824270809481376432e-02
-2.405167152587139867e-02
-3.631503836339966540e-02
-3.437871732038821904e-02
-1.566094653021110616e-02
-8.561102101561246513e-03
-2.211535039592149587e-02
-2.856975410901796408e-02
-1.307918494117643604e-02
-1.461257488045930586e-03
-2.727887337860579464e-02
-2.405167152587139867e-02
-1.049742332770442488e-02
-1.501550613524216260e-02
-2.986063483333190050e-02
-1.049742332770442488e-02
1.765944670150787488e-03
-1.307918494117643604e-02
-2.921519447193787755e-02
-2.534255227154247336e-02
-5.333900027434168578e-03
-1.178830413749487604e-02
-2.727887337860579464e-02
-2.017902925223680199e-02
-1.243374454009860131e-02
-2.082446963499151593e-02
-2.792431374457393645e-02
-1.759726770595371192e-02
-7.270221276494126528e-03
-2.082446963499151593e-02
-3.179695590836217889e-02
-1.243374454009860131e-02
2.411385106377395005e-03
-1.630638692365238285e-02
-2.663343301110998596e-02
-1.437006573874732851e-02
-1.049742332770442488e-02
-2.211535039592149587e-02
-2.017902925223680199e-02
-1.437006573874732851e-02
-2.340623115074791372e-02
-4.147856107769598566e-02
-4.276944174103114449e-02
-1.824270809481376432e-02
-2.752138340621712587e-03
-1.630638692365238285e-02
-2.469711189946899310e-02
-1.243374454009860131e-02
-6.624780861669066212e-03
-2.082446963499151593e-02
-2.276079077409676188e-02
-1.759726770595371192e-02
-1.759726770595371192e-02
-2.082446963499151593e-02
-8.561102101561246513e-03
2.411385106377395005e-03
-1.695182731556599265e-02
-3.373327696967010070e-02
-2.276079077409676188e-02
-1.501550613524216260e-02
-2.598799264208828674e-02
-3.889679973273985070e-02
-2.986063483333190050e-02
-1.759726770595371192e-02
-2.017902925223680199e-02
-2.211535039592149587e-02
-1.049742332770442488e-02
-5.979340445316339014e-03
-1.759726770595371192e-02
-2.082446963499151593e-02
-1.049742332770442488e-02
4.347706424230324274e-03
-4.043019187085050703e-03
-2.921519447193787755e-02
-1.307918494117643604e-02
-2.752138340621712587e-03
-2.405167152587139867e-02
-2.082446963499151593e-02
-1.566094653021110616e-02
