2.325835499919470806e-02
1.486763553795711346e-02
2.604276782276926383e-03
1.313396944800260258e-03
2.251711332945660615e-05
-1.094996121178226645e-02
-9.013641538858863100e-03
2.251711332945660615e-05
3.249716703267679918e-03
-1.094996121178226645e-02
-1.094996121178226645e-02
8.413236125257128606e-03
1.228587575484496597e-02
6.679570283143476672e-04
-5.141002152507567757e-03
5.831476402246238422e-03
-2.559242531598115988e-03
-1.030452132230763596e-02
-5.786442053985041412e-03
-1.913802622615534688e-03
1.313396944800260258e-03
3.895156625757678626e-03
6.476916330745652317e-03
6.476916330745652317e-03
-6.431881953959717180e-03
-1.030452132230763596e-02
3.895156625757678626e-03
1.809483530066913204e-02
2.604276782276926383e-03
-1.288628087120713417e-02
9.704115995775808301e-03
2.251711332945660615e-05
-1.546804039610982784e-02
-1.268362712135484571e-03
8.413236125257128606e-03
2.604276782276926383e-03
-2.559242531598115988e-03
5.186036475249622413e-03
1.293131569836702965e-02
2.604276782276926383e-03
-4.495562249532625287e-03
7.122356260747864098e-03
1.357675564339366758e-02
5.831476402246238422e-03
1.313396944800260258e-03
9.058676059765957689e-03
6.476916330745652317e-03
-1.224084098623201555e-02
-1.740436002404521787e-02
-1.268362712135484571e-03
4.540596549754027933e-03
-5.786442053985041412e-03
-8.368201644884720736e-03
6.679570283143476672e-04
-3.204682439074346689e-03
1.313396944800260258e-03
5.831476402246238422e-03
1.034955593328845680e-02
6.476916330745652317e-03
3.895156625757678626e-03
1.551307548749392140e-02
5.186036475249622413e-03
2.251711332945660615e-05
-3.850122345053108575e-03
-5.141002152507567757e-03
4.540596549754027933e-03
-6.431881953959717180e-03
2.251711332945660615e-05
1.809483530066913204e-02
1.744939534511935619e-02
1.958836862787194377e-03
-7.077321852435147775e-03
-1.913802622615534688e-03
-1.913802622615534688e-03
-3.850122345053108575e-03
7.122356260747864098e-03
7.122356260747864098e-03
-7.722761749409556842e-03
-9.013641538858863100e-03
6.476916330745652317e-03
7.767796192251097409e-03
2.251711332945660615e-05
-5.786442053985041412e-03
1.958836862787194377e-03
1.313396944800260258e-03
-2.559242531598115988e-03
1.958836862787194377e-03
1.164043581282214745e-02
1.293131569836702965e-02
-1.268362712135484571e-03
2.251711332945660615e-05
8.413236125257128606e-03
2.604276782276926383e-03
1.313396944800260258e-03
8.413236125257128606e-03
1.034955593328845680e-02
2.251711332945660615e-05
-6.229228001544129256e-04
1.486763553795711346e-02
1.293131569836702965e-02
-1.913802622615534688e-03
-3.204682439074346689e-03
3.895156625757678626e-03
-6.229228001544129256e-04
-1.353172075468123126e-02
-7.077321852435147775e-03
8.413236125257128606e-03
3.249716703267679918e-03
-3.204682439074346689e-03
2.604276782276926383e-03
3.249716703267679918e-03
-9.013641538858863100e-03
-1.353172075468123126e-02
1.034955593328845680e-02
1.551307548749392140e-02
-7.077321852435147775e-03
-1.675892014956481546e-02
4.540596549754027933e-03
1.164043581282214745e-02
-1.030452132230763596e-02
-3.850122345053108575e-03
1.422219558992310340e-02
3.249716703267679918e-03
-1.546804039610982784e-02
-1.030452132230763596e-02
1.615851543853175087e-02
7.122356260747864098e-03
-9.659081431333760293e-03
5.831476402246238422e-03
2.519467491095994660e-02
-8.368201644884720736e-03
-1.482260051713168991e-02
1.228587575484496597e-02
1.680395539107415459e-02
2.251711332945660615e-05
-5.786442053985041412e-03
9.704115995775808301e-03
1.422219558992310340e-02
-1.913802622615534688e-03
-7.722761749409556842e-03
2.251711332945660615e-05
2.251711332945660615e-05
-4.495562249532625287e-03
1.034955593328845680e-02
1.809483530066913204e-02
5.186036475249622413e-03
-2.559242531598115988e-03
-3.204682439074346689e-03
4.540596549754027933e-03
3.249716703267679918e-03
-4.495562249532625287e-03
3.895156625757678626e-03
1.422219558992310340e-02
2.251711332945660615e-05
-1.417716063665608317e-02
3.895156625757678626e-03
9.058676059765957689e-03
-8.368201644884720736e-03
-7.722761749409556842e-03
2.251711332945660615e-05
-5.786442053985041412e-03
-1.224084098623201555e-02
-7.722761749409556842e-03
7.767796192251097409e-03
8.413236125257128606e-03
-2.559242531598115988e-03
9.704115995775808301e-03
1.486763553795711346e-02
2.251711332945660615e-05
-9.659081431333760293e-03
5.186036475249622413e-03
9.704115995775808301e-03
-3.204682439074346689e-03
6.679570283143476672e-04
1.228587575484496597e-02
5.831476402246238422e-03
-1.913802622615534688e-03
-3.204682439074346689e-03
2.604276782276926383e-03
6.476916330745652317e-03
3.249716703267679918e-03
-6.229228001544129256e-04
1.486763553795711346e-02
2.251711332945660615e-05
-1.417716063665608317e-02
-2.559242531598115988e-03
1.293131569836702965e-02
-5.141002152507567757e-03
-4.495562249532625287e-03
7.767796192251097409e-03
5.186036475249622413e-03
6.679570283143476672e-04
-1.224084098623201555e-02
2.251711332945660615e-05
7.122356260747864098e-03
-5.141002152507567757e-03
-2.559242531598115988e-03
7.122356260747864098e-03
7.122356260747864098e-03
6.679570283143476672e-04
-6.229228001544129256e-04
8.413236125257128606e-03
7.122356260747864098e-03
-6.431881953959717180e-03
2.251711332945660615e-05
1.357675564339366758e-02
-4.495562249532625287e-03
-1.353172075468123126e-02
-5.141002152507567757e-03
9.704115995775808301e-03
2.604276782276926383e-03
-7.722761749409556842e-03
-1.913802622615534688e-03
1.313396944800260258e-03
-9.013641538858863100e-03
-1.224084098623201555e-02
-6.229228001544129256e-04
8.413236125257128606e-03
2.251711332945660615e-05
1.958836862787194377e-03
7.767796192251097409e-03
-3.204682439074346689e-03
-1.288628087120713417e-02
2.251711332945660615e-05
2.325835499919470806e-02
1.357675564339366758e-02
-2.559242531598115988e-03
1.313396944800260258e-03
7.122356260747864098e-03
2.251711332945660615e-05
-7.722761749409556842e-03
4.540596549754027933e-03
1.164043581282214745e-02
-2.559242531598115988e-03
-6.229228001544129256e-04
3.249716703267679918e-03
9.704115995775808301e-03
2.604276782276926383e-03
-1.268362712135484571e-03
1.034955593328845680e-02
1.034955593328845680e-02
-4.495562249532625287e-03
-1.913802622615534688e-03
2.604276782276926383e-03
5.831476402246238422e-03
-6.431881953959717180e-03
-1.913802622615534688e-03
1.164043581282214745e-02
1.228587575484496597e-02
1.313396944800260258e-03
-7.077321852435147775e-03
1.313396944800260258e-03
-5.141002152507567757e-03
-1.159540109975587541e-02
6.476916330745652317e-03
1.486763553795711346e-02
1.958836862787194377e-03
-8.368201644884720736e-03
5.831476402246238422e-03
1.615851543853175087e-02
5.186036475249622413e-03
1.099499587230390318e-02
1.744939534511935619e-02
-1.268362712135484571e-03
-9.013641538858863100e-03
2.251711332945660615e-05
3.895156625757678626e-03
-9.659081431333760293e-03
-6.431881953959717180e-03
1.422219558992310340e-02
1.422219558992310340e-02
1.313396944800260258e-03
-5.141002152507567757e-03
2.604276782276926383e-03
3.249716703267679918e-03
-1.268362712135484571e-03
-6.229228001544129256e-04
9.058676059765957689e-03
6.476916330745652317e-03
2.251711332945660615e-05
1.958836862787194377e-03
7.767796192251097409e-03
6.679570283143476672e-04
-8.368201644884720736e-03
-5.141002152507567757e-03
8.413236125257128606e-03
6.476916330745652317e-03
-4.495562249532625287e-03
2.251711332945660615e-05
7.122356260747864098e-03
-6.229228001544129256e-04
-1.094996121178226645e-02
-4.495562249532625287e-03
9.058676059765957689e-03
-1.268362712135484571e-03
-7.722761749409556842e-03
7.122356260747864098e-03
7.767796192251097409e-03
-6.431881953959717180e-03
-1.869523976850473446e-02
-2.966771735441753322e-02
-6.710322586340389250e-02
-1.116385656535463511e-01
-1.148657639136043684e-01
-1.045387293505246618e-01
-1.245473584707994519e-01
-1.355198318982147043e-01
-1.393924694760464433e-01
-1.393924694760464433e-01
-1.452014257426448296e-01
-1.632737333596843143e-01
-1.555284588089236308e-01
-1.426196674167687917e-01
-1.671463705550966239e-01
-1.826369188040217750e-01
-1.742462052749580437e-01
-1.697281286557643654e-01
-1.845732372752415529e-01
-1.807006003194953081e-01
-1.503649423232200633e-01
-1.303563150446525043e-01
-1.348743922967141629e-01
-1.348743922967141629e-01
-1.245473584707994519e-01
-1.193838414152423866e-01
-1.239019188440551034e-01
-1.219655999549082992e-01
-1.064750483601102360e-01
-1.116385656535463511e-01
-1.251927980960587661e-01
-1.232564792158257205e-01
-1.097022466796637730e-01
-1.122840053085312206e-01
-1.251927980960587661e-01
-1.116385656535463511e-01
-9.743889286743900868e-02
-1.142203242645667416e-01
-1.245473584707994519e-01
-1.148657639136043684e-01
-1.129294449620310559e-01
-1.264836773421187388e-01
-1.213201603222220371e-01
-1.032478500033597868e-01
-1.168020828517981613e-01
-1.426196674167687917e-01
-1.432651070004613558e-01
-1.297108754312752410e-01
-1.264836773421187388e-01
-1.368107110967606843e-01
-1.348743922967141629e-01
-1.264836773421187388e-01
-1.232564792158257205e-01
-1.239019188440551034e-01
-1.058296086917351886e-01
-1.000206516094017672e-01
-1.206747206880489642e-01
-1.200292810523890807e-01
-1.064750483601102360e-01
-1.077659276923945697e-01
-1.226110395861095270e-01
-1.239019188440551034e-01
-1.155112035611551846e-01
-1.245473584707994519e-01
-1.426196674167687917e-01
-1.271291169629193973e-01
-1.116385656535463511e-01
-1.245473584707994519e-01
-1.419742278315911932e-01
-1.322926338758723119e-01
-1.187384017766124344e-01
-1.251927980960587661e-01
-1.264836773421187388e-01
-1.206747206880489642e-01
-1.258382377198294932e-01
-1.368107110967606843e-01
-1.348743922967141629e-01
-1.174475224948885455e-01
-1.109931259970728945e-01
-1.226110395861095270e-01
-1.310017546565429569e-01
-1.187384017766124344e-01
-1.135748846140423041e-01
-1.290654358164147197e-01
-1.335835130892615297e-01
-1.174475224948885455e-01
-1.251927980960587661e-01
-1.419742278315911932e-01
-1.387470298834507787e-01
-1.316471942669501516e-01
-1.329380734833094380e-01
-1.387470298834507787e-01
-1.406833486567862224e-01
-1.316471942669501516e-01
-1.477831840447940692e-01
-1.523012610164737879e-01
-1.432651070004613558e-01
-1.361652714982284351e-01
-1.342289526937303634e-01
-1.368107110967606843e-01
-1.277745565822367979e-01
-1.219655999549082992e-01
-1.297108754312752410e-01
-1.374561506938078992e-01
-1.316471942669501516e-01
-1.271291169629193973e-01
-1.335835130892615297e-01
-1.303563150446525043e-01
-1.206747206880489642e-01
-1.226110395861095270e-01
-1.400379090671570737e-01
-1.432651070004613558e-01
-1.361652714982284351e-01
-1.432651070004613558e-01
-1.587556565643293283e-01
-1.516558214535379534e-01
-1.374561506938078992e-01
-1.413287882449303368e-01
-1.581102170162100862e-01
-1.529467005779281408e-01
-1.387470298834507787e-01
-1.445559861634002630e-01
-1.419742278315911932e-01
-1.290654358164147197e-01
-1.322926338758723119e-01
-1.503649423232200633e-01
-1.548830192533969807e-01
-1.355198318982147043e-01
-1.316471942669501516e-01
-1.426196674167687917e-01
-1.374561506938078992e-01
-1.226110395861095270e-01
-1.316471942669501516e-01
-1.374561506938078992e-01
-1.239019188440551034e-01
-1.464923048966859653e-01
-1.510103818891206373e-01
-1.503649423232200633e-01
-1.548830192533969807e-01
-1.471377444714807581e-01
-1.542375796963906254e-01
-1.542375796963906254e-01
-1.406833486567862224e-01
-1.400379090671570737e-01
-1.419742278315911932e-01
-1.419742278315911932e-01
-1.342289526937303634e-01
-1.355198318982147043e-01
-1.555284588089236308e-01
-1.587556565643293283e-01
-1.426196674167687917e-01
-1.439105465826724384e-01
-1.529467005779281408e-01
-1.484286236166258988e-01
-1.413287882449303368e-01
-1.490740631869726940e-01
-1.587556565643293283e-01
-1.510103818891206373e-01
-1.413287882449303368e-01
-1.413287882449303368e-01
-1.400379090671570737e-01
-1.348743922967141629e-01
-1.348743922967141629e-01
-1.432651070004613558e-01
-1.484286236166258988e-01
-1.419742278315911932e-01
-1.316471942669501516e-01
-1.348743922967141629e-01
-1.355198318982147043e-01
-1.277745565822367979e-01
-1.368107110967606843e-01
-1.348743922967141629e-01
-1.284199962000691642e-01
-1.290654358164147197e-01
-1.342289526937303634e-01
-1.426196674167687917e-01
-1.413287882449303368e-01
-1.322926338758723119e-01
-1.310017546565429569e-01
-1.387470298834507787e-01
-1.393924694760464433e-01
-1.387470298834507787e-01
-1.452014257426448296e-01
-1.471377444714807581e-01
-1.297108754312752410e-01
-1.206747206880489642e-01
-1.381015902893700797e-01
-1.484286236166258988e-01
-1.381015902893700797e-01
-1.400379090671570737e-01
-1.723098867327532702e-01
-1.987729056578668718e-01
-2.116816944765513853e-01
-2.291085584462155822e-01
-2.536352540668573852e-01
-2.684803582798576116e-01
-2.749347511737454397e-01
-2.942979289756930683e-01
-2.859072187567814893e-01
-2.633168438590907101e-01
-2.329811947380875381e-01
-2.058727395811779104e-01
-2.065181790198984402e-01
-2.123271339019954240e-01
-2.052273001409830044e-01
-2.090999367600243630e-01
-2.090999367600243630e-01
-1.961911478232885031e-01
-1.890913136563625585e-01
-1.994183451128197504e-01
-2.039364212561647349e-01
-1.832823582959068887e-01
-1.729553262483012332e-01
-1.800551608216967026e-01
-1.826369188040217750e-01
-1.761825238038490227e-01
-1.774734028157141097e-01
-1.916730715559253895e-01
-1.819914793106587325e-01
-1.619828542827033147e-01
-1.684372496083899051e-01
-1.807006003194953081e-01
-1.677918100824822289e-01
-1.542375796963906254e-01
-1.606919751997963886e-01
-1.703735681772311494e-01
-1.600465356561215913e-01
-1.484286236166258988e-01
-1.581102170162100862e-01
-1.658554914958809690e-01
-1.690826891328178760e-01
-1.529467005779281408e-01
-1.574647774666111388e-01
-1.761825238038490227e-01
-1.594010961109653124e-01
-1.503649423232200633e-01
-1.626282938219336671e-01
-1.723098867327532702e-01
-1.619828542827033147e-01
-1.613374147419897042e-01
-1.852186767626928798e-01
-1.858641162486662779e-01
-1.619828542827033147e-01
-1.658554914958809690e-01
-1.807006003194953081e-01
-1.794097213224201681e-01
-1.606919751997963886e-01
-1.594010961109653124e-01
-1.652100519640526954e-01
-1.626282938219336671e-01
-1.613374147419897042e-01
-1.761825238038490227e-01
-1.755370842956978095e-01
-1.632737333596843143e-01
-1.606919751997963886e-01
-1.677918100824822289e-01
-1.652100519640526954e-01
-1.523012610164737879e-01
-1.439105465826724384e-01
-1.523012610164737879e-01
-1.477831840447940692e-01
-1.329380734833094380e-01
-1.400379090671570737e-01
-1.581102170162100862e-01
-1.464923048966859653e-01
-1.310017546565429569e-01
-1.393924694760464433e-01
-1.452014257426448296e-01
-1.329380734833094380e-01
-1.290654358164147197e-01
-1.381015902893700797e-01
-1.484286236166258988e-01
-1.471377444714807581e-01
-1.439105465826724384e-01
-1.497195027558380076e-01
-1.490740631869726940e-01
-1.393924694760464433e-01
-1.419742278315911932e-01
-1.529467005779281408e-01
-1.510103818891206373e-01
-1.387470298834507787e-01
-1.387470298834507787e-01
-1.548830192533969807e-01
-1.555284588089236308e-01
-1.374561506938078992e-01
-1.419742278315911932e-01
-1.794097213224201681e-01
-2.136180127484603730e-01
-2.174906492524755208e-01
-2.194269674845834572e-01
-2.123271339019954240e-01
-1.974820267435308807e-01
-1.878004346977171224e-01
-1.819914793106587325e-01
-1.852186767626928798e-01
-1.994183451128197504e-01
-2.374992703449638753e-01
-2.671894796834735075e-01
-2.639622831668244629e-01
-2.368538309769672168e-01
-2.181360886646519504e-01
-2.149088915890295937e-01
-2.129725733259650866e-01
-1.949002688971415154e-01
-1.890913136563625585e-01
-1.936093899650845884e-01
-1.878004346977171224e-01
-1.832823582959068887e-01
-1.858641162486662779e-01
-1.910276320832497987e-01
-1.910276320832497987e-01
-1.845732372752415529e-01
-1.910276320832497987e-01
-1.974820267435308807e-01
-1.813460398158159848e-01
-1.652100519640526954e-01
-1.658554914958809690e-01
-1.677918100824822289e-01
-1.613374147419897042e-01
-1.574647774666111388e-01
-1.677918100824822289e-01
-1.813460398158159848e-01
-1.645646124307429403e-01
-1.477831840447940692e-01
-1.690826891328178760e-01
-1.594010961109653124e-01
-1.516558214535379534e-01
-1.581102170162100862e-01
-1.716644472157238255e-01
-1.535921401379010121e-01
-1.290654358164147197e-01
-1.374561506938078992e-01
-1.587556565643293283e-01
-1.490740631869726940e-01
-1.322926338758723119e-01
-1.452014257426448296e-01
-1.632737333596843143e-01
-1.555284588089236308e-01
-1.406833486567862224e-01
-1.452014257426448296e-01
-1.548830192533969807e-01
-1.413287882449303368e-01
-1.258382377198294932e-01
-1.393924694760464433e-01
-1.516558214535379534e-01
-1.452014257426448296e-01
-1.464923048966859653e-01
-1.587556565643293283e-01
-1.665009310262295372e-01
-1.632737333596843143e-01
-1.652100519640526954e-01
-1.690826891328178760e-01
-1.574647774666111388e-01
-1.581102170162100862e-01
-1.690826891328178760e-01
-1.677918100824822289e-01
-1.471377444714807581e-01
-1.226110395861095270e-01
-1.226110395861095270e-01
-1.239019188440551034e-01
-1.077659276923945697e-01
-1.038932896776856296e-01
-1.000206516094017672e-01
-1.000206516094017672e-01
-8.904817679149878984e-02
-7.420306311706426072e-02
-8.775729737285509202e-02
-9.485713410165352855e-02
-8.001202073578106422e-02
-6.903954513231091994e-02
-7.936658100633486868e-02
-8.130290019020058878e-02
-6.774866562119896685e-02
-6.387602705203399012e-02
-7.549394259833164256e-02
-7.678482207363224177e-02
-6.452146681729331590e-02
-6.516690658106050194e-02
-7.033042463745253770e-02
-6.193970774729429252e-02
-5.225811102192778890e-02
-5.935794865339616422e-02
-7.097586438778691331e-02
-7.033042463745253770e-02
-4.967635183837693091e-02
-5.742162931728955755e-02
-7.613938233672712386e-02
-4.903091203875220572e-02
-5.225811102192778890e-02
-7.162130413662737283e-02
-5.419443039389726380e-02
-3.741299538976150529e-02
-4.903091203875220572e-02
-6.839410537750190144e-02
-5.742162931728955755e-02
-3.870387504136374446e-02
-4.257651396025963209e-02
-5.742162931728955755e-02
-4.386739358792191013e-02
-3.224947672348577044e-02
-5.225811102192778890e-02
-6.581234634333554823e-02
-5.225811102192778890e-02
-4.709459263090742809e-02
-4.257651396025963209e-02
-4.515827320960319469e-02
-4.386739358792191013e-02
-3.289491656200915770e-02
-5.032179163650774001e-02
-6.452146681729331590e-02
-4.515827320960319469e-02
-3.612211573217471994e-02
-4.580371301820029828e-02
-4.515827320960319469e-02
-3.483123606859983568e-02
-4.903091203875220572e-02
-5.935794865339616422e-02
-3.547667590113512404e-02
-2.644051810938741198e-02
-3.676755556171507067e-02
-5.032179163650774001e-02
-5.225811102192778890e-02
-3.612211573217471994e-02
-3.612211573217471994e-02
-4.838547223763178806e-02
-3.354035639903685251e-02
-2.514963840089023961e-02
-4.064019450754408069e-02
-4.451283339951039864e-02
-3.095859704194658946e-02
-3.418579623456530214e-02
-4.903091203875220572e-02
-4.838547223763178806e-02
-3.289491656200915770e-02
-2.127699923944170735e-02
-3.354035639903685251e-02
-3.934931486491954900e-02
-3.354035639903685251e-02
-3.999475468697966107e-02
-4.386739358792191013e-02
-3.095859704194658946e-02
-2.708595796138801859e-02
-3.418579623456530214e-02
-4.193107414418406620e-02
-3.870387504136374446e-02
-2.450419854439367384e-02
-3.354035639903685251e-02
-3.289491656200915770e-02
-2.773139781189293274e-02
-2.579507825588756020e-02
-3.354035639903685251e-02
-3.805843521631047111e-02
-2.192243910342916990e-02
-1.934067963848740135e-02
-3.289491656200915770e-02
-3.805843521631047111e-02
-2.063155937395677597e-02
-1.804979989702459875e-02
-3.483123606859983568e-02
-3.870387504136374446e-02
-2.837683766089860171e-02
-2.321331882690813586e-02
-3.289491656200915770e-02
-3.547667590113512404e-02
-2.708595796138801859e-02
-3.741299538976150529e-02
-4.903091203875220572e-02
-3.031315719893079574e-02
-1.740436002404521787e-02
-2.773139781189293274e-02
-3.289491656200915770e-02
-2.063155937395677597e-02
-1.546804039610982784e-02
-2.773139781189293274e-02
-3.483123606859983568e-02
-2.192243910342916990e-02
-1.159540109975587541e-02
-2.579507825588756020e-02
-2.644051810938741198e-02
-1.546804039610982784e-02
-2.773139781189293274e-02
-4.709459263090742809e-02
-3.418579623456530214e-02
-2.127699923944170735e-02
-3.483123606859983568e-02
-3.160403688346491435e-02
-2.450419854439367384e-02
-2.450419854439367384e-02
-2.773139781189293274e-02
-3.224947672348577044e-02
-1.934067963848740135e-02
-1.546804039610982784e-02
-3.805843521631047111e-02
-3.741299538976150529e-02
-2.514963840089023961e-02
-1.224084098623201555e-02
-2.514963840089023961e-02
-3.805843521631047111e-02
-2.514963840089023961e-02
-2.902227750840680187e-02
-4.128563432661103150e-02
-2.708595796138801859e-02
-7.077321852435147775e-03
-1.353172075468123126e-02
-3.934931486491954900e-02
-4.128563432661103150e-02
-1.934067963848740135e-02
-1.094996121178226645e-02
-2.063155937395677597e-02
-2.773139781189293274e-02
-1.804979989702459875e-02
-2.256787896591916365e-02
-3.418579623456530214e-02
-3.031315719893079574e-02
-1.030452132230763596e-02
-2.644051810938741198e-02
-3.289491656200915770e-02
-1.159540109975587541e-02
-2.450419854439367384e-02
-3.354035639903685251e-02
-2.966771735441753322e-02
-2.063155937395677597e-02
-1.546804039610982784e-02
-3.418579623456530214e-02
-2.644051810938741198e-02
-1.417716063665608317e-02
-2.773139781189293274e-02
-3.483123606859983568e-02
-2.450419854439367384e-02
-9.659081431333760293e-03
-1.288628087120713417e-02
-3.289491656200915770e-02
-2.450419854439367384e-02
-1.869523976850473446e-02
-2.063155937395677597e-02
-1.998611950697082307e-02
-1.353172075468123126e-02
-9.659081431333760293e-03
-2.450419854439367384e-02
-3.547667590113512404e-02
-1.611348027358694424e-02
-1.740436002404521787e-02
-3.224947672348577044e-02
-2.579507825588756020e-02
-1.417716063665608317e-02
-1.546804039610982784e-02
-2.902227750840680187e-02
-2.321331882690813586e-02
-2.063155937395677597e-02
-3.741299538976150529e-02
-3.805843521631047111e-02
-1.869523976850473446e-02
-5.141002152507567757e-03
-2.321331882690813586e-02
-3.354035639903685251e-02
-1.804979989702459875e-02
-7.077321852435147775e-03
-2.321331882690813586e-02
-2.644051810938741198e-02
-2.063155937395677597e-02
-2.450419854439367384e-02
-3.224947672348577044e-02
-2.385875868639963926e-02
-8.368201644884720736e-03
-1.934067963848740135e-02
-2.837683766089860171e-02
-2.063155937395677597e-02
-8.368201644884720736e-03
-1.353172075468123126e-02
-3.418579623456530214e-02
-2.385875868639963926e-02
-1.611348027358694424e-02
-2.063155937395677597e-02
-2.708595796138801859e-02
-1.611348027358694424e-02
-1.094996121178226645e-02
-1.804979989702459875e-02
-1.804979989702459875e-02
-1.159540109975587541e-02
-7.077321852435147775e-03
-1.804979989702459875e-02
-2.837683766089860171e-02
-1.804979989702459875e-02
-1.353172075468123126e-02
-1.934067963848740135e-02
-2.127699923944170735e-02
-1.611348027358694424e-02
-2.321331882690813586e-02
-2.902227750840680187e-02
-1.934067963848740135e-02
-1.740436002404521787e-02
-2.644051810938741198e-02
-2.773139781189293274e-02
-1.675892014956481546e-02
-7.077321852435147775e-03
-1.675892014956481546e-02
-2.966771735441753322e-02
-2.321331882690813586e-02
-1.869523976850473446e-02
-1.934067963848740135e-02
-1.353172075468123126e-02
-7.722761749409556842e-03
-1.417716063665608317e-02
-2.773139781189293274e-02
-2.192243910342916990e-02
-5.786442053985041412e-03
-1.224084098623201555e-02
-1.804979989702459875e-02
-1.482260051713168991e-02
-1.740436002404521787e-02
-2.450419854439367384e-02
-3.160403688346491435e-02
-2.256787896591916365e-02
-1.224084098623201555e-02
-2.192243910342916990e-02
-2.192243910342916990e-02
-1.224084098623201555e-02
-1.546804039610982784e-02
-2.256787896591916365e-02
-2.837683766089860171e-02
-2.385875868639963926e-02
-1.740436002404521787e-02
-1.804979989702459875e-02
-1.546804039610982784e-02
-1.159540109975587541e-02
-1.740436002404521787e-02
-3.224947672348577044e-02
-5.141002152507567757e-03
1.099499587230390318e-02
-2.192243910342916990e-02
-2.063155937395677597e-02
-1.675892014956481546e-02
-2.514963840089023961e-02
-2.385875868639963926e-02
-2.256787896591916365e-02
-9.013641538858863100e-03
-5.786442053985041412e-03
-2.192243910342916990e-02
-1.094996121178226645e-02
6.679570283143476672e-04
-5.786442053985041412e-03
-2.773139781189293274e-02
-3.160403688346491435e-02
-1.094996121178226645e-02
-1.288628087120713417e-02
-2.192243910342916990e-02
-1.482260051713168991e-02
-1.417716063665608317e-02
-2.579507825588756020e-02
-3.031315719893079574e-02
-1.804979989702459875e-02
-6.431881953959717180e-03
-1.740436002404521787e-02
-2.773139781189293274e-02
-1.482260051713168991e-02
-8.368201644884720736e-03
-1.804979989702459875e-02
-2.127699923944170735e-02
-1.546804039610982784e-02
-1.224084098623201555e-02
-1.869523976850473446e-02
-1.159540109975587541e-02
3.895156625757678626e-03
-1.353172075468123126e-02
-2.579507825588756020e-02
-2.063155937395677597e-02
-1.288628087120713417e-02
-1.417716063665608317e-02
-1.675892014956481546e-02
-7.722761749409556842e-03
-9.659081431333760293e-03
-2.192243910342916990e-02
-2.321331882690813586e-02
-9.013641538858863100e-03
-4.495562249532625287e-03
-1.998611950697082307e-02
-2.321331882690813586e-02
-1.804979989702459875e-02
-1.546804039610982784e-02
-1.353172075468123126e-02
-1.417716063665608317e-02
-8.368201644884720736e-03
-1.546804039610982784e-02
-2.644051810938741198e-02
