-1.310949208191303228e-02
3.026518212385198581e-03
7.544601265969674841e-03
-3.427886019929715644e-03
-4.073326434754775960e-03
3.671958644025252738e-03
-2.006839228769763395e-04
-5.364207259821895946e-03
-1.491564766283204335e-03
7.544601265969674841e-03
-3.427886019929715644e-03
-2.085477668413204810e-02
-7.300528485965074310e-03
8.190041708314055313e-03
-6.655088078778348404e-03
-1.698213441049745143e-02
-2.137005185694818010e-03
4.317399077192973778e-03
-9.236849698359250738e-03
-1.246405168847175560e-02
1.090196926641695541e-03
4.962839511890138056e-03
-2.137005185694818010e-03
-4.073326434754775960e-03
4.317399077192973778e-03
-2.006839228769763395e-04
-7.945968891624133335e-03
-1.246405168847175560e-02
-5.364207259821895946e-03
-2.782445603576988447e-03
-1.440037286421436136e-02
-1.246405168847175560e-02
-2.137005185694818010e-03
-4.718766848053945751e-03
-3.427886019929715644e-03
1.141724394297582990e-02
2.045341040354919926e-02
-8.461243453457001351e-04
-1.310949208191303228e-02
2.381077782274587662e-03
9.480922597589369616e-03
-1.117317089700797794e-02
-6.009647670063955616e-03
2.381077782274587662e-03
4.962839511890138056e-03
-1.310949208191303228e-02
-3.427886019929715644e-03
1.399900575824553073e-02
6.899160825156513965e-03
-9.882290099437085473e-03
-8.461243453457001351e-04
8.190041708314055313e-03
-5.364207259821895946e-03
-9.236849698359250738e-03
-2.006839228769763395e-04
1.735637353693419982e-03
-6.009647670063955616e-03
-7.300528485965074310e-03
-4.073326434754775960e-03
6.253720385871019971e-03
8.190041708314055313e-03
-2.006839228769763395e-04
5.608279948116745572e-03
1.335356530213438475e-02
1.735637353693419982e-03
-5.364207259821895946e-03
1.012636304452207980e-02
1.270812484755090566e-02
-6.655088078778348404e-03
-8.591409295755525477e-03
3.026518212385198581e-03
-8.461243453457001351e-04
-1.569125364040857562e-02
-4.718766848053945751e-03
1.141724394297582990e-02
-7.300528485965074310e-03
-1.956389593235741131e-02
-5.364207259821895946e-03
1.090196926641695541e-03
-7.945968891624133335e-03
-1.052773049898725333e-02
4.317399077192973778e-03
9.480922597589369616e-03
-2.006839228769763395e-04
1.735637353693419982e-03
8.835482152187879024e-03
4.962839511890138056e-03
-4.718766848053945751e-03
2.381077782274587662e-03
1.335356530213438475e-02
3.671958644025252738e-03
-1.117317089700797794e-02
-1.117317089700797794e-02
4.447565011176379812e-04
1.735637353693419982e-03
-4.718766848053945751e-03
9.480922597589369616e-03
1.399900575824553073e-02
-4.718766848053945751e-03
-8.591409295755525477e-03
1.077180349298423323e-02
8.190041708314055313e-03
-7.945968891624133335e-03
-1.117317089700797794e-02
5.608279948116745572e-03
7.544601265969674841e-03
-2.782445603576988447e-03
-3.427886019929715644e-03
1.206268439450042251e-02
1.528988667506325783e-02
-2.782445603576988447e-03
7.544601265969674841e-03
1.077180349298423323e-02
-2.137005185694818010e-03
-1.310949208191303228e-02
4.447565011176379812e-04
1.270812484755090566e-02
-5.364207259821895946e-03
-1.181861129350281203e-02
1.012636304452207980e-02
1.658076759799875788e-02
-1.491564766283204335e-03
-1.491564766283204335e-03
9.480922597589369616e-03
3.671958644025252738e-03
-4.073326434754775960e-03
-2.006839228769763395e-04
7.544601265969674841e-03
1.090196926641695541e-03
-5.364207259821895946e-03
1.077180349298423323e-02
9.480922597589369616e-03
-5.364207259821895946e-03
-4.073326434754775960e-03
4.962839511890138056e-03
3.026518212385198581e-03
-7.300528485965074310e-03
-2.137005185694818010e-03
8.835482152187879024e-03
4.317399077192973778e-03
-9.236849698359250738e-03
-2.137005185694818010e-03
1.206268439450042251e-02
-1.491564766283204335e-03
-1.375493247382664208e-02
4.447565011176379812e-04
1.270812484755090566e-02
4.317399077192973778e-03
-1.181861129350281203e-02
-9.882290099437085473e-03
-8.461243453457001351e-04
-3.427886019929715644e-03
4.447565011176379812e-04
9.480922597589369616e-03
6.899160825156513965e-03
-5.364207259821895946e-03
-5.364207259821895946e-03
2.381077782274587662e-03
-2.006839228769763395e-04
-8.591409295755525477e-03
-7.945968891624133335e-03
-2.782445603576988447e-03
3.671958644025252738e-03
-7.300528485965074310e-03
3.026518212385198581e-03
2.238973182699233178e-02
4.962839511890138056e-03
-1.504581325307441375e-02
2.381077782274587662e-03
1.141724394297582990e-02
-1.491564766283204335e-03
4.962839511890138056e-03
1.206268439450042251e-02
8.835482152187879024e-03
-1.491564766283204335e-03
-9.882290099437085473e-03
5.608279948116745572e-03
-2.006839228769763395e-04
-6.655088078778348404e-03
8.835482152187879024e-03
1.851708899388526675e-02
3.671958644025252738e-03
1.735637353693419982e-03
1.077180349298423323e-02
7.544601265969674841e-03
-6.655088078778348404e-03
-7.945968891624133335e-03
3.671958644025252738e-03
1.141724394297582990e-02
-1.491564766283204335e-03
-5.364207259821895946e-03
-1.491564766283204335e-03
1.090196926641695541e-03
-7.945968891624133335e-03
-1.375493247382664208e-02
8.190041708314055313e-03
8.190041708314055313e-03
-7.945968891624133335e-03
6.253720385871019971e-03
1.012636304452207980e-02
-3.427886019929715644e-03
-5.364207259821895946e-03
6.253720385871019971e-03
3.671958644025252738e-03
-1.569125364040857562e-02
-1.052773049898725333e-02
1.270812484755090566e-02
6.253720385871019971e-03
-1.181861129350281203e-02
-2.006839228769763395e-04
1.012636304452207980e-02
-6.009647670063955616e-03
-8.461243453457001351e-04
1.141724394297582990e-02
4.447565011176379812e-04
-7.300528485965074310e-03
-6.655088078778348404e-03
4.317399077192973778e-03
8.190041708314055313e-03
-2.137005185694818010e-03
-2.137005185694818010e-03
8.835482152187879024e-03
6.253720385871019971e-03
-6.009647670063955616e-03
-1.181861129350281203e-02
-2.006839228769763395e-04
3.671958644025252738e-03
-9.882290099437085473e-03
-7.300528485965074310e-03
-2.137005185694818010e-03
-2.782445603576988447e-03
-4.718766848053945751e-03
4.447565011176379812e-04
3.671958644025252738e-03
-1.633669402621507061e-02
-1.052773049898725333e-02
1.077180349298423323e-02
6.899160825156513965e-03
-9.236849698359250738e-03
-1.491564766283204335e-03
4.962839511890138056e-03
-3.427886019929715644e-03
-4.718766848053945751e-03
-8.461243453457001351e-04
1.735637353693419982e-03
-2.782445603576988447e-03
-1.117317089700797794e-02
-4.718766848053945751e-03
5.608279948116745572e-03
-1.491564766283204335e-03
-7.945968891624133335e-03
4.962839511890138056e-03
6.899160825156513965e-03
-4.718766848053945751e-03
-1.310949208191303228e-02
4.317399077192973778e-03
1.270812484755090566e-02
-7.945968891624133335e-03
-6.009647670063955616e-03
7.544601265969674841e-03
6.253720385871019971e-03
-7.945968891624133335e-03
-1.117317089700797794e-02
8.190041708314055313e-03
1.141724394297582990e-02
-2.006839228769763395e-04
3.026518212385198581e-03
9.480922597589369616e-03
-8.591409295755525477e-03
-1.310949208191303228e-02
8.190041708314055313e-03
9.480922597589369616e-03
1.735637353693419982e-03
1.735637353693419982e-03
6.899160825156513965e-03
-2.006839228769763395e-04
-1.181861129350281203e-02
-8.461243453457001351e-04
7.544601265969674841e-03
8.835482152187879024e-03
-6.655088078778348404e-03
-1.117317089700797794e-02
-7.300528485965074310e-03
-2.795462070980470060e-02
-4.150886788286811679e-02
-2.472741890283458588e-02
-3.053638212793075013e-02
-4.279974853096923937e-02
-3.053638212793075013e-02
-1.052773049898725333e-02
-2.782445603576988447e-03
-7.945968891624133335e-03
4.447565011176379812e-04
6.253720385871019971e-03
-7.945968891624133335e-03
-2.020933630900856315e-02
-1.052773049898725333e-02
-8.591409295755525477e-03
-2.860006106662282832e-02
-4.796327106245534821e-02
-4.731783075134998739e-02
-8.088072491183417867e-02
-1.125072944979930156e-01
-1.189616960072967800e-01
-1.196071361499004837e-01
-1.383248996273866993e-01
-1.596244220387337265e-01
-1.531700214816318351e-01
-1.512337012850721862e-01
-1.634970623005855828e-01
-1.757604227717166623e-01
-1.757604227717166623e-01
-1.693060225915772321e-01
-1.764058627814435454e-01
-1.783421828015878674e-01
-1.783421828015878674e-01
-1.893146626597577153e-01
-2.035143418307381324e-01
-2.080324214143658423e-01
-2.054506616613096526e-01
-2.015780219866378786e-01
-2.086778613488746714e-01
-2.093233012818807026e-01
-1.964145023362302567e-01
-2.015780219866378786e-01
-2.086778613488746714e-01
-1.918964225631718534e-01
-1.989962621734626680e-01
-2.125505009243777721e-01
-2.138413807708641201e-01
-2.099687412133839359e-01
-2.177140202742862130e-01
-2.390135365775609699e-01
-2.377226568480885760e-01
-2.228775395281168414e-01
-2.261047390129906631e-01
-2.403044163010399359e-01
-2.338500176236966155e-01
-2.215866597236644253e-01
-2.235229794280915172e-01
-2.267501789054655603e-01
-2.222320996266393678e-01
-2.190049000967473347e-01
-2.357863372426365345e-01
-2.403044163010399359e-01
-2.325591378702416279e-01
-2.261047390129906631e-01
-2.299773783453389342e-01
-2.306228182288130313e-01
-2.332045777477187443e-01
-2.403044163010399359e-01
-2.454679351350304017e-01
-2.474042546730625958e-01
-2.422407358750220396e-01
-2.396589764400509637e-01
-2.512768937086971022e-01
-2.480496945160783895e-01
-2.403044163010399359e-01
-2.525677733752669241e-01
-2.687037687024140808e-01
-2.570858521611114611e-01
-2.454679351350304017e-01
-2.512768937086971022e-01
-2.532132132063065200e-01
-2.435316155835192120e-01
-2.338500176236966155e-01
-2.441770554355198186e-01
-2.538586530358468707e-01
-2.461133749825386019e-01
-2.486951343575967144e-01
-2.725764074418695060e-01
-2.745127267914213576e-01
-2.525677733752669241e-01
-2.403044163010399359e-01
-2.390135365775609699e-01
-2.215866597236644253e-01
-2.048052217192868341e-01
-2.041597817757647704e-01
-2.067415415408433432e-01
-1.983508222164100943e-01
-1.828602627958790805e-01
-1.828602627958790805e-01
-1.789876228052893481e-01
-1.628516222607139241e-01
-1.609153021320501864e-01
-1.705969026396605415e-01
-1.718877826817166721e-01
-1.647879423758045192e-01
-1.628516222607139241e-01
-1.673697025081484213e-01
-1.634970623005855828e-01
-1.647879423758045192e-01
-1.693060225915772321e-01
-1.641425023389491145e-01
-1.693060225915772321e-01
-1.673697025081484213e-01
-1.589789819898133061e-01
-1.634970623005855828e-01
-1.641425023389491145e-01
-1.570426618339979541e-01
-1.609153021320501864e-01
-1.576881018874463081e-01
-1.415521000984494293e-01
-1.486519410018605214e-01
-1.557517817225786416e-01
-1.499428211464852723e-01
-1.492973810749287367e-01
-1.557517817225786416e-01
-1.589789819898133061e-01
-1.531700214816318351e-01
-1.499428211464852723e-01
-1.557517817225786416e-01
-1.486519410018605214e-01
-1.370340194283823365e-01
-1.409066600072588216e-01
-1.563972217790432495e-01
-1.505882612165336809e-01
-1.370340194283823365e-01
-1.499428211464852723e-01
-1.634970623005855828e-01
-1.486519410018605214e-01
-1.473610608511943809e-01
-1.609153021320501864e-01
-1.492973810749287367e-01
-1.325159386842607034e-01
-1.331613787950995942e-01
-1.396157798203443434e-01
-1.402612199145583105e-01
-1.376794595286394696e-01
-1.454247406138744481e-01
-1.563972217790432495e-01
-1.402612199145583105e-01
-1.286432979874820859e-01
-1.434884203629600563e-01
-1.557517817225786416e-01
-1.480065009272824028e-01
-1.402612199145583105e-01
-1.415521000984494293e-01
-1.486519410018605214e-01
-1.376794595286394696e-01
-1.247706572362563548e-01
-1.286432979874820859e-01
-1.370340194283823365e-01
-1.383248996273866993e-01
-1.338068189044250289e-01
-1.376794595286394696e-01
-1.383248996273866993e-01
-1.325159386842607034e-01
-1.363885793266153001e-01
-1.447793005317468129e-01
-1.428429802763009349e-01
-1.286432979874820859e-01
-1.325159386842607034e-01
-1.434884203629600563e-01
-1.299341782257901201e-01
-1.286432979874820859e-01
-1.357431392233348078e-01
-1.376794595286394696e-01
-1.344522590122405603e-01
-1.312250584580496593e-01
-1.512337012850721862e-01
-1.551063416646041304e-01
-1.325159386842607034e-01
-1.357431392233348078e-01
-1.447793005317468129e-01
-1.409066600072588216e-01
-1.409066600072588216e-01
-1.596244220387337265e-01
-1.776967427963800361e-01
-1.867329027322668367e-01
-2.080324214143658423e-01
-2.293319384603638156e-01
-2.403044163010399359e-01
-2.422407358750220396e-01
-2.654765697117635881e-01
-2.919396003325758215e-01
-2.764490461275279642e-01
-2.538586530358468707e-01
-2.325591378702416279e-01
-2.202957799132061467e-01
-2.125505009243777721e-01
-1.906055426144739329e-01
-1.796330628074844782e-01
-1.783421828015878674e-01
-1.705969026396605415e-01
-1.802785028081750340e-01
-1.757604227717166623e-01
-1.570426618339979541e-01
-1.693060225915772321e-01
-1.596244220387337265e-01
-1.602698620861460199e-01
-1.641425023389491145e-01
-1.647879423758045192e-01
-1.738241027334979094e-01
-1.705969026396605415e-01
-1.602698620861460199e-01
-1.589789819898133061e-01
-1.667242624773237480e-01
-1.693060225915772321e-01
-1.647879423758045192e-01
-1.660788224449909478e-01
-1.744695427477420679e-01
-1.712423426614417821e-01
-1.486519410018605214e-01
-1.441338604481074981e-01
-1.647879423758045192e-01
-1.531700214816318351e-01
-1.447793005317468129e-01
-1.531700214816318351e-01
-1.583335419393847587e-01
-1.480065009272824028e-01
-1.415521000984494293e-01
-1.480065009272824028e-01
-1.647879423758045192e-01
-1.563972217790432495e-01
-1.480065009272824028e-01
-1.486519410018605214e-01
-1.486519410018605214e-01
-1.473610608511943809e-01
-1.525245814176194870e-01
-1.634970623005855828e-01
-1.628516222607139241e-01
-1.492973810749287367e-01
-1.505882612165336809e-01
-1.705969026396605415e-01
-1.757604227717166623e-01
-1.686605825652769397e-01
-1.841511427806956647e-01
-1.931873025058532534e-01
-1.764058627814435454e-01
-1.731786627177438476e-01
-1.757604227717166623e-01
-1.738241027334979094e-01
-1.641425023389491145e-01
-1.615607421764462259e-01
-1.693060225915772321e-01
-1.705969026396605415e-01
-1.718877826817166721e-01
-1.822148228012103743e-01
-1.828602627958790805e-01
-1.751149827604834286e-01
-1.551063416646041304e-01
-1.628516222607139241e-01
-1.654333824111517970e-01
-1.428429802763009349e-01
-1.434884203629600563e-01
-1.589789819898133061e-01
-1.538154615441325035e-01
-1.505882612165336809e-01
-1.557517817225786416e-01
-1.609153021320501864e-01
-1.712423426614417821e-01
-1.751149827604834286e-01
-1.699514626163729503e-01
-1.731786627177438476e-01
-1.693060225915772321e-01
-1.557517817225786416e-01
-1.602698620861460199e-01
-1.693060225915772321e-01
-1.699514626163729503e-01
-1.602698620861460199e-01
-1.589789819898133061e-01
-1.589789819898133061e-01
-1.499428211464852723e-01
-1.492973810749287367e-01
-1.596244220387337265e-01
-1.628516222607139241e-01
-1.531700214816318351e-01
-1.480065009272824028e-01
-1.505882612165336809e-01
-1.415521000984494293e-01
-1.363885793266153001e-01
-1.525245814176194870e-01
-1.583335419393847587e-01
-1.499428211464852723e-01
-1.473610608511943809e-01
-1.505882612165336809e-01
-1.512337012850721862e-01
-1.622061822193359149e-01
-2.002871420830576454e-01
-2.325591378702416279e-01
-2.319136979912634899e-01
-2.138413807708641201e-01
-1.989962621734626680e-01
-1.964145023362302567e-01
-1.964145023362302567e-01
-1.925418625352648405e-01
-2.060961016018278968e-01
-2.151322606113446056e-01
-2.157777005293315398e-01
-2.209412198191849086e-01
-2.261047390129906631e-01
-2.151322606113446056e-01
-2.073869814783559917e-01
-1.996417021290124438e-01
-1.970599422977947768e-01
-1.828602627958790805e-01
-1.764058627814435454e-01
-1.906055426144739329e-01
-1.951236224085910465e-01
-1.822148228012103743e-01
-1.705969026396605415e-01
-1.757604227717166623e-01
-1.731786627177438476e-01
-1.609153021320501864e-01
-1.673697025081484213e-01
-1.860874627466326814e-01
-1.764058627814435454e-01
-1.622061822193359149e-01
-1.647879423758045192e-01
-1.667242624773237480e-01
-1.602698620861460199e-01
-1.641425023389491145e-01
-1.551063416646041304e-01
-1.647879423758045192e-01
-1.557517817225786416e-01
-1.467156207735982321e-01
-1.660788224449909478e-01
-1.693060225915772321e-01
-1.538154615441325035e-01
-1.583335419393847587e-01
-1.647879423758045192e-01
-1.544609016051232686e-01
-1.473610608511943809e-01
-1.531700214816318351e-01
-1.634970623005855828e-01
-1.667242624773237480e-01
-1.615607421764462259e-01
-1.776967427963800361e-01
-1.796330628074844782e-01
-1.673697025081484213e-01
-1.693060225915772321e-01
-1.731786627177438476e-01
-1.673697025081484213e-01
-1.589789819898133061e-01
-1.660788224449909478e-01
-1.783421828015878674e-01
-1.699514626163729503e-01
-1.557517817225786416e-01
-1.570426618339979541e-01
-1.776967427963800361e-01
-1.809239428073592393e-01
-1.531700214816318351e-01
-1.538154615441325035e-01
-1.609153021320501864e-01
-1.421975401881301337e-01
-1.421975401881301337e-01
-1.570426618339979541e-01
-1.415521000984494293e-01
-1.170253755704013798e-01
-1.079892133513791208e-01
-1.086346535197257879e-01
-1.015348115845799981e-01
-9.314408906112525699e-02
-9.830761064434589969e-02
-1.021802517680807654e-01
-8.991688802231756483e-02
-8.023528467827212296e-02
-8.733512716396241160e-02
-8.346248583090343232e-02
-7.184456150375417849e-02
-6.732647968804528205e-02
-7.571720300081530297e-02
-7.765352372883782550e-02
-6.345383807244076024e-02
-6.280839779785374333e-02
-7.958984444319128215e-02
-8.152616514387922564e-02
-7.119912124892735505e-02
-7.055368099257819381e-02
-7.313544200885147006e-02
-5.764487554639430300e-02
-4.989959198663918016e-02
-5.829031583314936427e-02
-5.958119640209780243e-02
-5.829031583314936427e-02
-5.893575611838386408e-02
-6.539015888708377133e-02
-6.345383807244076024e-02
-6.151751724411269606e-02
-5.248135319757274431e-02
-6.474471861705666242e-02
-6.861736021441799949e-02
-5.377223379390727587e-02
-6.022663668429117934e-02
-6.151751724411269606e-02
-4.602695012456869961e-02
-4.731783075134998739e-02
-5.312679349650117899e-02
-5.506311438415600890e-02
-4.925415168010083278e-02
-5.119047259515063786e-02
-6.151751724411269606e-02
-5.635399496831894339e-02
-4.796327106245534821e-02
-5.248135319757274431e-02
-5.312679349650117899e-02
-3.892710656838538341e-02
-3.247270317551453900e-02
-4.667239043872051241e-02
-5.570855467699864505e-02
-4.215430820768162334e-02
-3.763622590200377260e-02
-5.248135319757274431e-02
-5.506311438415600890e-02
-4.796327106245534821e-02
-4.215430820768162334e-02
-4.538150980889632535e-02
-5.183591289712197181e-02
-4.796327106245534821e-02
-4.667239043872051241e-02
-4.925415168010083278e-02
-4.021798722867409026e-02
-2.989094177568496491e-02
-3.699078556652679595e-02
-3.763622590200377260e-02
-2.860006106662282832e-02
-2.537285926727861352e-02
-3.505446455095118097e-02
-4.279974853096923937e-02
-3.247270317551453900e-02
-2.472741890283458588e-02
-4.086342755653404879e-02
-4.925415168010083278e-02
-3.634534522952570512e-02
-2.214565742980312280e-02
-3.569990489100050013e-02
-3.505446455095118097e-02
-3.247270317551453900e-02
-4.409062917297745798e-02
-5.248135319757274431e-02
-3.376358386628197650e-02
-1.956389593235741131e-02
-3.311814352166031483e-02
-3.505446455095118097e-02
-4.086342755653404879e-02
-4.150886788286811679e-02
-3.892710656838538341e-02
-3.505446455095118097e-02
-2.472741890283458588e-02
-2.343653816937063539e-02
-5.248135319757274431e-02
-4.409062917297745798e-02
-2.666373999159254993e-02
-3.311814352166031483e-02
-4.086342755653404879e-02
-4.473606949169806057e-02
-2.860006106662282832e-02
-3.376358386628197650e-02
-3.892710656838538341e-02
-2.085477668413204810e-02
-2.601829963019852698e-02
-4.796327106245534821e-02
-4.473606949169806057e-02
-2.085477668413204810e-02
-2.214565742980312280e-02
-3.634534522952570512e-02
-3.440902420937952400e-02
-2.279109780034893618e-02
-3.440902420937952400e-02
-4.473606949169806057e-02
-3.247270317551453900e-02
-2.214565742980312280e-02
-1.891845555418214531e-02
-2.601829963019852698e-02
-2.214565742980312280e-02
-2.085477668413204810e-02
-3.634534522952570512e-02
-3.634534522952570512e-02
-2.408197853686644407e-02
-2.537285926727861352e-02
-3.699078556652679595e-02
-3.569990489100050013e-02
-1.698213441049745143e-02
-2.020933630900856315e-02
-3.569990489100050013e-02
-2.795462070980470060e-02
-2.408197853686644407e-02
-2.408197853686644407e-02
-2.020933630900856315e-02
-1.891845555418214531e-02
-2.472741890283458588e-02
-3.376358386628197650e-02
-2.537285926727861352e-02
-9.882290099437085473e-03
-2.601829963019852698e-02
-3.892710656838538341e-02
-2.408197853686644407e-02
-1.698213441049745143e-02
-2.085477668413204810e-02
-2.860006106662282832e-02
-2.343653816937063539e-02
-2.150021705772964253e-02
-3.118182247864886847e-02
-2.924550142191684188e-02
-1.891845555418214531e-02
-2.150021705772964253e-02
-1.956389593235741131e-02
-2.214565742980312280e-02
-1.117317089700797794e-02
-8.591409295755525477e-03
-2.537285926727861352e-02
-2.214565742980312280e-02
-1.956389593235741131e-02
-2.150021705772964253e-02
-2.343653816937063539e-02
-2.150021705772964253e-02
-9.236849698359250738e-03
-1.956389593235741131e-02
-2.343653816937063539e-02
-1.246405168847175560e-02
-1.181861129350281203e-02
-2.085477668413204810e-02
-2.150021705772964253e-02
-2.085477668413204810e-02
-2.472741890283458588e-02
-3.053638212793075013e-02
-2.601829963019852698e-02
-1.569125364040857562e-02
-2.214565742980312280e-02
-2.472741890283458588e-02
-1.052773049898725333e-02
-1.440037286421436136e-02
-3.182726282784464900e-02
-3.311814352166031483e-02
-1.246405168847175560e-02
-4.718766848053945751e-03
-1.827301517447921242e-02
-2.150021705772964253e-02
-1.762757479325216536e-02
-1.891845555418214531e-02
-2.537285926727861352e-02
-2.601829963019852698e-02
-2.085477668413204810e-02
-2.795462070980470060e-02
-2.730918035146068235e-02
-1.762757479325216536e-02
-1.956389593235741131e-02
-2.924550142191684188e-02
-2.666373999159254993e-02
-1.827301517447921242e-02
-1.310949208191303228e-02
-2.537285926727861352e-02
-2.150021705772964253e-02
-9.236849698359250738e-03
-1.891845555418214531e-02
-2.343653816937063539e-02
-1.181861129350281203e-02
-1.440037286421436136e-02
-3.182726282784464900e-02
-3.440902420937952400e-02
-1.891845555418214531e-02
-1.569125364040857562e-02
-2.150021705772964253e-02
-1.698213441049745143e-02
-3.427886019929715644e-03
-1.246405168847175560e-02
-7.945968891624133335e-03
-1.633669402621507061e-02
-1.956389593235741131e-02
-1.117317089700797794e-02
-2.214565742980312280e-02
-1.440037286421436136e-02
-5.364207259821895946e-03
-1.569125364040857562e-02
-2.408197853686644407e-02
-1.633669402621507061e-02
-1.375493247382664208e-02
-2.343653816937063539e-02
-2.472741890283458588e-02
-1.246405168847175560e-02
-2.020933630900856315e-02
-2.214565742980312280e-02
-1.375493247382664208e-02
-1.246405168847175560e-02
-1.762757479325216536e-02
-2.408197853686644407e-02
-1.440037286421436136e-02
-7.945968891624133335e-03
-2.472741890283458588e-02
-2.150021705772964253e-02
-9.236849698359250738e-03
-6.009647670063955616e-03
-8.591409295755525477e-03
-1.762757479325216536e-02
-1.956389593235741131e-02
-1.827301517447921242e-02
-2.472741890283458588e-02
-2.020933630900856315e-02
-1.117317089700797794e-02
-1.117317089700797794e-02
-1.827301517447921242e-02
-4.073326434754775960e-03
3.026518212385198581e-03
-9.882290099437085473e-03
-1.569125364040857562e-02
-9.236849698359250738e-03
-1.246405168847175560e-02
-2.601829963019852698e-02
-2.795462070980470060e-02
-1.891845555418214531e-02
-1.117317089700797794e-02
-1.117317089700797794e-02
-1.375493247382664208e-02
-1.310949208191303228e-02
-2.343653816937063539e-02
-3.053638212793075013e-02
-1.956389593235741131e-02
-1.698213441049745143e-02
-2.085477668413204810e-02
-1.375493247382664208e-02
-2.782445603576988447e-03
-6.655088078778348404e-03
-2.537285926727861352e-02
-3.311814352166031483e-02
-1.569125364040857562e-02
-1.956389593235741131e-02
-3.699078556652679595e-02
-2.408197853686644407e-02
-7.300528485965074310e-03
-7.945968891624133335e-03
-2.666373999159254993e-02
-7.945968891624133335e-03
1.399900575824553073e-02
-1.762757479325216536e-02
-1.891845555418214531e-02
-1.246405168847175560e-02
-1.117317089700797794e-02
-2.537285926727861352e-02
-2.472741890283458588e-02
-5.364207259821895946e-03
-9.882290099437085473e-03
-2.279109780034893618e-02
-9.882290099437085473e-03
-2.137005185694818010e-03
-1.310949208191303228e-02
-1.891845555418214531e-02
-1.117317089700797794e-02
-6.655088078778348404e-03
-1.310949208191303228e-02
-1.569125364040857562e-02
-8.591409295755525477e-03
-1.440037286421436136e-02
-1.891845555418214531e-02
-1.117317089700797794e-02
-3.427886019929715644e-03
-1.569125364040857562e-02
-3.182726282784464900e-02
-1.956389593235741131e-02
-7.300528485965074310e-03
-1.246405168847175560e-02
-1.891845555418214531e-02
-1.181861129350281203e-02
-4.718766848053945751e-03
-1.569125364040857562e-02
-2.085477668413204810e-02
-1.440037286421436136e-02
-1.956389593235741131e-02
-3.182726282784464900e-02
-2.408197853686644407e-02
-9.882290099437085473e-03
-7.300528485965074310e-03
-6.009647670063955616e-03
-8.461243453457001351e-04
5.608279948116745572e-03
-9.882290099437085473e-03
-2.085477668413204810e-02
-8.461243453457001351e-04
4.447565011176379812e-04
-1.569125364040857562e-02
-1.440037286421436136e-02
-4.073326434754775960e-03
