-3.670195665961273335e-03
-1.077004036354622940e-02
5.365970580394119338e-03
9.238613349207724923e-03
-6.251957395576823728e-03
-5.606516965466212810e-03
1.117493475427977501e-02
3.429649216649011123e-03
-6.897397824157991408e-03
-3.670195665961273335e-03
6.656851497211846436e-03
4.075089669699494266e-03
-9.479159523197111525e-03
-1.077004036354622940e-02
-4.961076533826158652e-03
-7.542838251209715850e-03
-9.479159523197111525e-03
-4.429934695373560771e-04
6.011411038036484911e-03
-6.897397824157991408e-03
-8.188278676733773409e-03
8.593172883912814086e-03
6.656851497211846436e-03
-1.206092119778112703e-02
8.593172883912814086e-03
1.375669664914092039e-02
-1.270636161260618735e-02
-1.012459994413461573e-02
4.720530124282973361e-03
7.947732420147346488e-03
-6.251957395576823728e-03
-1.077004036354622940e-02
4.720530124282973361e-03
3.429649216649011123e-03
-8.188278676733773409e-03
-1.206092119778112703e-02
-4.961076533826158652e-03
-1.733874352694897425e-03
-6.251957395576823728e-03
-4.429934695373560771e-04
1.698389905217467799e-02
1.311125617312924874e-02
-5.606516965466212810e-03
-8.833719100728387730e-03
2.784208765124418505e-03
-1.733874352694897425e-03
-5.606516965466212810e-03
5.365970580394119338e-03
1.052949428439120538e-02
-3.024755229734665818e-03
-8.833719100728387730e-03
-1.088433911881736549e-03
7.947732420147346488e-03
-1.088433911881736549e-03
2.024469743364676333e-04
1.569301808636680562e-02
2.784208765124418505e-03
-1.206092119778112703e-02
-1.088433911881736549e-03
1.117493475427977501e-02
-2.379314791980391419e-03
-3.024755229734665818e-03
1.493327866670668413e-03
4.075089669699494266e-03
-3.670195665961273335e-03
-4.961076533826158652e-03
1.182037522569778787e-02
8.593172883912814086e-03
2.024469743364676333e-04
2.138768315132821840e-03
4.720530124282973361e-03
8.478874197379582256e-04
-4.315636100658437613e-03
1.182037522569778787e-02
1.892022051237596258e-02
-4.429934695373560771e-04
-5.606516965466212810e-03
6.656851497211846436e-03
8.478874197379582256e-04
-1.141548078142839984e-02
-1.335180202590535714e-02
1.117493475427977501e-02
1.569301808636680562e-02
-8.188278676733773409e-03
-1.206092119778112703e-02
9.238613349207724923e-03
1.246581569864702033e-02
-1.335180202590535714e-02
5.365970580394119338e-03
1.698389905217467799e-02
-3.670195665961273335e-03
-9.479159523197111525e-03
5.365970580394119338e-03
1.182037522569778787e-02
-2.379314791980391419e-03
-1.270636161260618735e-02
6.011411038036484911e-03
1.762933953737721993e-02
3.429649216649011123e-03
-7.542838251209715850e-03
-1.088433911881736549e-03
-8.833719100728387730e-03
-8.833719100728387730e-03
3.429649216649011123e-03
1.052949428439120538e-02
5.365970580394119338e-03
7.302291957913098486e-03
1.117493475427977501e-02
7.947732420147346488e-03
-6.251957395576823728e-03
-7.542838251209715850e-03
7.302291957913098486e-03
5.365970580394119338e-03
-1.399724243767330734e-02
-9.479159523197111525e-03
1.311125617312924874e-02
-1.733874352694897425e-03
-1.593356366381648570e-02
-3.670195665961273335e-03
3.429649216649011123e-03
2.138768315132821840e-03
-3.670195665961273335e-03
-1.733874352694897425e-03
-3.670195665961273335e-03
-1.206092119778112703e-02
-1.733874352694897425e-03
2.214742297668159665e-02
1.569301808636680562e-02
-7.542838251209715850e-03
-7.542838251209715850e-03
9.238613349207724923e-03
6.011411038036484911e-03
-1.916076567683866472e-02
-1.270636161260618735e-02
1.504757760575969883e-02
9.884053816033855355e-03
-2.379314791980391419e-03
8.593172883912814086e-03
6.011411038036484911e-03
-1.012459994413461573e-02
-1.077004036354622940e-02
6.011411038036484911e-03
1.246581569864702033e-02
8.478874197379582256e-04
-1.733874352694897425e-03
2.138768315132821840e-03
4.075089669699494266e-03
-9.479159523197111525e-03
-7.542838251209715850e-03
9.238613349207724923e-03
7.302291957913098486e-03
8.478874197379582256e-04
4.720530124282973361e-03
9.238613349207724923e-03
-4.429934695373560771e-04
-4.315636100658437613e-03
9.238613349207724923e-03
9.238613349207724923e-03
7.302291957913098486e-03
7.302291957913098486e-03
-1.733874352694897425e-03
-4.429934695373560771e-04
-6.251957395576823728e-03
-4.961076533826158652e-03
3.429649216649011123e-03
-3.670195665961273335e-03
-3.024755229734665818e-03
1.052949428439120538e-02
3.429649216649011123e-03
-1.335180202590535714e-02
-1.464268284791536701e-02
2.784208765124418505e-03
1.052949428439120538e-02
-7.542838251209715850e-03
-1.206092119778112703e-02
5.365970580394119338e-03
7.302291957913098486e-03
2.024469743364676333e-04
9.238613349207724923e-03
1.246581569864702033e-02
7.947732420147346488e-03
-4.315636100658437613e-03
-4.429934695373560771e-04
5.365970580394119338e-03
-5.606516965466212810e-03
-9.479159523197111525e-03
8.593172883912814086e-03
1.311125617312924874e-02
-4.961076533826158652e-03
-9.479159523197111525e-03
2.138768315132821840e-03
8.593172883912814086e-03
-4.961076533826158652e-03
-1.077004036354622940e-02
1.117493475427977501e-02
1.052949428439120538e-02
-6.251957395576823728e-03
5.365970580394119338e-03
8.593172883912814086e-03
-2.379314791980391419e-03
-6.897397824157991408e-03
1.493327866670668413e-03
7.302291957913098486e-03
-6.251957395576823728e-03
-1.657900406947554472e-02
1.493327866670668413e-03
1.311125617312924874e-02
-3.024755229734665818e-03
-6.897397824157991408e-03
-4.429934695373560771e-04
7.302291957913098486e-03
-4.429934695373560771e-04
-4.961076533826158652e-03
2.784208765124418505e-03
9.238613349207724923e-03
4.720530124282973361e-03
-4.429934695373560771e-04
6.656851497211846436e-03
6.011411038036484911e-03
-2.379314791980391419e-03
3.429649216649011123e-03
6.656851497211846436e-03
-1.335180202590535714e-02
-7.542838251209715850e-03
1.633845856850513201e-02
8.593172883912814086e-03
-5.606516965466212810e-03
1.493327866670668413e-03
8.593172883912814086e-03
8.478874197379582256e-04
-1.335180202590535714e-02
-1.012459994413461573e-02
4.720530124282973361e-03
2.784208765124418505e-03
-1.077004036354622940e-02
-1.733874352694897425e-03
3.429649216649011123e-03
-9.479159523197111525e-03
-1.012459994413461573e-02
4.720530124282973361e-03
2.138768315132821840e-03
-5.606516965466212810e-03
-1.733874352694897425e-03
5.365970580394119338e-03
2.138768315132821840e-03
-3.024755229734665818e-03
-1.088433911881736549e-03
1.052949428439120538e-02
1.182037522569778787e-02
2.138768315132821840e-03
3.429649216649011123e-03
1.633845856850513201e-02
2.024469743364676333e-04
-7.542838251209715850e-03
8.593172883912814086e-03
1.052949428439120538e-02
2.138768315132821840e-03
-1.733874352694897425e-03
1.493327866670668413e-03
2.138768315132821840e-03
-3.024755229734665818e-03
-1.733874352694897425e-03
9.238613349207724923e-03
7.302291957913098486e-03
-3.670195665961273335e-03
1.052949428439120538e-02
2.214742297668159665e-02
8.478874197379582256e-04
-6.251957395576823728e-03
6.011411038036484911e-03
6.656851497211846436e-03
-1.270636161260618735e-02
-5.606516965466212810e-03
1.493327866670668413e-03
-7.542838251209715850e-03
-1.088433911881736549e-03
-6.897397824157991408e-03
4.075089669699494266e-03
-1.088433911881736549e-03
-9.479159523197111525e-03
-2.379314791980391419e-03
1.052949428439120538e-02
7.947732420147346488e-03
-6.897397824157991408e-03
-1.464268284791536701e-02
-1.733874352694897425e-03
-2.379314791980391419e-03
-1.722444447360693687e-02
-2.379314791980391419e-03
1.052949428439120538e-02
-2.379314791980391419e-03
-9.479159523197111525e-03
7.947732420147346488e-03
6.011411038036484911e-03
4.075089669699494266e-03
2.138768315132821840e-03
-2.379314791980391419e-03
-3.024755229734665818e-03
-1.399724243767330734e-02
-2.432428881825998701e-02
-3.271501371471785546e-02
-6.692335101100077566e-02
-9.790448298785747738e-02
-1.062952056296015968e-01
-1.243675304494189504e-01
-1.450216145044667115e-01
-1.476033749024718844e-01
-1.392126535205271409e-01
-1.482488149981957548e-01
-1.579304162527801481e-01
-1.392126535205271409e-01
-1.153313681879915009e-01
-1.172676886975771993e-01
-1.230766501445330618e-01
-1.121041673083826851e-01
-9.984080362024272404e-02
-9.854992320016897622e-02
-1.088769663908859542e-01
-1.056497654354906501e-01
-1.004862438280049730e-01
-1.192040091935258062e-01
-1.321128121515986464e-01
-1.204948895165856015e-01
-1.101678467624314095e-01
-1.204948895165856015e-01
-1.250129705995934870e-01
-1.069406458221973111e-01
-1.108132869459321768e-01
-1.263038508953968631e-01
-1.275947311851481913e-01
-1.056497654354906501e-01
-1.004862438280049730e-01
-1.146859280151009131e-01
-1.069406458221973111e-01
-9.725904277402719345e-02
-1.159768083593686328e-01
-1.237220902977345105e-01
-1.230766501445330618e-01
-1.217857698335862437e-01
-1.159768083593686328e-01
-1.211403296758444270e-01
-1.282401713277518951e-01
-1.230766501445330618e-01
-1.198494493558133200e-01
-1.269492910410292552e-01
-1.211403296758444270e-01
-1.211403296758444270e-01
-1.179131288644068576e-01
-1.185585690297248362e-01
-1.127496074873359788e-01
-1.140404878406950928e-01
-1.314673720180721261e-01
-1.250129705995934870e-01
-1.185585690297248362e-01
-1.250129705995934870e-01
-1.282401713277518951e-01
-1.269492910410292552e-01
-1.217857698335862437e-01
-1.172676886975771993e-01
-1.334036924141077662e-01
-1.372763331653334973e-01
-1.334036924141077662e-01
-1.321128121515986464e-01
-1.282401713277518951e-01
-1.179131288644068576e-01
-1.146859280151009131e-01
-1.334036924141077662e-01
-1.275947311851481913e-01
-1.133950476647722638e-01
-1.211403296758444270e-01
-1.237220902977345105e-01
-1.121041673083826851e-01
-1.024225644421878911e-01
-1.088769663908859542e-01
-1.133950476647722638e-01
-1.095224065774171862e-01
-1.121041673083826851e-01
-1.250129705995934870e-01
-1.288856114688421428e-01
-1.133950476647722638e-01
-1.159768083593686328e-01
-1.269492910410292552e-01
-1.243675304494189504e-01
-1.334036924141077662e-01
-1.282401713277518951e-01
-1.301764917464840465e-01
-1.217857698335862437e-01
-1.037134448440593104e-01
-1.263038508953968631e-01
-1.463124947064908810e-01
-1.405035337497633208e-01
-1.366308930439110725e-01
-1.385672134036415315e-01
-1.501851352763008407e-01
-1.411489738621121148e-01
-1.314673720180721261e-01
-1.411489738621121148e-01
-1.430852941900919717e-01
-1.366308930439110725e-01
-1.263038508953968631e-01
-1.430852941900919717e-01
-1.392126535205271409e-01
-1.237220902977345105e-01
-1.359854529209751917e-01
-1.450216145044667115e-01
-1.411489738621121148e-01
-1.385672134036415315e-01
-1.456670546062337479e-01
-1.327582522836099344e-01
-1.088769663908859542e-01
-1.179131288644068576e-01
-1.327582522836099344e-01
-1.314673720180721261e-01
-1.256584107482527912e-01
-1.159768083593686328e-01
-1.353400127965276312e-01
-1.430852941900919717e-01
-1.088769663908859542e-01
-1.056497654354906501e-01
-1.314673720180721261e-01
-1.321128121515986464e-01
-1.179131288644068576e-01
-1.185585690297248362e-01
-1.308219318830357025e-01
-1.295310516084207109e-01
-1.121041673083826851e-01
-1.172676886975771993e-01
-1.295310516084207109e-01
-1.282401713277518951e-01
-1.230766501445330618e-01
-1.204948895165856015e-01
-1.230766501445330618e-01
-1.198494493558133200e-01
-1.198494493558133200e-01
-1.224312099898181572e-01
-1.159768083593686328e-01
-1.030680046438821051e-01
-1.062952056296015968e-01
-1.282401713277518951e-01
-1.224312099898181572e-01
-1.088769663908859542e-01
-1.146859280151009131e-01
-1.346945726705666146e-01
-1.346945726705666146e-01
-1.256584107482527912e-01
-1.417944139729510056e-01
-1.527668956259589095e-01
-1.379217732852424660e-01
-1.243675304494189504e-01
-1.308219318830357025e-01
-1.327582522836099344e-01
-1.217857698335862437e-01
-1.217857698335862437e-01
-1.308219318830357025e-01
-1.411489738621121148e-01
-1.366308930439110725e-01
-1.275947311851481913e-01
-1.334036924141077662e-01
-1.353400127965276312e-01
-1.211403296758444270e-01
-1.372763331653334973e-01
-1.618030566594832464e-01
-1.521214555408114677e-01
-1.353400127965276312e-01
-1.295310516084207109e-01
-1.495396951851102330e-01
-1.392126535205271409e-01
-1.295310516084207109e-01
-1.508305753659815451e-01
-1.566395361051338142e-01
-1.385672134036415315e-01
-1.250129705995934870e-01
-1.527668956259589095e-01
-1.592212963943850923e-01
-1.359854529209751917e-01
-1.385672134036415315e-01
-1.540577757917258594e-01
-1.456670546062337479e-01
-1.308219318830357025e-01
-1.346945726705666146e-01
-1.443761744011862191e-01
-1.476033749024718844e-01
-1.372763331653334973e-01
-1.366308930439110725e-01
-1.411489738621121148e-01
-1.301764917464840465e-01
-1.263038508953968631e-01
-1.308219318830357025e-01
-1.340491325430939185e-01
-1.172676886975771993e-01
-1.114587271279159353e-01
-1.217857698335862437e-01
-1.269492910410292552e-01
-1.243675304494189504e-01
-1.288856114688421428e-01
-1.372763331653334973e-01
-1.353400127965276312e-01
-1.172676886975771993e-01
-1.179131288644068576e-01
-1.405035337497633208e-01
-1.308219318830357025e-01
-1.179131288644068576e-01
-1.275947311851481913e-01
-1.443761744011862191e-01
-1.353400127965276312e-01
-1.256584107482527912e-01
-1.353400127965276312e-01
-1.346945726705666146e-01
-1.295310516084207109e-01
-1.346945726705666146e-01
-1.430852941900919717e-01
-1.392126535205271409e-01
-1.256584107482527912e-01
-1.250129705995934870e-01
-1.334036924141077662e-01
-1.398580936359010707e-01
-1.334036924141077662e-01
-1.295310516084207109e-01
-1.392126535205271409e-01
-1.308219318830357025e-01
-1.275947311851481913e-01
-1.288856114688421428e-01
-1.269492910410292552e-01
-1.392126535205271409e-01
-1.450216145044667115e-01
-1.618030566594832464e-01
-1.876206579831407595e-01
-1.998840177674274798e-01
-2.166654565922172537e-01
-2.211835361022291835e-01
-2.411921730480930393e-01
-2.663643271595272921e-01
-2.689460864268227169e-01
-2.850820813053793756e-01
-2.876638403992775039e-01
-2.689460864268227169e-01
-2.411921730480930393e-01
-2.263470554521376243e-01
-2.192472163212375591e-01
-2.147291367796793082e-01
-2.089201772609090568e-01
-1.992385777923253443e-01
-1.843934579495680737e-01
-1.656756970118493655e-01
-1.682574572165851379e-01
-1.740664175890032084e-01
-1.740664175890032084e-01
-1.805208178595680835e-01
-1.843934579495680737e-01
-1.734209775536559306e-01
-1.669665771172361701e-01
-1.643848169004300530e-01
-1.676120171676647175e-01
-1.721300974784369942e-01
-1.611576165954708983e-01
-1.540577757917258594e-01
-1.572849761797119328e-01
-1.488942550924097219e-01
-1.340491325430939185e-01
-1.456670546062337479e-01
-1.598667364629235976e-01
-1.540577757917258594e-01
-1.534123357095982243e-01
-1.598667364629235976e-01
-1.521214555408114677e-01
-1.430852941900919717e-01
-1.359854529209751917e-01
-1.514760154541523463e-01
-1.637393768424555418e-01
-1.547032158723418149e-01
-1.534123357095982243e-01
-1.663211370652977195e-01
-1.579304162527801481e-01
-1.514760154541523463e-01
-1.566395361051338142e-01
-1.689028972639974313e-01
-1.695483373099015978e-01
-1.514760154541523463e-01
-1.463124947064908810e-01
-1.527668956259589095e-01
-1.488942550924097219e-01
-1.417944139729510056e-01
-1.637393768424555418e-01
-2.011748977131162519e-01
-2.031112176203677677e-01
-2.056929774756461882e-01
-2.360286539742908474e-01
-2.618462483841579314e-01
-2.818548824043993761e-01
-2.831457619692727690e-01
-2.883092801690168017e-01
-2.773368038802654922e-01
-2.282833751835813274e-01
-2.063384174357061340e-01
-2.024657776527885034e-01
-1.895569779852106507e-01
-1.734209775536559306e-01
-1.837480179383348400e-01
-1.934296179486967304e-01
-1.811662578783348465e-01
-1.643848169004300530e-01
-1.669665771172361701e-01
-1.734209775536559306e-01
-1.598667364629235976e-01
-1.501851352763008407e-01
-1.643848169004300530e-01
-1.734209775536559306e-01
-1.559940960290457923e-01
-1.476033749024718844e-01
-1.624484967219839149e-01
-1.669665771172361701e-01
-1.508305753659815451e-01
-1.553486559514496435e-01
-1.818116978955952590e-01
-1.998840177674274798e-01
-2.186017763912353473e-01
-2.437739325490078102e-01
-2.670097669785942429e-01
-2.618462483841579314e-01
-2.405467331691149013e-01
-2.386104135231903456e-01
-2.328014545044183592e-01
-2.056929774756461882e-01
-1.921387379668910711e-01
-1.998840177674274798e-01
-1.966568178768728359e-01
-1.798753778392931935e-01
-1.882660979853358896e-01
-2.121473770085895438e-01
-2.224744159487155315e-01
-2.198926562497369730e-01
-2.089201772609090568e-01
-2.095656172134514605e-01
-2.069838573942615056e-01
-1.934296179486967304e-01
-1.940750579373435869e-01
-2.102110571644892900e-01
-1.953659379101182481e-01
-1.760027376859998327e-01
-1.805208178595680835e-01
-1.902024179828902817e-01
-1.772936177431283511e-01
-1.559940960290457923e-01
-1.721300974784369942e-01
-1.811662578783348465e-01
-1.818116978955952590e-01
-1.618030566594832464e-01
-1.643848169004300530e-01
-1.902024179828902817e-01
-1.701937773542976373e-01
-1.605121765299521996e-01
-1.727755375168005259e-01
-1.637393768424555418e-01
-1.605121765299521996e-01
-1.624484967219839149e-01
-1.637393768424555418e-01
-1.572849761797119328e-01
-1.443761744011862191e-01
-1.572849761797119328e-01
-1.727755375168005259e-01
-1.663211370652977195e-01
-1.482488149981957548e-01
-1.585758563243366837e-01
-1.766481777153163790e-01
-1.579304162527801481e-01
-1.501851352763008407e-01
-1.585758563243366837e-01
-1.656756970118493655e-01
-1.618030566594832464e-01
-1.527668956259589095e-01
-1.553486559514496435e-01
-1.637393768424555418e-01
-1.482488149981957548e-01
-1.392126535205271409e-01
-1.534123357095982243e-01
-1.598667364629235976e-01
-1.469579348052381107e-01
-1.437307342963940471e-01
-1.611576165954708983e-01
-1.624484967219839149e-01
-1.482488149981957548e-01
-1.501851352763008407e-01
-1.656756970118493655e-01
-1.650302569568946609e-01
-1.437307342963940471e-01
-1.559940960290457923e-01
-1.695483373099015978e-01
-1.585758563243366837e-01
-1.611576165954708983e-01
-1.734209775536559306e-01
-1.721300974784369942e-01
-1.443761744011862191e-01
-1.243675304494189504e-01
-1.295310516084207109e-01
-1.166222485292305322e-01
-9.984080362024272404e-02
-1.056497654354906501e-01
-1.127496074873359788e-01
-1.069406458221973111e-01
-8.693199914632643299e-02
-8.176847718670288145e-02
-9.661360255867990077e-02
-9.015920032173063703e-02
-7.660495512984333288e-02
-8.435023817866671436e-02
-8.886831985612353435e-02
-7.595951486589669344e-02
-6.885967186214259073e-02
-7.273231352336040345e-02
-7.854127591256343521e-02
-8.241391743697334960e-02
-6.756879129623527547e-02
-6.498703014617035478e-02
-7.983215642677876644e-02
-7.854127591256343521e-02
-6.240526897175868726e-02
-7.337775379490807381e-02
-7.337775379490807381e-02
-5.659630624030675961e-02
-5.401454498674773674e-02
-6.885967186214259073e-02
-6.434158985485005644e-02
-4.691470141380804648e-02
-5.272366435082886937e-02
-6.563247043596831531e-02
-6.046894807497338320e-02
-4.691470141380804648e-02
-5.272366435082886937e-02
-6.950511214281362982e-02
-6.111438837542415570e-02
-4.949646273438546018e-02
-6.111438837542415570e-02
-6.627791072424571439e-02
-5.401454498674773674e-02
-4.756014174623679480e-02
-5.982350777300204925e-02
-6.369614956200742029e-02
-4.885102240652550165e-02
-4.756014174623679480e-02
-5.853262716449059155e-02
-5.078734338553303473e-02
-3.916941730578216152e-02
-4.691470141380804648e-02
-6.111438837542415570e-02
-5.659630624030675961e-02
-4.046029800569606039e-02
-4.820558207714320531e-02
-5.982350777300204925e-02
-4.756014174623679480e-02
-3.981485765650027986e-02
-4.562382074437820734e-02
-5.143278370882065076e-02
-4.885102240652550165e-02
-3.658765588765611199e-02
-4.239661904413338789e-02
-4.497838040737711651e-02
-3.529677516944396132e-02
-3.077869260765453419e-02
-4.691470141380804648e-02
-4.433294006885191152e-02
-3.787853659976825327e-02
-4.175117869951172622e-02
-4.756014174623679480e-02
-4.497838040737711651e-02
-3.787853659976825327e-02
-4.433294006885191152e-02
-5.078734338553303473e-02
-4.885102240652550165e-02
-3.981485765650027986e-02
-3.852397695353637630e-02
-4.304205938723093539e-02
-3.852397695353637630e-02
-3.529677516944396132e-02
-3.529677516944396132e-02
-5.143278370882065076e-02
-3.981485765650027986e-02
-2.755149073203355670e-02
-4.304205938723093539e-02
-5.143278370882065076e-02
-3.852397695353637630e-02
-2.755149073203355670e-02
-3.787853659976825327e-02
-4.885102240652550165e-02
-3.787853659976825327e-02
-3.013325223558105392e-02
-4.046029800569606039e-02
-3.594221552931209374e-02
-2.755149073203355670e-02
-3.723309624447423971e-02
-4.820558207714320531e-02
-3.981485765650027986e-02
-2.238796765167805347e-02
-2.303340804206577275e-02
-3.787853659976825327e-02
-3.658765588765611199e-02
-3.529677516944396132e-02
-4.304205938723093539e-02
-4.368749972880259236e-02
-3.271501371471785546e-02
-2.367884843092582514e-02
-3.206957334722204678e-02
-3.787853659976825327e-02
-1.980620607485938933e-02
-1.399724243767330734e-02
-2.561516958834886282e-02
-3.658765588765611199e-02
-2.819693111020882270e-02
-2.367884843092582514e-02
-2.948781186198345949e-02
-2.948781186198345949e-02
-1.980620607485938933e-02
-2.690605035233062381e-02
-4.046029800569606039e-02
-3.142413297820034757e-02
-1.270636161260618735e-02
-2.690605035233062381e-02
-4.497838040737711651e-02
-2.884237148685997454e-02
-1.786988487621066213e-02
-2.626060997110357675e-02
-2.948781186198345949e-02
-2.303340804206577275e-02
-1.980620607485938933e-02
-3.658765588765611199e-02
-3.916941730578216152e-02
-2.367884843092582514e-02
-2.238796765167805347e-02
-4.368749972880259236e-02
-4.175117869951172622e-02
-2.045164647135422342e-02
-1.657900406947554472e-02
-3.013325223558105392e-02
-2.819693111020882270e-02
-2.496972920406648200e-02
-3.723309624447423971e-02
-2.690605035233062381e-02
-2.238796765167805347e-02
-2.690605035233062381e-02
-2.109708686632316699e-02
-2.884237148685997454e-02
-2.884237148685997454e-02
-1.593356366381648570e-02
-1.657900406947554472e-02
-2.626060997110357675e-02
-2.432428881825998701e-02
-1.399724243767330734e-02
-2.303340804206577275e-02
-3.594221552931209374e-02
-1.851532527728849686e-02
-7.542838251209715850e-03
-2.238796765167805347e-02
-2.948781186198345949e-02
-2.238796765167805347e-02
-1.851532527728849686e-02
-2.496972920406648200e-02
-2.755149073203355670e-02
-1.916076567683866472e-02
-1.722444447360693687e-02
-2.561516958834886282e-02
-2.561516958834886282e-02
-1.851532527728849686e-02
-2.045164647135422342e-02
-3.142413297820034757e-02
-2.626060997110357675e-02
-1.335180202590535714e-02
-1.206092119778112703e-02
-2.690605035233062381e-02
-2.367884843092582514e-02
-1.399724243767330734e-02
-2.561516958834886282e-02
-3.400589444513002491e-02
-1.786988487621066213e-02
-1.270636161260618735e-02
-2.238796765167805347e-02
-2.303340804206577275e-02
-1.722444447360693687e-02
-8.833719100728387730e-03
-2.884237148685997454e-02
-3.723309624447423971e-02
-2.045164647135422342e-02
-2.109708686632316699e-02
-3.142413297820034757e-02
-2.367884843092582514e-02
-1.077004036354622940e-02
-1.722444447360693687e-02
-3.142413297820034757e-02
-2.561516958834886282e-02
-1.141548078142839984e-02
-1.786988487621066213e-02
-3.465133480804993837e-02
-3.013325223558105392e-02
-1.722444447360693687e-02
-2.561516958834886282e-02
-2.755149073203355670e-02
-1.916076567683866472e-02
-1.528812325662975979e-02
-2.496972920406648200e-02
-3.077869260765453419e-02
-3.077869260765453419e-02
-6.897397824157991408e-03
-1.335180202590535714e-02
-3.723309624447423971e-02
-2.238796765167805347e-02
-2.045164647135422342e-02
-3.271501371471785546e-02
-2.755149073203355670e-02
-1.141548078142839984e-02
-1.851532527728849686e-02
-3.271501371471785546e-02
-1.593356366381648570e-02
-4.315636100658437613e-03
-1.851532527728849686e-02
-3.658765588765611199e-02
-2.755149073203355670e-02
-1.464268284791536701e-02
-2.819693111020882270e-02
-3.077869260765453419e-02
-1.786988487621066213e-02
-2.045164647135422342e-02
-2.819693111020882270e-02
-2.561516958834886282e-02
-1.270636161260618735e-02
-9.479159523197111525e-03
-1.916076567683866472e-02
-1.851532527728849686e-02
-8.188278676733773409e-03
-8.833719100728387730e-03
-1.335180202590535714e-02
-3.024755229734665818e-03
-3.670195665961273335e-03
-2.238796765167805347e-02
-3.336045408068599727e-02
-2.109708686632316699e-02
-8.833719100728387730e-03
-8.833719100728387730e-03
-1.980620607485938933e-02
-1.722444447360693687e-02
-1.270636161260618735e-02
-2.109708686632316699e-02
-2.496972920406648200e-02
-1.335180202590535714e-02
-1.077004036354622940e-02
-2.303340804206577275e-02
-3.529677516944396132e-02
-1.786988487621066213e-02
-4.315636100658437613e-03
-2.819693111020882270e-02
-3.594221552931209374e-02
-1.722444447360693687e-02
-1.851532527728849686e-02
-2.690605035233062381e-02
-2.045164647135422342e-02
-4.961076533826158652e-03
-9.479159523197111525e-03
-2.755149073203355670e-02
-1.980620607485938933e-02
-3.670195665961273335e-03
-1.206092119778112703e-02
-3.142413297820034757e-02
-2.819693111020882270e-02
-1.012459994413461573e-02
-1.733874352694897425e-03
-2.690605035233062381e-02
-1.399724243767330734e-02
-4.961076533826158652e-03
-1.722444447360693687e-02
-1.399724243767330734e-02
-4.961076533826158652e-03
-1.141548078142839984e-02
-2.884237148685997454e-02
-2.884237148685997454e-02
-1.722444447360693687e-02
-2.045164647135422342e-02
-3.077869260765453419e-02
-3.077869260765453419e-02
-1.206092119778112703e-02
-1.141548078142839984e-02
-3.142413297820034757e-02
-1.722444447360693687e-02
-1.206092119778112703e-02
-2.690605035233062381e-02
-2.755149073203355670e-02
-2.367884843092582514e-02
-6.251957395576823728e-03
-1.399724243767330734e-02
-2.884237148685997454e-02
-1.916076567683866472e-02
-6.251957395576823728e-03
-1.141548078142839984e-02
-1.528812325662975979e-02
-1.012459994413461573e-02
-1.270636161260618735e-02
-2.367884843092582514e-02
-2.174252725976444367e-02
-8.188278676733773409e-03
-4.961076533826158652e-03
-3.013325223558105392e-02
-2.561516958834886282e-02
-7.542838251209715850e-03
-1.270636161260618735e-02
-2.109708686632316699e-02
-1.335180202590535714e-02
-2.379314791980391419e-03
-8.188278676733773409e-03
-2.367884843092582514e-02
-1.335180202590535714e-02
8.478874197379582256e-04
-1.593356366381648570e-02
-2.303340804206577275e-02
-1.270636161260618735e-02
-8.188278676733773409e-03
-1.335180202590535714e-02
-2.238796765167805347e-02
-1.012459994413461573e-02
-1.733874352694897425e-03
-1.464268284791536701e-02
-2.045164647135422342e-02
-9.479159523197111525e-03
-1.077004036354622940e-02
-2.561516958834886282e-02
-2.303340804206577275e-02
-8.833719100728387730e-03
